7.01698
6.58324
6.20141
5.87177
5.58211
5.33903
5.12915
4.91445
4.67812
4.48828
4.30565
4.13703
3.95139
3.79199
3.63028
3.50308
3.41872
3.34799
3.29076
3.24685
3.20004
3.14845
3.09531
3.04985
2.99852
2.94221
2.88899
2.81759
2.73008
2.62753
2.51389
2.4244
2.37705
2.33682
2.2944
2.25002
2.20178
2.15095
2.10068
2.06594
2.04297
2.01885
1.9691
1.89339
1.82121
1.75784
1.75239
1.74504
1.73324
1.71889
1.70926
1.69085
1.67045
1.64846
1.62533
1.60113
1.58698
1.58347
1.57993
1.57888
1.57667
1.57195
1.56363
1.55258
1.53489
1.52082
1.50767
1.49531
1.49407
1.49353
1.49216
1.48882
1.48317
1.47381
1.45821
1.44045
1.43084
1.4273
1.42409
1.42123
1.41853
1.413
1.40555
1.39521
1.38513
1.37965
1.37167
1.36305
1.35693
1.34977
1.34172
1.33282
1.31647
1.30256
1.2783
1.25337
1.22369
1.18715
1.16609
1.15533
1.14432
1.13122
1.1061
1.07886
1.05747
1.03179
1.01668
1.01549
1.01362
1.00994
1.00348
0.999613
0.998204
0.998007
0.997749
0.997129
0.995634
0.992685
0.987832
0.981996
0.979731
0.979221
0.978274
0.976642
0.974106
0.972829
0.972829
0.972829
0.972829
0.972829
0.972829
0.972829
0.972829
0.972829
0.972829
0.972829
0.972829
0.972829
0.972829
0.972829
0.972829
0.972829
0.972829
0.972829
0.972829
0.972829
0.972829
0.972829
0.972829
0.972834
0.972829
0.972829
0.972829
0.972829
0.972829
0.972829
0.972829
0.972829
0.972829
0.972829
0.972829
0.972829
0.972829
0.972829
0.972829
0.972829
0.972829
0.972829
0.972829
0.972829
0.972829
0.972829
0.972829
0.972829
0.972829
0.972829
0.972829
0.972829
0.972829
0.972829
0.972829
0.972829
0.972829
0.972829
0.972829
0.972829
0.972829
0.972829
0.972829
0.972829
0.972829
0.972829
0.972829
0.972829
0.972829
0.972829
0.972829
0.972829
0.972829
0.972829
0.972829
0.972829
0.972829
0.972829
0.972829
0.972829
0.972829
0.972829
0.972829
0.972829
0.972829
0.972829
0.972829
0.972829
0.972829
0.972829
0.972829
0.972829
0.972829
0.972829
0.972829
0.972829
0.972829
0.972829
0.972829
0.972829
0.972829
0.972829
0.972829
0.972829
0.972829
0.972829
0.972829
0.972829
0.972829
0.972829
0.972829
0.972829
0.972829
0.972829
0.972829
0.972829
0.972829
0.972829
0.972829
0.972829
0.972829
0.972829
0.972829
0.972829
0.972829
0.972829
0.972829
0.972829
0.972829
0.972829
0.972829
0.972829
0.972829
0.972829
0.972829
0.972829
0.972829
0.972829
0.972829
0.972829
0.972829
0.972829
0.972829
0.972829
0.972829
0.972829
0.972829
0.972829
0.972829
0.972829
0.972829
0.972829
0.972829
0.972829
0.972829
0.972829
0.972829
0.972829
0.972829
0.972829
0.972829
0.972829
0.972829
0.972829
0.972829
0.972829
0.972829
0.972829
0.972829
0.972829
0.972829
0.972829
0.972829
0.972633
0.972633
0.972633
0.972633
0.972633
0.972633
0.972633
0.972633
0.972633
0.972633
0.972633
0.972633
0.972633
0.972633
0.972633
0.972633
0.972633
0.972633
0.972633
0.972633
0.972633
0.972633
0.972633
0.972633
0.972633
0.972633
0.972633
0.972633
0.972633
0.972633
0.972633
0.972633
0.972633
0.972633
0.972633
0.972633
0.972633
0.972633
0.972633
0.972633
0.972633
0.972633
0.972633
0.972633
0.972633
0.972633
0.972633
0.972633
0.972633
0.972633
0.972633
0.972633
0.972633
0.972633
0.972633
0.972633
0.972633
0.972633
0.972633
0.972633
0.972633
0.972633
0.972633
0.972633
0.972633
0.972633
0.972633
0.972633
0.972633
0.972633
0.972633
0.972633
0.972633
0.972633
0.972633
0.972633
0.972633
0.972633
0.972633
0.972633
0.972633
0.972633
0.972633
0.972633
0.972633
0.972633
0.972633
0.972633
0.972633
0.972633
0.972633
0.972633
0.972633
0.972633
0.972633
0.972633
0.972633
0.972633
0.972633
0.972633
0.972633
0.972633
0.972633
0.972633
0.972633
0.972633
0.972633
0.972633
0.972633
0.972633
0.972633
0.972633
0.972633
0.972633
0.972633
0.972633
0.972633
0.972633
0.972633
0.972633
0.972633
0.972633
0.972633
0.972633
0.972633
0.972633
0.972633
0.972633
0.972633
0.972633
0.972633
0.972633
0.972633
0.972633
0.972633
0.972633
0.972633
0.972633
0.972633
0.972633
0.972633
0.972633
0.972633
0.972633
0.972633
0.972633
0.972633
0.972633
0.972633
0.972633
0.972633
0.972633
0.972633
0.972633
0.972633
0.972633
0.972633
0.972633
0.972633
0.972633
0.972633
0.972633
0.972633
0.972633
0.972633
0.972633
0.972633
0.972633
0.972633
0.972633
0.972633
0.972633
0.972633
0.972633
0.972633
0.972633
0.972633
0.972633
0.972633
0.972633
0.972633
0.972633
0.972633
0.972633
0.972633
0.972633
0.972633
0.972633
0.972633
0.972633
0.972633
0.972633
0.972633
0.972633
0.972633
0.972633
0.972633
0.972633
0.972633
0.972633
0.972633
0.972633
0.972633
0.972633
0.972633
0.972633
0.972633
0.972633
0.972633
0.972633
0.972633
0.972633
0.972633
0.972633
0.972633
0.972633
0.972633
0.972633
0.972633
0.972633
0.972633
0.972633
0.972633
0.972633
0.972633
0.972633
0.972633
0.972633
0.972633
0.972633
0.972633
0.972633
0.972633
0.972633
0.972633
0.972633
0.972633
0.972633
0.972633
0.972633
0.972633
0.972633
0.972633
0.972633
0.972633
0.972633
0.972633
0.972633
0.972633
0.972633
0.972633
0.972633
0.972633
0.972633
0.972633
0.972633
0.972633
0.972633
0.972633
0.972602
0.972602
0.972602
0.972602
0.972602
0.972602
0.972602
0.972602
0.972602
0.972602
0.972602
0.972602
0.972602
0.972602
0.972602
0.972602
0.972602
0.972602
0.972602
0.972602
0.972602
0.972602
0.972602
0.972602
0.972602
0.972602
0.972602
0.972602
0.972602
0.972602
0.972602
0.972602
0.972602
0.972602
0.972602
0.972602
0.972602
0.972602
0.972602
0.972602
0.972602
0.972602
0.972602
0.972602
0.972602
0.972602
0.972602
0.972602
0.972602
0.972602
0.972602
0.972602
0.972602
0.972602
0.972602
0.972602
0.972602
0.972602
0.972602
0.972602
0.972602
0.972602
0.972602
0.972602
0.972602
0.972602
0.972602
0.972602
0.972602
0.972602
0.972602
0.972602
0.972602
0.972602
0.972602
0.972602
0.972602
0.972602
0.972602
0.972602
0.972602
0.972602
0.972602
0.972602
0.972602
0.972602
0.972602
0.972602
0.972602
0.972602
0.972602
0.972602
0.972602
0.972602
0.972602
0.972602
0.972602
0.972602
0.972602
0.972602
0.972602
0.972602
0.972602
0.972602
0.972602
0.972602
0.972602
0.972602
0.972602
0.972602
0.972602
0.972602
0.972602
0.972602
0.972602
0.972602
0.972602
0.972602
0.972602
0.972602
0.972602
0.972602
0.972602
0.972602
0.972602
0.972602
0.972602
0.972602
0.972602
0.972602
0.972602
0.972602
0.972602
0.972602
0.972602
0.972602
0.972602
0.972602
0.972602
0.972602
0.972602
0.972602
0.972602
0.972602
0.972602
0.972602
0.972602
0.972602
0.972602
0.972602
0.972602
0.972602
0.972602
0.972602
0.972602
0.972602
0.972602
0.972602
0.972602
0.972602
0.972602
0.972602
0.972602
0.972602
0.972602
0.972602
0.972602
0.972602
0.972602
0.972602
0.972602
0.972602
0.972602
0.972602
0.972602
0.972602
0.972602
0.972602
0.972602
0.972602
0.972602
0.972602
0.972602
0.972602
0.972602
0.972602
0.972602
0.972602
0.972602
0.972602
0.972602
0.972602
0.972602
0.972602
0.972602
0.972602
0.972602
0.972602
0.972602
0.972602
0.972602
0.972602
0.972602
0.972602
0.972602
0.972602
0.972602
0.972602
0.972602
0.972602
0.972602
0.972602
0.972602
0.972602
0.972602
0.972602
0.972602
0.972602
0.972602
0.972602
0.972602
0.972602
0.972602
0.972602
0.972602
0.972602
0.972602
0.972602
0.972602
0.972602
0.972602
0.972602
0.972602
0.972602
0.972602
0.972602
0.972602
0.972602
0.972602
0.972602
0.972602
0.972602
0.972602
0.972602
0.972602
0.972602
0.972602
0.972602
0.972602
0.972602
0.972602
0.972602
0.972602
0.972602
0.972602
0.972602
0.972602
0.972602
0.972602
0.972602
0.972602
0.972602
0.972602
0.972602
0.972602
0.972602
0.972602
0.972602
0.972602
0.972602
0.972602
0.972602
0.972602
0.972602
0.972602
0.972602
0.972602
0.972602
0.972602
0.972602
0.972602
0.972602
0.972602
0.972602
0.972602
0.972602
0.972602
0.972602
0.972602
0.972602
0.972602
0.972602
0.972602
0.972602
0.972602
0.972602
0.972602
0.972602
0.972602
0.972602
0.972602
0.972602
0.972602
0.972602
0.972602
0.972602
0.972602
0.972602
0.972602
0.972602
0.972602
0.972602
0.972602
0.972602
0.972602
0.972602
0.972602
0.972602
0.972602
0.972602
0.972602
0.972602
0.972602
0.972602
0.972602
0.972602
0.972602
0.972602
0.972442
0.972442
0.972442
0.972442
0.972442
0.972442
0.972442
0.972442
0.972442
0.972442
0.972442
0.972442
0.972442
0.972186
0.972186
0.972186
0.972186
0.972186
0.972186
0.972186
0.972186
0.972186
0.972186
0.972186
0.972186
0.972186
0.972186
0.972186
0.972186
0.972186
0.972186
0.972186
0.972186
0.972186
0.972186
0.972186
0.972186
0.972186
0.972186
0.972186
0.972186
0.972186
0.972186
0.972186
0.972186
0.972186
0.972186
0.972186
0.972186
0.972186
0.972186
0.972186
0.972186
0.972186
0.972186
0.972186
0.972186
0.972186
0.972186
0.972186
0.972186
0.972186
0.972186
0.972186
0.972186
0.972186
0.972186
0.972186
0.972186
0.972186
0.972186
0.972186
0.972186
0.972186
0.972186
0.972186
0.972186
0.972186
0.972186
0.972186
0.972015
0.972015
0.972015
0.972015
0.972015
0.972015
0.972015
0.972015
0.972015
0.972015
0.972015
0.972015
0.972015
0.972015
0.972015
0.972015
0.972015
0.972015
0.972015
0.972015
0.972015
0.972015
0.972015
0.972015
0.972015
0.972015
0.972015
0.972015
0.972015
0.972015
0.972015
0.972015
0.972015
0.972015
