4.85805
4.74817
4.54903
4.00363
4.00363
4.00363
3.77964
3.67235
3.50544
3.18262
3.18262
3.18262
3.02269
2.93467
2.93467
2.88081
2.88081
2.88081
2.84342
2.70617
2.70617
2.55638
2.55638
2.55638
2.46415
2.46415
2.32686
2.28772
2.28772
2.28772
2.22514
2.16701
2.16701
2.12722
2.06529
2.03428
2.03428
1.82369
1.82369
1.76111
1.76111
1.76111
1.72614
1.72363
1.70682
1.70258
1.62572
1.62572
1.62572
1.60051
1.59085
1.58119
1.58119
1.58119
1.57741
1.55893
1.55893
1.52798
1.49508
1.49508
1.49508
1.49471
1.4833
1.4833
1.4833
1.46943
1.46117
1.44162
1.44162
1.44162
1.43184
1.43184
1.38002
1.38002
1.38002
1.37468
1.37349
1.37133
1.35112
1.35112
1.35112
1.3103
1.3103
1.3103
1.30734
1.19985
1.19985
1.19985
1.17473
1.15738
1.15738
1.15738
1.15738
1.10942
1.10942
1.10942
1.08431
1.08431
1.08431
1.04718
1.04718
1.01738
1.01738
0.998328
0.998328
0.998328
0.998328
0.998328
0.998328
0.998328
0.998328
0.98011
0.98011
0.98011
0.98011
0.98011
0.98011
0.98011
0.972829
0.972829
0.972829
0.972829
0.972829
0.972829
0.972829
0.972829
0.972829
0.972829
0.972829
0.972829
0.972829
0.972829
0.972829
0.972829
0.972829
0.972829
0.972829
0.972829
0.972829
0.972829
0.972829
0.972829
0.972829
0.972829
0.972829
0.972829
0.972829
0.972829
0.972829
0.972829
0.972829
0.972829
0.972829
0.972829
0.972829
0.972829
0.972829
0.972829
0.972829
0.972829
0.972829
0.972829
0.972829
0.972829
0.972829
0.972829
0.972829
0.972829
0.972829
0.972829
0.972829
0.972829
0.972829
0.972829
0.972829
0.972829
0.972829
0.972829
0.972829
0.972829
0.972829
0.972829
0.972829
0.972829
0.972829
0.972829
0.972829
0.972829
0.972829
0.972829
0.972829
0.972829
0.972829
0.972829
0.972829
0.972829
0.972829
0.972829
0.972829
0.972829
0.972829
0.972829
0.972829
0.972829
0.972829
0.972829
0.972829
0.972829
0.972829
0.972829
0.972829
0.972829
0.972829
0.972829
0.972829
0.972829
0.972829
0.972829
0.972829
0.972829
0.972829
0.972829
0.972829
0.972829
0.972829
0.972829
0.972829
0.972829
0.972829
0.972829
0.972829
0.972829
0.972829
0.972829
0.972829
0.972829
0.972829
0.972829
0.972829
0.972829
0.972829
0.972829
0.972829
0.972829
0.972829
0.972829
0.972829
0.972829
0.972829
0.972829
0.972829
0.972829
0.972829
0.972829
0.972829
0.972829
0.972829
0.972829
0.972829
0.972829
0.972829
0.972829
0.972829
0.972829
0.972829
0.972829
0.972829
0.972829
0.972829
0.972829
0.972829
0.972829
0.972829
0.972829
0.972829
0.972829
0.972829
0.972829
0.972829
0.972829
0.972829
0.972829
0.972829
0.972829
0.972829
0.972829
0.972829
0.972829
0.972829
0.972829
0.972829
0.972829
0.972829
0.972829
0.972829
0.972829
0.972829
0.972829
0.972829
0.972829
0.972829
0.972829
0.972829
0.972829
0.972829
0.972829
0.972829
0.972829
0.972829
0.972829
0.972829
0.972829
0.972829
0.972829
0.972829
0.972829
0.972829
0.972829
0.972829
0.972829
0.972829
0.972829
0.972829
0.972829
0.972829
0.972829
0.972829
0.972829
0.972829
0.972829
0.972829
0.972829
0.972829
0.972829
0.972829
0.972829
0.972829
0.972829
0.972829
0.972829
0.972829
0.972829
0.972829
0.972829
0.972829
0.972829
0.972829
0.972829
0.972829
0.972829
0.972829
0.972829
0.972829
0.972829
0.972829
0.972829
0.972829
0.972829
0.972829
0.972829
0.972829
0.972829
0.972829
0.972829
0.972829
0.972829
0.972829
0.972829
0.972829
0.972829
0.972829
0.972829
0.972829
0.972829
0.972829
0.972829
0.972829
0.972829
0.972829
0.972829
0.972829
0.972829
0.972829
0.972829
0.972829
0.972829
0.972829
0.972829
0.972829
0.972829
0.972829
0.972829
0.972829
0.972829
0.972829
0.972829
0.972829
0.972829
0.972829
0.972829
0.972829
0.972829
0.972829
0.972829
0.972829
0.972829
0.972829
0.972829
0.972829
0.972829
0.972829
0.972829
0.972829
0.972829
0.972829
0.972829
0.972829
0.972829
0.972829
0.972829
0.972829
0.972829
0.972829
0.972829
0.972829
0.972829
0.972829
0.972829
0.972829
0.972829
0.972829
0.972829
0.972829
0.972829
0.972829
0.972829
0.972829
0.972829
0.972829
0.972829
0.972829
0.972829
0.972829
0.972829
0.972829
0.972829
0.972829
0.972829
0.972829
0.972829
0.972829
0.972829
0.972829
0.972829
0.972829
0.972829
0.972829
0.972829
0.972829
0.972829
0.972829
0.972829
0.972829
0.972829
0.972829
0.972829
0.972829
0.972829
0.972829
0.972829
0.972829
0.972829
0.972829
0.972829
0.972829
0.972829
0.972829
0.972829
0.972829
0.972829
0.972829
0.972829
0.972829
0.972829
0.972829
0.972829
0.972829
0.972829
0.972829
0.972829
0.972829
0.972829
0.972829
0.972829
0.972829
0.972829
0.972829
0.972829
0.972829
0.972829
0.972829
0.972829
0.972829
0.972829
0.972829
0.972829
0.972829
0.972829
0.972829
0.972829
0.972829
0.972829
0.972829
0.972829
0.972829
0.972829
0.972829
0.972829
0.972829
0.972829
0.972829
0.972829
0.972829
0.972829
0.972829
0.972829
0.972829
0.972829
0.972829
0.972829
0.972829
0.972829
0.972829
0.972829
0.972829
0.972829
0.972829
0.972829
0.972829
0.972829
0.972829
0.972829
0.972829
0.972829
0.972829
0.972829
0.972829
0.972829
0.972829
0.972829
0.972829
0.972829
0.972829
0.972829
0.972829
0.972829
0.972829
0.972829
0.972829
0.972829
0.972829
0.972829
0.972829
0.972829
0.972829
0.972829
0.972829
0.972829
0.972829
0.972829
0.972829
0.972829
0.972829
0.972829
0.972829
0.972829
0.972829
0.972829
0.972829
0.972829
0.972829
0.972829
0.972829
0.972829
0.972829
0.972829
0.972829
0.972829
0.972829
0.972829
0.972829
0.972829
0.972829
0.972829
0.972829
0.972829
0.972829
0.972829
0.972829
0.972829
0.972829
0.972829
0.972829
0.972829
0.972829
0.972829
0.972829
0.972829
0.972829
0.972829
0.972829
0.972829
0.972829
0.972829
0.972829
0.972829
0.972829
0.972829
0.972829
0.972829
0.972829
0.972829
0.972829
0.972829
0.972829
0.972829
0.972829
0.972829
0.972829
0.972829
0.972829
0.972829
0.972829
0.972829
0.972829
0.972829
0.972829
0.972829
0.972829
0.972829
0.972829
0.972829
0.972829
0.972829
0.972829
0.972829
0.972829
0.972829
0.972829
0.972829
0.972829
0.972829
0.972829
0.972829
0.972829
0.972829
0.972829
0.972829
0.972829
0.972829
0.972829
0.972829
0.972829
0.972829
0.972829
0.972829
0.972829
0.972829
0.972829
0.972829
0.972829
0.972829
0.972829
0.972829
0.972829
0.972829
0.972829
0.972829
0.972829
0.972829
0.972829
0.972829
0.972829
0.972829
0.972829
0.972829
0.972829
0.972829
0.972829
0.972829
0.972829
0.972829
0.972829
0.972829
0.972829
0.972829
0.972829
0.972829
0.972829
0.972829
0.972829
0.972829
0.972829
0.972829
0.972829
0.972829
0.972829
0.972829
0.972829
0.972829
0.972829
0.972829
0.972829
0.972829
0.972829
0.972829
0.972829
0.972829
0.972829
0.972829
0.972829
0.972829
0.972829
0.972829
0.972829
0.972829
0.972829
0.972829
0.972829
0.972829
0.972829
0.972829
0.972829
0.972829
0.972829
0.972829
0.972829
0.972829
0.972829
0.972829
0.972829
0.972829
0.972829
0.972829
0.972829
0.972829
0.972829
0.972829
0.972829
0.972829
0.972829
0.972829
0.972829
0.972829
0.972829
0.972829
0.972829
0.972829
0.972829
0.972829
0.972829
0.972829
0.972829
0.972829
0.972829
0.972829
0.972829
0.972829
0.972829
0.972829
0.972829
0.972829
0.972829
0.972829
0.972829
0.972829
0.972829
0.972829
0.972829
0.972829
0.972829
0.972829
0.972829
0.972829
0.972829
0.972829
0.972829
0.972829
0.972829
0.972829
0.972829
0.972829
0.972829
0.972829
0.972829
0.972829
0.972829
0.972829
0.972829
0.972829
0.972829
0.972829
0.972829
0.972829
0.972829
0.972829
0.972829
0.972829
0.972829
0.972829
0.972829
0.972829
0.972829
0.972829
0.972829
0.972829
0.972829
0.972829
0.972829
0.972829
0.972829
0.972829
0.972829
0.972829
0.972829
0.972829
0.972829
0.972829
0.972829
0.972829
0.972829
0.972829
0.972829
0.972829
0.972829
0.972829
0.972829
0.972829
0.972829
0.972829
0.972829
0.972829
0.972829
0.972829
0.972829
0.972829
0.972829
0.972829
0.972829
0.972829
0.972829
0.972829
0.972829
0.972829
0.972829
0.972829
0.972829
0.972829
0.972829
0.972829
0.972829
0.972829
0.972829
0.972829
0.972829
0.972829
0.972829
0.972829
0.972829
0.972829
0.972829
0.972829
0.972829
0.972829
0.972829
0.972829
0.972829
0.972829
0.972829
0.972829
0.972829
0.972829
0.972829
0.972829
0.972829
0.972829
0.972829
0.972829
0.972829
0.972829
0.972829
0.972829
0.972829
0.972829
0.972829
0.972829
0.972829
0.972829
0.972829
0.972829
0.972829
0.972829
0.972829
0.972829
0.972829
0.972829
0.972829
0.972829
0.972829
0.972829
0.972829
0.972829
0.972829
0.972829
0.972829
0.972829
0.972829
0.972829
0.972829
0.972829
0.972829
0.972829
0.972829
0.972829
0.972829
0.972829
0.972829
0.972829
0.972829
0.972829
0.972829
0.972829
0.972829
0.972829
0.972829
0.972829
0.972829
0.972829
0.972829
0.972829
0.972829
0.972829
0.972829
0.972829
0.972829
0.972829
0.972829
0.972829
0.972829
0.972829
0.972829
0.972829
0.972829
0.972829
0.972829
0.972829
0.972829
0.972829
0.972829
0.972829
0.972829
0.972829
0.972829
0.972829
0.972829
0.972829
0.972829
0.972829
0.972829
0.972829
0.972829
0.972829
0.972829
0.972829
0.972829
0.972829
0.972829
0.972829
0.972829
0.972829
0.972829
0.972829
0.972829
0.972829
0.972829
0.972829
0.972829
0.972829
0.972829
0.972829
0.972829
0.972829
0.972829
0.972829
0.972829
0.972829
0.972829
0.972829
0.972829
0.972829
