6.98805
6.58272
6.2362
5.88019
5.60411
5.36217
5.17461
5.03567
4.88816
4.76588
4.62745
4.43248
4.24781
4.03294
3.87961
3.75262
3.65664
3.59396
3.54732
3.51875
3.492
3.45878
3.4235
3.36984
3.29486
3.21662
3.13555
3.04496
2.9669
2.90252
2.84051
2.76548
2.68969
2.64693
2.60191
2.54801
2.48865
2.43822
2.37602
2.3198
2.26358
2.18969
2.08217
1.96831
1.8346
1.72069
1.70761
1.68807
1.65171
1.60621
1.55539
1.50114
1.46698
1.43647
1.39482
1.35383
1.33503
1.32235
1.3028
1.27753
1.26296
1.25978
1.25717
1.2518
1.24324
1.23149
1.21984
1.21119
1.20513
1.20428
1.20369
1.20092
1.19543
1.18577
1.16928
1.15257
1.14493
1.14454
1.14436
1.1439
1.14364
1.14348
1.14328
1.14317
1.14282
1.14232
1.14092
1.13891
1.13665
1.13629
1.1356
1.13431
1.13246
1.1299
1.12957
1.12864
1.12713
1.1241
1.1199
1.11627
1.11479
1.11448
1.11389
1.11242
1.11055
1.10825
1.10785
1.10785
1.10785
1.10769
1.10767
1.10765
1.10763
1.10759
1.10718
1.10675
1.10638
1.10562
1.10466
1.10456
1.10457
1.10457
1.10451
1.10442
1.10437
1.10437
1.10437
1.104
1.10391
1.10369
1.10339
1.10315
1.1028
1.10239
1.10161
1.10136
1.1008
1.09972
1.09881
1.09699
1.09479
1.09332
1.09102
1.08827
1.08309
1.07659
1.06829
1.06127
1.05373
1.04521
1.0337
1.02215
1.00675
1.00157
0.998918
0.9939
0.987013
0.975218
0.95675
0.9362
0.927347
0.927347
0.927146
0.926837
0.926074
0.92366
0.919761
0.912262
0.899096
0.88557
0.882915
0.881198
0.880296
0.879385
0.878653
0.878176
0.877721
0.877427
0.877186
0.877031
0.876935
0.876935
0.876935
0.876935
0.876931
0.876931
0.876931
0.876931
0.876931
0.876931
0.876931
0.876931
0.876931
0.876931
0.876931
0.876931
0.876931
0.876927
0.876927
0.876927
0.876927
0.876927
0.876927
0.876927
0.876927
0.876927
0.876927
0.876927
0.876927
0.876927
0.876927
0.876927
0.876927
0.876927
0.876927
0.876927
0.876927
0.876927
0.876927
0.876927
0.876927
0.876927
0.876927
0.876927
0.876923
0.876919
0.876919
0.876919
0.876919
0.876919
0.876919
0.876919
0.876919
0.876919
0.876919
0.876919
0.876919
0.876919
0.876919
0.876919
0.876919
0.876919
0.876919
0.876919
0.876919
0.876919
0.876919
0.876919
0.876919
0.876919
0.876915
0.876915
0.876915
0.876915
0.876915
0.876911
0.876911
0.876911
0.876911
0.876911
0.876911
0.876911
0.876911
0.876911
0.876911
0.876911
0.876911
0.876911
0.876911
0.876911
0.876911
0.876911
0.876911
0.876911
0.876911
0.876911
0.876911
0.876911
0.876911
0.876911
0.876907
0.876907
0.876907
0.876907
0.876907
0.876907
0.876907
0.876907
0.876907
0.876907
0.876907
0.876907
0.876907
0.876907
0.876907
0.876907
0.876907
0.876903
0.876903
0.877089
0.876907
0.876907
0.876907
0.876907
0.876907
0.876907
0.876907
0.876907
0.876907
0.8769
0.8769
0.8769
0.8769
0.8769
0.8769
0.8769
0.8769
0.8769
0.8769
0.8769
0.8769
0.8769
0.8769
0.8769
0.8769
0.8769
0.8769
0.8769
0.8769
0.8769
0.8769
0.8769
0.8769
0.8769
0.8769
0.8769
0.8769
0.8769
0.8769
0.8769
0.8769
0.8769
0.8769
0.8769
0.8769
0.876896
0.876896
0.876896
0.876896
0.876896
0.876896
0.876896
0.876896
0.876896
0.876896
0.876896
0.876896
0.876896
0.876896
0.876896
0.876896
0.876892
0.876892
0.876892
0.876892
0.876892
0.876892
0.876892
0.876892
0.876888
0.876888
0.876888
0.876888
0.876888
0.876888
0.876888
0.876888
0.876888
0.876888
0.876888
0.876888
0.876888
0.876888
0.876888
0.876888
0.876888
0.876888
0.876888
0.876888
0.876888
0.876888
0.876888
0.876888
0.876888
0.876888
0.876888
0.876888
0.876888
0.876888
0.876888
0.876884
0.876884
0.876884
0.876884
0.876884
0.876884
0.876884
0.876884
0.876884
0.876884
0.876884
0.876884
0.876888
0.876888
0.876888
0.876888
0.876888
0.876888
0.876888
0.876888
0.876888
0.876888
0.876888
0.876888
0.876888
0.876888
0.876888
0.876888
0.876888
0.876888
0.876888
0.876888
0.876888
0.876888
0.876888
0.876888
0.876888
0.876888
0.876888
0.876888
0.876888
0.876888
0.876888
0.876888
0.876888
0.876888
0.876888
0.876888
0.876888
0.877073
0.876892
0.876892
0.876892
0.876892
0.876892
0.876892
0.876892
0.876892
0.876892
0.876892
0.876892
0.876892
0.876892
0.876892
0.876892
0.876892
0.876892
0.876892
0.876892
0.876892
0.876892
0.876892
0.876892
0.876892
0.876892
0.876892
0.876892
0.876892
0.876892
0.876892
0.876892
0.876892
0.876888
0.876888
0.876888
0.876888
0.876888
0.876888
0.876888
0.876888
0.876884
0.876884
0.876884
0.876884
0.876884
0.876884
0.876884
0.876884
0.87688
0.87688
0.87688
0.87688
0.87688
0.87688
0.87688
0.87688
0.87688
0.87688
0.87688
0.87688
0.87688
0.87688
0.87688
0.87688
0.87688
0.87688
0.87688
0.87688
0.87688
0.87688
0.87688
0.87688
0.87688
0.87688
0.87688
0.87688
0.87688
0.87688
0.87688
0.87688
0.87688
0.87688
0.87688
0.87688
0.87688
0.87688
0.87688
0.87688
0.87688
0.87688
0.87688
0.87688
0.87688
0.87688
0.87688
0.87688
0.87688
0.87688
0.87688
0.87688
0.87688
0.87688
0.87688
0.87688
0.87688
0.87688
0.87688
0.87688
0.87688
0.87688
0.87688
0.87688
0.87688
0.87688
0.876876
0.876876
0.87688
0.87688
0.876876
0.876876
0.876876
0.876876
0.876876
0.876876
0.876876
0.876876
0.876876
0.876876
0.876876
0.876876
0.876876
0.876876
0.876876
0.876872
0.876872
0.876872
0.876872
0.876872
0.876872
0.876872
0.876872
0.876872
0.876872
0.876872
0.876868
0.876868
0.876868
0.876868
0.876868
0.876868
0.876868
0.876864
0.876864
0.876864
0.876864
0.876864
0.876864
0.876864
0.87686
0.87686
0.87686
0.87686
0.87686
0.87686
0.87686
0.87686
0.87686
0.87686
0.876864
0.876864
0.876864
0.876864
0.87686
0.87686
0.87686
0.87686
0.87686
0.87686
0.87686
0.87686
0.87686
0.87686
0.87686
0.87686
0.87686
0.87686
0.87686
0.87686
0.87686
0.87686
0.87686
0.87686
0.876856
0.876856
0.876856
0.876856
0.876856
0.876856
0.876856
0.876856
0.876856
0.876856
0.876856
0.876856
0.876856
0.876856
0.876856
0.876856
0.876856
0.876856
0.876856
0.876856
0.876856
0.876856
0.876856
0.876856
0.876856
0.876856
0.876856
0.876856
0.876856
0.876856
0.876856
0.876856
0.876856
0.876856
0.876856
0.876856
0.876856
0.876856
0.876856
0.876856
0.876856
0.876856
0.876856
0.876852
0.876852
0.876848
0.876848
0.876844
0.876844
0.876844
0.876844
0.876844
0.876844
0.876844
0.876844
0.876844
0.87684
0.87684
0.87684
0.87684
0.87684
0.87684
0.87684
0.87684
0.87684
0.87684
0.87684
0.87684
0.87684
0.87684
0.87684
0.87684
0.87684
0.87684
0.87684
0.87684
0.87684
0.87684
0.87684
0.87684
0.87684
0.87684
0.87684
0.87684
0.87684
0.876836
0.876836
0.876836
0.876836
0.876832
0.876832
0.876832
0.876832
0.876832
0.876832
0.876832
0.876832
0.876832
0.876832
0.876832
0.876828
0.876828
0.876828
0.876824
0.876824
0.87682
0.87682
0.87682
0.87682
0.87682
0.87682
0.87682
0.87682
0.87682
0.87682
0.87682
0.87682
0.876816
0.876812
0.876812
0.876812
0.876812
0.876812
0.876812
0.876812
0.876812
0.876812
0.876812
0.876812
0.876812
0.876812
0.876808
0.876804
0.876804
0.876804
0.876804
0.876808
0.876804
0.876804
0.876804
0.876804
0.876804
0.876804
0.8768
0.8768
0.8768
0.8768
0.8768
0.8768
0.8768
0.8768
0.8768
0.8768
0.8768
0.8768
0.8768
0.8768
0.8768
0.8768
0.8768
0.876796
0.876792
0.876792
0.876792
0.876792
0.876792
0.876792
0.876792
0.876792
0.876784
0.876784
0.876784
0.876784
0.876784
0.876784
0.876784
0.876776
0.876772
0.876772
0.876772
0.876772
0.876772
0.876772
0.876772
0.876768
0.876768
0.876768
0.876768
0.876768
0.876764
0.876764
0.876764
0.876764
0.876764
0.87676
0.87676
0.87676
0.876752
0.876752
0.876752
0.876751
0.876751
0.876751
0.876751
0.876751
0.876751
0.876751
0.876749
0.876749
0.876749
0.876745
0.876745
0.876745
0.876745
0.876745
0.876688
0.876684
0.876684
0.876569
0.87634
0.876058
0.875039
0.873048
0.868838
0.862234
0.852089
0.848302
0.848107
0.848106
0.847332
0.84655
0.843493
0.834192
0.819057
0.790365
0.753168
0.751557
0.751437
0.751278
0.750988
0.750358
0.749152
0.747375
0.746611
0.746611
0.746611
0.746611
0.746611
0.746611
0.746611
0.746611
0.746611
0.746611
0.746611
0.746611
0.746611
0.746611
0.746868
0.746611
0.746611
0.746611
0.746611
0.746611
0.746611
0.746611
0.746611
0.746611
0.746611
0.746611
0.746611
0.746611
0.746611
0.746611
0.746611
0.746611
0.746611
0.746611
0.746611
0.746611
0.746611
0.746611
0.746611
0.746611
0.746611
0.746611
0.746611
0.746611
0.746611
0.746611
0.746611
0.746611
0.746611
0.746611
0.746611
0.746611
0.746611
0.746611
0.746611
0.746611
0.746611
0.746611
0.746611
0.746611
0.746611
0.746611
0.746611
0.746611
0.746611
0.746611
0.746611
0.746611
0.746611
0.746611
0.746611
0.746611
0.746611
0.746611
0.746611
0.746611
0.746611
0.746611
0.746611
0.746611
0.746611
0.746611
0.746611
0.746611
0.746611
0.746611
0.746611
0.746611
0.746611
0.746611
0.746611
0.746611
0.746611
0.746611
0.746611
0.746611
0.746611
0.746611
0.746611
0.746611
0.746611
0.746611
0.746611
0.746611
0.746611
0.746611
0.746611
0.746611
0.746611
0.746611
0.746611
0.746611
0.746611
0.746611
0.746611
