0 4 21 28 7 19 16 17 10 1 31 22 12 18 23 13 11 29 2 5 6 20 15 25 14 9 27 3 8 26 30 24 
0 21 16 17 15 22 8 18 1 12 29 4 25 23 2 14 26 5 19 20 10 11 9 30 27 24 6 7 13 28 31 3 
0 21 16 17 15 22 8 18 1 12 29 4 25 23 2 14 26 5 19 20 10 11 9 30 27 24 6 7 13 28 31 3 
0 21 13 10 9 16 8 30 20 17 14 25 4 3 26 29 24 1 11 6 18 12 5 22 19 15 23 28 31 2 7 27 
0 22 30 11 6 17 8 2 21 27 10 7 18 4 14 12 23 28 20 1 3 13 31 26 15 19 25 5 29 24 16 9 
0 6 3 17 21 11 12 26 16 30 14 22 2 7 9 19 15 13 10 5 25 18 1 31 28 23 8 4 24 29 27 20 
0 7 1 8 5 18 14 20 23 15 9 4 2 22 21 6 28 19 17 3 16 13 12 26 31 27 25 10 11 24 29 30 
0 7 1 8 5 18 14 20 23 15 9 4 2 22 21 6 28 19 17 3 16 13 12 26 31 27 25 10 11 24 29 30 
0 10 29 30 5 18 19 28 14 2 6 26 17 1 3 27 25 20 8 13 7 22 31 9 24 16 21 4 12 15 23 11 
0 16 14 31 26 17 7 19 27 21 3 30 9 1 10 5 29 23 24 6 8 15 2 11 12 20 28 18 13 25 22 4 
0 21 4 19 15 5 2 28 17 30 16 14 12 23 6 20 11 1 27 8 13 3 22 7 18 10 9 24 29 25 26 31 
0 16 14 31 25 28 2 18 12 15 6 29 10 24 20 5 21 1 9 13 7 23 17 19 8 26 22 30 11 4 27 3 
0 14 16 3 4 13 24 17 6 9 20 11 28 12 15 23 22 19 30 31 7 18 2 5 10 8 1 27 29 25 26 21 
0 29 10 14 23 30 1 2 3 28 27 21 19 7 17 26 20 25 8 12 16 22 5 4 15 13 6 11 31 18 24 9 
0 29 10 14 23 30 1 2 3 28 27 21 19 7 17 26 20 25 8 12 16 13 31 24 22 5 6 18 15 9 4 11 
0 13 29 23 8 26 22 20 30 10 17 19 3 15 7 11 9 16 4 14 31 25 28 2 18 12 6 24 5 1 21 27 
0 13 29 23 8 26 22 20 30 10 17 19 3 15 7 11 9 16 4 14 31 25 28 2 18 12 6 24 5 1 21 27 
0 13 29 23 8 26 22 20 30 10 17 19 3 15 7 11 9 16 4 14 31 25 28 2 18 24 6 12 5 1 27 21 
0 12 23 16 3 13 17 31 29 21 14 15 10 20 27 9 26 8 24 25 28 2 18 6 1 22 19 5 11 4 7 30 
0 13 29 23 8 26 22 20 30 10 17 19 3 15 7 11 9 16 4 14 31 25 28 2 18 24 6 12 5 1 27 21 
0 29 10 14 23 30 1 2 3 28 27 21 12 31 6 16 8 25 20 13 17 24 26 9 15 18 5 11 7 4 22 19 
0 16 14 31 25 28 2 18 12 15 6 20 24 23 29 5 10 1 9 13 8 26 22 30 3 19 27 21 17 11 4 7 
0 31 14 16 25 28 2 18 12 15 7 19 26 17 22 4 9 1 10 29 23 30 3 27 21 6 8 20 24 5 13 11 
0 16 14 31 25 28 2 18 24 20 6 15 12 23 29 5 10 1 9 13 8 26 22 30 4 27 3 17 21 19 11 7 
0 12 31 9 20 16 3 18 25 2 7 23 5 4 14 30 15 13 27 28 6 24 29 10 1 8 19 22 21 17 11 26 
0 12 31 9 20 16 3 18 25 2 7 23 5 4 14 30 15 13 27 28 6 24 29 10 1 8 19 22 21 17 11 26 
0 12 31 9 20 16 3 18 25 2 7 23 5 4 14 30 15 13 27 28 6 24 29 10 1 8 19 22 21 17 11 26 
0 12 23 16 3 6 18 2 28 25 15 10 8 14 9 26 20 24 27 31 13 1 22 19 29 5 17 11 21 7 30 4 
0 16 14 31 25 28 2 18 24 20 6 15 12 23 29 5 10 1 9 26 13 22 19 3 30 21 17 11 7 4 27 8 
0 13 30 20 22 26 8 23 29 10 14 5 6 31 12 1 24 25 2 7 4 11 18 28 9 16 15 27 19 17 21 3 
0 12 23 16 22 11 1 5 30 6 18 2 28 25 24 20 26 9 14 31 15 29 10 13 19 3 21 17 7 4 27 8 
0 16 14 31 25 28 2 18 24 20 6 15 12 23 29 5 10 1 9 30 3 27 21 8 19 17 26 22 11 13 7 4 
0 16 14 31 15 12 18 2 28 25 6 20 24 23 29 5 10 1 9 8 27 7 19 4 22 11 26 17 21 13 3 30 
0 16 14 31 10 5 29 23 12 15 6 20 24 18 2 28 25 4 30 22 11 26 17 13 9 1 27 19 21 7 3 8 
0 16 14 31 10 5 29 23 12 15 6 20 24 18 2 28 25 1 9 30 3 19 17 26 22 11 27 13 21 7 4 8 
0 6 20 24 18 2 28 25 10 14 16 31 12 23 29 5 19 1 9 15 22 11 26 21 17 13 30 7 4 8 27 3 
0 16 14 31 10 5 29 23 12 15 22 9 1 25 28 2 18 24 20 6 11 26 17 13 30 19 3 27 8 4 7 21 
0 6 20 24 18 2 28 25 22 11 26 17 13 9 1 30 10 5 29 16 14 31 15 23 12 3 27 21 19 4 7 8 
0 6 20 24 18 2 28 25 22 11 26 17 13 9 1 30 10 5 29 16 14 31 15 23 12 3 27 21 19 4 7 8 
0 16 14 31 6 15 10 18 11 2 25 26 24 19 8 20 17 21 13 22 3 27 28 4 7 12 23 29 5 30 1 9 
0 16 14 31 6 15 10 18 11 2 25 26 24 19 8 20 17 21 13 3 27 12 7 4 23 29 5 30 1 28 22 9 
0 16 14 31 6 15 10 21 17 26 11 22 24 20 25 28 2 18 13 9 1 30 5 29 23 19 3 8 27 4 7 12 
0 16 14 31 24 20 25 28 2 18 10 15 6 22 11 26 17 21 13 19 3 27 8 4 7 12 23 29 5 30 1 9 
0 16 14 31 24 20 25 28 2 18 10 15 6 22 11 26 17 21 13 19 3 27 8 4 7 12 23 29 5 30 1 9 
0 16 14 31 24 20 25 28 2 18 10 15 6 22 11 26 17 21 13 19 3 27 8 4 7 12 23 29 5 30 1 9 
0 16 14 31 24 20 25 28 2 18 10 15 6 22 11 26 17 21 13 19 3 27 8 4 7 12 23 29 5 30 1 9 
0 16 14 31 24 20 25 28 2 18 10 15 6 22 11 26 17 21 13 19 3 27 8 4 7 12 23 29 5 30 1 9 
0 16 14 31 24 20 25 28 2 18 10 15 6 22 11 26 17 21 13 19 3 27 8 4 7 12 23 29 5 30 1 9 
0 6 19 3 27 8 4 7 15 12 31 23 14 16 29 5 11 22 24 20 25 28 2 18 9 1 30 10 26 17 21 13 
0 6 19 3 27 8 4 7 15 12 31 23 14 16 29 5 11 22 24 20 25 28 2 18 9 1 30 10 26 17 21 13 
0 6 19 3 27 8 4 7 15 12 31 23 13 1 30 10 5 29 16 14 21 17 26 11 22 24 20 25 28 2 18 9 
0 6 19 3 27 8 4 7 15 12 31 30 10 5 29 16 14 23 11 9 18 1 28 25 20 2 22 24 26 17 21 13 
0 6 19 3 27 8 4 7 15 12 31 30 10 5 29 16 14 28 25 24 20 11 22 26 17 21 13 1 23 2 18 9 
0 6 19 3 27 8 4 7 15 12 31 30 10 28 2 18 9 1 23 14 16 29 5 25 20 24 22 11 26 17 21 13 
0 6 19 3 27 8 4 7 15 12 31 30 10 5 29 16 20 25 28 2 18 9 1 23 14 24 22 11 26 17 21 13 
0 6 30 10 5 29 16 14 31 23 12 15 7 8 4 27 3 19 1 18 9 2 28 25 20 24 22 11 26 17 21 13 
0 6 19 3 4 8 27 7 15 22 20 24 18 2 25 28 9 1 23 14 16 29 5 10 30 31 12 11 26 17 13 21 
0 6 19 3 4 8 27 7 15 22 20 24 18 2 25 28 9 1 23 14 16 29 5 10 30 31 12 11 26 17 13 21 
0 6 19 3 27 8 4 7 15 12 31 30 10 14 29 16 5 23 1 9 18 28 2 25 17 26 11 22 20 24 21 13 
0 6 19 3 27 8 4 7 15 12 31 30 10 14 29 16 5 23 1 9 18 28 2 25 17 26 11 22 20 24 21 13 
0 6 19 3 27 8 4 7 15 12 31 30 10 5 29 16 14 23 2 1 9 18 28 25 24 20 22 11 26 17 21 13 
0 6 19 3 27 8 4 7 15 12 31 30 29 5 10 1 14 23 16 9 18 28 2 25 24 20 22 11 26 17 21 13 
0 6 23 14 16 21 17 26 11 22 20 24 25 28 2 18 9 1 19 3 27 8 4 7 31 12 15 30 10 5 29 13 
0 6 19 3 27 8 4 7 15 12 31 18 9 1 23 5 16 29 14 10 30 28 2 25 24 20 22 11 26 17 21 13 
0 6 19 3 27 4 8 7 15 12 31 30 10 14 23 16 5 20 24 9 18 28 2 25 1 29 22 11 26 17 21 13 
0 6 19 3 27 8 4 7 15 12 31 30 10 14 26 11 22 20 24 25 2 28 18 9 1 23 5 16 29 17 21 13 
0 6 19 3 27 4 7 8 15 12 31 30 29 14 10 16 24 22 1 11 26 20 23 5 25 2 28 18 9 17 21 13 
0 6 19 3 27 4 7 8 15 12 31 30 29 14 10 16 24 22 1 11 26 20 23 5 25 2 28 18 9 17 21 13 
0 6 19 3 27 4 7 8 15 12 31 30 29 14 10 16 24 22 1 11 26 20 23 5 25 2 28 18 9 17 21 13 
0 6 19 3 27 4 8 7 15 12 31 29 30 14 10 21 17 9 18 28 2 25 24 20 22 11 26 1 23 5 16 13 
0 6 19 3 27 8 4 15 7 12 31 30 29 14 10 5 16 23 1 25 9 18 28 2 24 20 22 11 26 17 21 13 
0 6 20 24 2 25 28 18 9 1 23 5 16 10 14 29 30 31 12 19 3 27 8 4 15 7 22 11 26 17 21 13 
0 6 19 3 27 8 4 7 15 12 31 30 29 14 10 16 5 23 1 2 18 28 25 9 24 20 22 11 26 17 21 13 
0 6 19 3 27 4 8 7 15 12 31 29 30 14 10 16 11 22 20 24 2 25 28 18 9 1 23 5 26 17 21 13 
0 6 19 3 27 4 8 7 15 12 31 29 30 14 10 16 5 23 1 9 25 17 18 2 24 20 22 11 26 28 21 13 
0 6 19 3 27 8 4 7 15 12 31 30 29 14 10 16 5 23 1 9 18 28 25 2 24 20 22 17 26 21 11 13 
0 6 19 3 27 4 8 7 15 12 31 29 30 14 10 16 11 22 20 24 2 25 28 18 9 1 23 5 26 17 21 13 
0 6 19 3 27 4 8 7 15 12 31 29 30 14 10 16 5 23 1 9 18 28 25 22 24 20 2 11 26 17 21 13 
0 6 19 3 27 4 8 7 15 12 31 29 26 11 22 20 24 2 25 28 18 9 1 23 5 16 10 14 30 17 21 13 
0 6 19 3 27 4 8 7 15 2 25 28 18 9 1 23 5 16 10 14 30 29 31 12 24 20 22 11 26 17 21 13 
0 6 23 5 16 10 14 30 29 31 22 20 24 2 25 28 18 9 1 19 3 27 4 8 7 15 12 11 26 17 21 13 
0 6 23 5 16 10 14 30 29 31 12 15 7 8 4 27 3 19 1 9 18 28 25 2 11 20 17 24 26 22 21 13 
0 6 19 3 27 4 23 5 16 10 14 30 29 31 12 15 7 8 1 28 18 9 25 2 24 20 22 11 26 17 21 13 
0 6 23 5 24 2 25 28 18 9 1 19 3 27 4 8 7 15 12 31 29 30 14 10 16 20 22 11 26 17 21 13 
0 6 23 5 24 2 25 28 18 9 1 19 3 27 4 8 7 15 12 31 29 30 14 10 16 20 22 11 26 17 21 13 
0 6 23 5 16 10 14 30 29 31 12 15 7 8 4 27 3 19 25 1 9 18 28 2 24 20 22 11 26 17 21 13 
0 6 23 5 16 10 14 30 29 31 12 15 7 8 4 27 3 19 25 1 9 18 28 2 24 20 22 11 26 17 21 13 
0 6 23 5 16 10 22 20 24 2 25 28 18 9 1 19 3 27 4 8 7 15 12 31 29 30 14 11 26 17 21 13 
0 6 23 5 16 10 22 20 24 2 25 28 18 9 1 19 3 27 4 8 7 15 12 31 29 30 14 11 26 17 21 13 
0 6 23 5 16 10 22 20 24 2 25 28 18 9 1 19 3 27 4 8 7 15 12 31 29 30 14 11 26 17 21 13 
0 6 23 5 16 10 22 20 24 2 25 28 18 9 1 19 3 27 4 8 7 15 12 31 29 30 14 11 26 17 21 13 
0 6 23 5 16 10 22 20 24 2 25 28 18 9 1 19 3 27 4 8 7 15 12 31 29 30 14 11 26 17 21 13 
0 12 31 29 30 14 10 16 5 23 6 15 7 8 4 27 3 19 1 22 20 24 2 25 28 18 9 11 26 17 21 13 
0 6 23 5 16 10 14 30 29 31 12 15 7 8 4 27 9 1 26 19 3 18 28 25 2 24 20 22 11 17 21 13 
0 6 23 5 16 10 14 30 29 31 12 15 7 8 4 27 9 1 26 19 3 18 28 25 2 24 20 22 11 17 21 13 
0 6 23 5 16 10 8 30 29 27 12 15 7 14 4 31 9 1 19 3 18 28 25 2 24 20 22 11 26 17 21 13 
0 6 23 5 16 10 14 3 29 31 12 15 7 8 30 4 9 1 19 27 18 28 25 2 24 20 22 11 26 17 21 13 
0 6 23 5 16 10 30 14 29 12 31 15 7 8 4 27 9 1 19 3 22 28 25 2 24 20 18 11 26 17 21 13 
0 7 15 12 31 29 30 14 10 16 5 23 6 8 4 27 3 1 18 25 19 28 9 2 24 20 22 11 26 17 21 13 
0 6 23 5 16 10 14 30 21 17 26 11 22 20 24 2 25 28 18 3 19 1 9 27 4 8 7 15 12 31 29 13 
0 7 15 12 31 29 30 27 10 16 5 23 6 4 14 8 9 20 24 2 25 28 18 3 19 1 22 11 26 17 21 13 
0 7 15 12 31 29 30 14 10 16 22 20 24 2 25 28 18 3 19 1 9 27 4 8 6 23 5 11 26 17 21 13 
0 7 15 12 31 29 30 14 10 6 5 23 16 8 27 4 9 1 19 3 18 28 26 11 22 20 24 2 25 17 21 13 
0 7 15 12 31 29 30 14 10 16 22 20 24 2 25 28 18 3 19 1 9 27 4 8 6 23 5 11 26 17 21 13 
0 7 15 12 31 10 9 14 19 6 5 3 16 8 4 18 30 1 29 23 27 28 25 2 24 20 22 11 26 17 21 13 
0 7 15 12 31 10 9 14 19 6 5 3 16 8 4 18 30 1 29 23 27 28 25 2 24 20 22 11 26 17 21 13 
0 7 15 31 12 29 30 14 10 16 5 26 11 22 20 24 2 25 28 18 3 19 1 9 27 4 8 6 23 17 21 13 
0 7 15 12 31 29 30 14 10 16 5 23 6 8 27 4 9 1 19 17 26 3 18 28 25 2 24 20 22 11 21 13 
0 7 15 12 31 29 30 14 10 16 5 23 6 8 27 4 9 1 19 25 24 20 2 28 18 3 22 11 26 17 21 13 
0 31 12 15 7 29 26 11 22 20 24 2 25 28 18 3 19 1 9 27 4 8 6 23 5 16 10 14 30 17 21 13 
0 31 12 15 7 29 30 14 10 16 5 23 6 8 19 28 9 1 4 3 18 27 25 2 24 20 22 11 26 17 21 13 
0 31 12 15 7 29 30 14 10 16 5 23 6 8 19 28 9 1 4 3 18 27 25 2 24 20 22 11 26 17 21 13 
0 7 15 31 12 29 30 14 10 16 5 23 28 18 3 19 1 9 4 27 8 6 25 2 24 20 22 11 26 17 21 13 
0 7 15 31 12 29 30 14 10 16 5 23 28 18 3 19 1 9 4 27 8 6 25 2 24 20 22 11 26 17 21 13 
0 25 28 18 3 19 1 9 27 4 6 8 23 5 16 10 14 30 29 31 12 15 7 2 24 20 22 11 26 17 21 13 
0 25 28 18 3 19 1 9 27 4 6 8 23 5 16 10 14 30 29 31 12 15 7 2 24 20 22 11 26 17 21 13 
0 31 12 7 15 29 30 14 10 16 24 2 25 28 18 3 19 1 9 27 4 8 6 23 5 20 22 11 26 17 21 13 
0 31 12 7 15 29 30 14 10 16 20 24 2 25 28 18 3 19 1 9 27 4 8 6 23 5 22 11 26 17 21 13 
0 31 12 7 15 29 30 14 10 28 18 3 19 1 9 27 4 8 6 23 5 16 25 2 24 20 22 11 26 17 21 13 
0 31 12 7 15 29 30 14 10 16 5 23 6 8 4 27 9 1 19 3 18 28 25 2 24 20 21 17 26 11 22 13 
0 31 12 7 15 29 30 14 10 5 16 23 6 8 4 27 9 1 19 3 18 28 25 2 24 20 21 17 26 11 22 13 
0 18 3 19 1 9 27 4 8 6 23 16 5 10 14 30 29 15 7 12 31 28 25 2 24 20 22 11 26 17 21 13 
0 31 12 7 15 29 30 14 10 5 16 23 6 20 24 2 25 28 18 3 19 1 9 27 4 8 22 11 26 17 21 13 
0 31 12 7 15 29 30 14 10 5 16 23 6 8 4 27 9 22 19 24 18 28 25 2 3 20 1 11 26 17 21 13 
0 31 12 7 15 29 30 14 10 5 16 23 6 8 4 27 9 22 19 24 18 28 25 2 3 20 1 11 26 17 21 13 
0 31 12 7 15 29 30 14 10 16 5 23 6 8 27 4 9 1 19 3 18 28 20 2 24 22 11 25 26 17 21 13 
0 31 12 7 15 29 30 14 10 16 5 23 6 8 27 4 9 1 19 3 18 28 20 2 24 22 11 25 26 17 21 13 
0 31 12 7 15 29 30 14 10 16 5 23 8 6 4 27 9 1 19 3 18 28 25 26 11 20 22 24 2 17 21 13 
0 31 12 7 15 29 30 14 10 5 16 23 9 8 4 27 1 6 19 3 18 28 25 22 24 20 2 11 26 17 21 13 
0 31 12 7 15 29 21 17 26 11 22 20 24 2 25 28 18 3 19 1 9 27 4 6 8 23 5 16 10 14 30 13 
0 31 12 7 15 29 30 14 9 4 27 8 6 23 5 16 10 1 19 3 18 28 25 2 24 20 22 11 26 17 21 13 
0 31 12 7 15 29 30 14 10 16 5 23 8 6 4 27 9 1 19 3 18 28 26 11 22 20 24 2 25 17 21 13 
0 31 12 7 15 29 30 14 10 5 16 23 8 6 4 27 9 1 19 21 17 26 11 22 20 24 2 25 28 18 3 13 
0 31 12 7 15 29 30 19 1 9 4 27 8 6 23 5 16 10 14 3 18 28 25 2 24 20 22 11 26 17 21 13 
0 31 12 7 15 29 30 14 24 2 25 28 18 3 19 1 9 8 4 27 6 23 5 16 10 20 22 11 26 17 21 13 
0 31 12 7 15 29 30 14 10 16 5 23 6 27 4 21 17 26 11 8 9 1 19 3 18 28 25 2 24 20 22 13 
0 31 12 7 15 29 30 14 10 16 5 23 6 4 26 11 22 20 24 2 25 28 18 3 19 1 9 8 27 17 21 13 
0 31 12 7 15 29 30 14 10 16 5 23 6 4 27 8 3 1 19 9 18 20 24 2 28 25 22 11 26 17 21 13 
0 31 12 7 15 29 30 14 10 16 5 23 6 2 4 3 25 9 19 8 18 28 1 27 24 20 22 11 26 17 21 13 
0 31 12 7 15 29 30 14 10 16 11 22 20 24 2 25 28 18 3 19 9 1 8 4 27 6 23 5 26 17 21 13 
0 31 12 7 15 29 30 14 10 24 2 25 28 18 3 19 9 1 8 4 27 6 23 5 16 20 22 11 26 17 21 13 
0 31 12 7 15 29 4 14 5 16 18 9 6 27 30 8 1 23 19 10 3 28 25 2 24 20 22 11 26 17 21 13 
0 31 12 7 15 29 30 14 10 16 25 28 18 3 19 9 1 8 4 27 6 23 5 2 24 20 22 11 26 17 21 13 
0 31 12 7 15 29 30 14 10 16 5 23 6 27 4 8 1 9 19 3 20 28 18 2 24 25 22 11 26 17 21 13 
0 31 12 7 15 29 30 14 10 5 16 23 25 27 4 6 1 9 19 3 18 28 8 2 24 20 22 11 26 17 21 13 
0 31 12 7 15 29 30 14 10 16 5 4 6 27 23 8 1 9 19 3 18 28 25 2 24 20 22 21 17 26 11 13 
0 31 12 7 15 29 30 14 10 16 5 4 6 2 9 8 27 1 19 3 18 28 25 23 24 20 22 11 26 17 21 13 
0 31 12 7 15 29 30 14 10 16 5 23 6 27 4 8 1 17 26 9 19 3 18 28 25 2 24 20 22 11 21 13 
0 31 12 7 15 29 30 14 10 16 5 4 6 27 23 8 1 9 19 3 18 28 25 2 21 17 26 11 22 20 24 13 
0 31 12 7 15 29 30 14 10 16 5 4 6 27 23 8 1 9 19 3 18 28 25 2 21 17 26 11 22 20 24 13 
0 31 12 7 15 29 30 14 10 16 5 23 6 27 4 8 1 17 26 9 19 3 2 18 28 25 24 20 22 11 21 13 
0 31 12 7 15 29 30 14 10 16 5 23 6 27 4 8 1 17 26 9 19 3 18 28 25 2 24 20 22 11 21 13 
0 31 12 7 15 29 30 14 10 16 5 23 6 27 4 8 1 17 26 9 19 3 18 28 25 2 24 20 22 11 21 13 
0 31 12 7 15 29 30 14 10 16 5 23 6 27 4 8 1 17 26 9 19 3 18 28 25 2 24 20 22 11 21 13 
0 31 12 7 15 29 30 14 10 5 16 20 24 2 25 28 18 3 19 9 1 8 23 27 6 4 22 11 26 17 21 13 
0 31 12 7 15 29 30 14 10 16 5 23 6 27 4 8 1 17 26 9 19 3 18 28 25 2 24 20 22 11 21 13 
0 31 12 7 15 29 30 14 10 16 5 23 6 27 4 8 1 17 26 9 19 3 18 28 25 2 24 20 22 11 21 13 
0 31 12 7 15 29 30 14 10 5 16 4 6 27 23 8 1 9 19 3 18 28 25 2 24 20 21 17 26 11 22 13 
0 31 12 7 15 29 30 14 10 21 17 26 11 22 20 24 2 25 28 18 3 19 9 1 8 23 6 27 4 16 5 13 
0 31 12 7 15 29 30 14 10 5 16 4 27 6 23 8 1 9 19 3 18 28 25 2 21 17 26 11 22 20 24 13 
0 31 12 7 15 29 30 14 10 5 16 4 6 27 23 8 1 9 19 3 18 28 25 2 24 20 21 17 26 11 22 13 
0 31 12 7 15 29 30 14 10 24 2 25 28 18 3 19 9 1 8 23 6 27 4 16 5 20 22 11 26 17 21 13 
0 31 12 7 15 29 30 14 10 24 2 25 28 18 3 19 9 1 8 23 6 27 4 16 5 20 22 11 26 17 21 13 
0 31 12 7 15 29 30 14 10 21 17 26 11 22 20 24 2 25 28 18 3 19 9 1 8 23 6 27 4 16 5 13 
0 31 12 7 15 29 30 14 10 21 17 26 11 22 20 24 2 25 28 18 3 19 9 1 8 23 6 27 4 16 5 13 
0 31 12 7 15 29 30 14 10 5 16 4 6 27 23 8 1 9 19 21 17 26 11 22 20 24 2 25 28 18 3 13 
0 31 12 7 15 29 30 14 10 5 16 4 27 6 23 8 1 9 19 21 17 26 11 22 20 24 2 25 28 18 3 13 
0 31 12 7 15 29 30 14 10 5 16 4 27 6 23 11 22 20 24 2 25 28 18 3 19 9 1 8 26 17 21 13 
0 31 12 7 15 29 30 14 10 5 16 4 6 27 23 9 1 26 17 8 19 3 18 28 25 2 24 20 22 11 21 13 
0 31 12 7 15 29 30 14 10 5 16 4 27 6 23 8 1 9 19 3 18 28 21 17 26 11 22 20 24 2 25 13 
0 31 12 7 15 29 30 14 10 5 16 4 27 6 23 8 1 9 19 21 17 26 11 3 18 28 25 2 24 20 22 13 
0 31 12 7 15 29 30 14 10 5 16 4 27 6 23 8 1 9 19 26 17 3 18 28 25 2 24 20 22 11 21 13 
0 31 12 7 15 29 30 14 10 5 16 4 27 6 23 8 1 9 19 26 17 3 18 28 25 2 24 20 22 11 21 13 
0 31 12 7 15 29 30 14 10 5 16 4 27 6 23 8 1 9 19 26 17 3 18 28 25 2 24 20 22 11 21 13 
0 31 12 7 15 29 30 14 10 5 16 4 27 6 23 8 1 9 19 26 17 3 18 28 25 2 24 20 22 11 21 13 
0 31 12 7 15 29 30 14 10 5 16 4 27 6 23 8 1 9 19 21 17 26 11 22 20 24 2 25 28 18 3 13 
0 31 12 7 15 29 30 14 10 5 16 4 27 6 23 8 1 9 19 21 17 26 11 22 20 24 2 25 28 18 3 13 
0 31 12 7 15 29 30 14 10 24 2 25 28 18 3 19 9 1 8 23 6 27 4 16 5 20 22 11 26 17 21 13 
0 31 12 7 15 29 30 14 10 5 16 4 27 6 23 8 1 9 19 25 3 28 18 2 24 20 22 11 26 17 21 13 
0 31 12 7 17 26 11 22 20 24 2 25 28 18 3 19 9 1 8 15 29 30 14 10 5 16 4 27 6 23 21 13 
0 31 12 7 15 29 30 14 10 5 16 4 27 6 23 8 1 9 19 3 18 28 25 2 24 17 26 11 22 20 21 13 
0 31 12 7 15 29 30 14 10 5 26 11 22 20 24 2 25 28 18 3 19 9 1 8 23 6 27 4 16 17 21 13 
0 31 12 7 15 29 30 14 10 4 16 23 27 6 5 8 1 9 19 11 3 18 28 25 2 24 20 22 26 17 21 13 
0 31 12 7 15 29 30 14 10 5 16 4 27 6 23 8 1 9 19 2 18 28 24 3 25 20 22 11 26 17 21 13 
0 24 2 25 28 18 3 19 9 1 8 23 6 27 4 16 5 10 14 30 29 15 7 12 31 20 22 11 26 17 21 13 
0 31 12 7 15 29 30 14 10 5 16 4 27 6 23 8 1 9 3 18 22 2 25 19 24 20 28 11 26 17 21 13 
0 31 12 7 15 29 30 14 10 5 16 4 27 6 3 8 19 28 1 23 18 9 25 2 24 20 22 11 26 17 21 13 
0 31 12 7 15 29 30 14 10 5 16 4 27 6 23 8 20 24 2 25 18 28 3 19 9 1 22 11 26 17 21 13 
0 12 31 7 15 29 30 14 10 9 16 4 27 6 23 8 3 5 19 1 18 28 25 22 24 20 2 11 26 17 21 13 
0 12 31 7 15 29 30 14 10 9 16 4 27 6 23 8 3 5 19 1 18 28 25 22 24 20 2 11 26 17 21 13 
0 31 12 9 1 8 23 6 27 4 16 5 10 14 30 29 15 7 19 3 18 28 25 2 24 20 22 11 26 17 21 13 
0 31 12 7 15 29 30 14 10 5 16 4 27 6 23 8 1 9 19 3 18 28 25 2 24 17 26 11 22 20 21 13 
0 31 12 7 15 29 30 14 10 5 16 4 27 6 23 8 1 9 19 3 18 28 25 2 24 17 26 11 22 20 21 13 
0 31 12 7 15 29 30 14 10 5 16 4 27 6 23 8 1 9 19 17 26 11 22 20 24 2 25 28 18 3 21 13 
0 31 12 7 27 29 30 3 10 5 16 4 15 1 8 23 6 9 19 14 18 28 25 2 24 20 22 11 26 17 21 13 
0 31 12 7 15 29 30 14 10 5 16 4 27 6 23 8 25 9 19 3 18 1 2 28 24 20 22 11 26 17 21 13 
0 31 12 24 2 25 28 18 3 19 9 1 8 23 6 27 4 16 5 10 14 30 29 15 7 20 22 11 26 17 21 13 
0 31 12 24 2 25 28 18 3 19 9 1 8 23 6 27 4 16 5 10 14 30 29 15 7 20 22 11 26 17 21 13 
0 31 12 24 2 25 28 18 3 19 9 1 8 23 6 27 4 16 5 10 14 30 29 15 7 20 22 11 26 17 21 13 
0 31 12 7 15 29 30 14 10 5 16 27 9 6 23 28 1 4 19 3 18 8 25 2 24 20 22 11 26 17 21 13 
0 31 12 7 15 29 28 18 3 19 9 1 8 23 6 27 4 16 5 10 14 30 25 2 24 20 22 11 26 17 21 13 
0 31 12 7 15 29 30 14 10 5 16 4 27 6 23 8 1 9 19 3 18 28 25 2 24 20 22 11 21 26 17 13 
0 31 12 7 15 29 30 14 10 5 16 4 27 6 23 8 1 9 19 3 18 28 25 2 24 20 22 11 21 26 17 13 
0 31 12 7 15 29 30 14 10 5 16 4 27 6 23 8 9 1 19 17 26 11 22 20 24 2 25 28 18 3 21 13 
0 31 12 7 15 29 30 14 10 5 16 4 27 6 23 8 1 9 19 3 18 17 26 11 22 20 24 2 25 28 21 13 
0 31 12 7 15 29 30 14 10 5 16 4 27 6 23 8 1 9 19 3 18 17 26 11 22 20 24 2 25 28 21 13 
0 31 12 7 15 29 30 14 10 5 16 4 27 6 23 8 1 9 19 3 18 28 25 26 22 20 2 11 24 17 21 13 
0 31 12 7 15 29 30 14 10 5 16 4 27 6 23 8 1 9 19 3 18 28 25 2 17 26 11 22 20 24 21 13 
0 31 12 26 11 22 20 24 2 25 28 18 19 3 9 1 8 23 6 7 15 29 30 14 10 5 16 4 27 17 21 13 
0 31 12 26 11 22 20 24 2 25 28 18 19 3 9 1 8 23 6 7 15 29 30 14 10 5 16 4 27 17 21 13 
0 31 12 7 15 29 30 14 10 5 16 4 27 6 23 8 1 9 19 3 18 28 25 2 24 17 26 11 22 20 21 13 
0 31 12 7 15 29 30 14 10 5 16 4 27 6 23 8 1 9 19 3 18 28 25 2 24 17 26 11 22 20 21 13 
0 31 12 7 15 29 30 14 10 5 16 4 26 11 22 20 24 2 25 28 18 3 19 9 1 8 23 6 27 17 21 13 
0 31 12 7 15 29 30 14 10 6 16 19 23 5 24 8 1 9 4 3 18 27 25 2 28 20 22 11 26 17 21 13 
0 31 12 7 15 29 30 14 10 5 16 4 27 6 22 20 24 2 25 28 18 3 19 9 1 8 23 11 26 17 21 13 
0 10 12 7 5 15 30 14 31 4 1 23 27 6 29 8 16 9 19 3 18 28 25 2 24 20 22 11 26 17 21 13 
0 31 12 7 15 29 30 4 10 6 16 14 27 5 23 8 1 9 19 3 18 28 25 2 24 20 22 11 26 17 21 13 
0 31 12 7 15 29 30 14 10 5 16 4 27 6 23 8 1 9 19 3 18 28 25 2 24 20 22 11 21 17 26 13 
0 31 12 7 15 29 30 14 10 5 16 4 2 25 28 18 3 19 9 1 8 23 6 27 24 20 22 11 26 17 21 13 
0 31 12 7 15 29 30 14 10 5 16 4 26 11 22 20 24 2 25 28 18 3 19 9 1 8 23 6 27 17 21 13 
0 31 12 29 15 7 30 14 18 3 19 9 1 8 23 6 27 4 16 5 10 28 25 2 24 22 11 20 26 17 21 13 
0 31 12 7 15 29 30 14 10 5 16 4 23 18 27 8 1 9 19 20 6 28 25 3 24 2 22 11 26 17 21 13 
0 31 12 7 15 29 30 14 10 5 16 4 27 6 23 8 1 9 19 3 18 28 25 2 24 20 22 17 26 11 21 13 
0 31 12 7 15 29 30 14 10 5 16 4 27 6 23 8 1 9 19 3 18 28 25 2 24 20 22 21 17 26 11 13 
0 31 12 7 15 29 30 14 10 5 16 4 27 6 23 8 1 9 19 3 18 28 25 2 24 20 22 21 17 26 11 13 
0 31 12 7 15 29 30 14 1 8 23 6 27 4 16 5 10 9 19 3 18 28 25 2 24 20 22 11 26 17 21 13 
0 31 12 7 15 29 30 14 10 5 16 4 27 6 23 11 22 20 24 2 25 28 18 3 19 9 1 8 26 17 21 13 
0 31 12 7 15 29 30 25 28 18 3 19 9 1 8 23 6 27 4 16 5 10 14 2 24 20 22 11 26 17 21 13 
0 31 12 7 15 29 30 14 10 5 16 4 27 6 23 8 1 9 19 3 18 26 11 22 20 24 2 25 28 17 21 13 
0 31 12 7 15 29 30 14 10 5 16 4 27 6 23 8 1 9 19 3 18 28 25 2 21 17 26 11 22 20 24 13 
0 31 12 7 15 29 30 14 10 5 23 9 27 6 16 25 8 4 19 3 18 1 28 2 24 20 22 11 26 17 21 13 
0 31 12 7 15 29 30 14 4 5 16 18 27 6 23 8 1 9 19 3 10 28 25 2 24 20 22 11 26 17 21 13 
0 31 12 7 15 29 30 14 10 5 16 4 27 6 23 8 1 9 19 25 3 18 28 2 24 20 22 11 26 17 21 13 
0 11 22 20 24 2 25 28 18 3 19 9 1 8 23 6 27 4 16 5 10 14 30 29 15 7 12 31 26 17 21 13 
0 31 12 7 15 29 30 14 10 5 16 4 27 6 23 8 1 9 19 3 18 28 17 2 25 20 22 11 26 24 21 13 
0 31 12 7 15 29 30 14 10 5 16 4 27 6 23 8 1 9 19 3 18 11 25 2 24 20 22 28 26 17 21 13 
0 31 12 7 15 29 30 14 10 5 16 4 27 6 23 8 1 9 19 3 18 11 25 2 24 20 22 28 26 17 21 13 
0 31 12 7 15 29 30 14 10 5 16 4 27 6 23 8 1 9 19 3 18 11 25 2 24 20 22 28 26 17 21 13 
0 31 12 7 15 29 30 14 10 5 16 21 17 26 11 22 20 24 2 4 27 6 23 8 1 9 19 3 18 28 25 13 
0 31 12 7 15 29 30 14 10 5 16 4 27 6 23 8 1 9 19 21 17 26 11 22 20 24 2 3 18 28 25 13 
0 31 12 7 15 29 30 14 10 5 16 4 27 6 23 8 1 9 19 21 17 26 11 22 20 24 2 3 18 28 25 13 
0 31 12 7 15 29 30 14 10 5 16 4 27 6 23 8 28 18 3 19 9 1 25 2 24 20 22 11 26 17 21 13 
0 31 12 7 15 29 8 23 6 27 4 16 5 10 14 30 21 17 26 1 9 19 3 18 28 25 2 24 20 22 11 13 
0 31 12 7 15 29 30 14 10 5 16 4 27 6 23 8 1 9 19 21 17 26 3 18 28 25 2 24 20 22 11 13 
0 11 22 20 24 2 25 28 18 3 19 9 1 8 23 6 27 4 16 5 10 14 30 29 15 7 12 31 26 17 21 13 
0 31 12 7 15 29 30 14 10 5 16 4 25 6 23 27 18 9 19 3 24 28 2 8 1 20 22 11 26 17 21 13 
0 31 12 7 15 29 30 16 10 5 27 4 14 3 6 8 20 9 19 23 18 28 25 2 24 1 22 11 26 17 21 13 
0 31 12 7 15 29 30 14 10 5 16 4 27 6 23 8 1 9 19 3 18 21 17 26 11 22 20 24 2 25 28 13 
0 31 12 7 15 29 30 14 10 5 16 4 27 6 23 8 1 9 19 3 18 21 17 26 11 22 20 24 2 25 28 13 
0 31 12 7 15 29 30 14 10 5 16 4 27 6 23 28 1 9 19 3 18 8 25 2 24 20 26 11 22 17 21 13 
0 31 6 7 15 29 30 14 10 5 1 4 27 12 23 8 16 19 9 3 18 28 25 2 24 20 22 11 26 17 21 13 
0 31 12 7 15 29 30 14 10 5 16 4 1 6 23 8 9 27 11 22 20 24 2 25 28 18 3 19 26 17 21 13 
0 31 12 7 15 29 30 14 10 5 16 4 27 6 23 8 1 9 19 3 18 28 25 22 20 24 2 11 26 17 21 13 
0 31 12 7 15 29 30 14 10 5 16 4 27 6 23 8 1 9 19 3 18 28 25 22 20 24 2 11 26 17 21 13 
0 31 12 7 15 29 30 14 10 5 16 4 27 6 23 8 1 9 3 24 18 28 25 2 22 20 19 11 26 17 21 13 
0 31 12 7 15 29 30 14 10 5 16 26 11 22 20 24 2 25 28 18 3 19 9 1 8 23 6 27 4 17 21 13 
0 31 12 7 15 29 30 14 10 5 16 4 27 6 23 8 1 9 19 3 18 28 24 2 25 20 22 11 26 17 21 13 
0 31 12 7 15 29 30 14 10 23 6 27 4 16 5 21 17 26 11 8 1 9 18 3 19 28 25 2 24 20 22 13 
0 31 12 7 15 29 30 14 10 23 6 27 4 16 5 21 17 26 11 8 1 9 18 3 19 28 25 2 24 20 22 13 
0 20 24 2 25 28 18 3 19 9 1 8 23 6 27 4 16 5 10 14 30 29 15 7 12 31 22 11 26 17 21 13 
0 20 24 2 25 28 18 3 19 9 1 8 23 6 27 4 16 5 10 14 30 29 15 7 12 31 22 11 26 17 21 13 
0 31 12 7 15 29 5 30 10 14 8 4 27 6 19 16 1 9 23 3 18 28 25 2 24 20 22 11 26 17 21 13 
0 31 12 7 15 29 30 14 10 5 16 4 27 6 23 8 1 9 25 28 18 3 19 2 24 20 22 11 26 17 21 13 
0 31 12 7 15 29 21 17 26 11 22 20 24 2 25 28 18 3 19 9 1 8 23 6 27 4 16 5 10 14 30 13 
0 31 12 7 15 29 30 14 22 20 24 2 25 28 18 3 19 9 1 8 23 6 27 4 16 5 10 11 26 17 21 13 
0 31 12 7 15 29 30 14 22 20 24 2 25 28 18 3 19 9 1 8 23 6 27 4 16 5 10 11 26 17 21 13 
0 31 12 7 15 29 4 14 10 5 16 30 18 1 23 27 6 9 19 3 2 28 25 8 24 20 22 11 26 17 21 13 
0 31 12 7 15 29 4 14 10 5 16 30 18 1 23 27 6 9 19 3 2 28 25 8 24 20 22 11 26 17 21 13 
0 31 12 7 15 29 30 14 10 5 16 4 27 6 23 8 1 9 19 3 18 28 20 24 2 25 22 11 26 17 21 13 
0 31 12 19 15 29 30 1 10 5 16 4 27 6 23 8 14 9 7 3 18 28 25 2 24 20 22 11 26 17 21 13 
0 31 12 7 15 17 26 11 22 20 24 2 25 28 18 3 19 9 1 8 23 6 27 4 16 5 10 14 30 29 21 13 
0 31 12 7 15 29 30 14 10 5 16 4 27 25 28 18 3 19 9 1 8 23 6 2 24 20 22 11 26 17 21 13 
0 31 12 7 15 29 30 14 10 5 20 24 2 25 28 18 3 19 9 1 8 23 6 27 4 16 22 11 26 17 21 13 
0 31 12 7 15 29 30 14 10 5 20 24 2 25 28 18 3 19 9 1 8 23 6 27 4 16 22 11 26 17 21 13 
0 31 12 7 15 29 30 14 10 5 20 24 2 25 28 18 3 19 9 1 8 23 6 27 4 16 22 11 26 17 21 13 
0 31 12 7 15 29 30 14 10 5 20 24 2 25 28 18 3 19 9 1 8 23 6 27 4 16 22 11 26 17 21 13 
0 31 12 7 15 29 30 14 10 5 20 24 2 25 28 18 3 19 9 1 8 23 6 27 4 16 22 11 26 17 21 13 
0 31 12 7 15 21 17 26 11 22 20 24 2 25 28 18 3 19 9 1 8 23 6 27 4 16 5 10 14 30 29 13 
0 31 12 7 15 29 30 14 10 5 16 4 27 6 23 8 1 9 19 17 26 11 22 20 24 2 25 28 18 3 21 13 
0 31 12 7 15 29 30 14 10 5 16 4 27 6 23 2 25 28 18 3 19 9 1 8 24 20 22 11 26 17 21 13 
0 31 12 7 15 29 30 21 17 26 11 22 20 24 2 25 28 18 3 19 9 1 8 23 6 27 4 16 5 10 14 13 
0 31 12 7 15 29 30 14 10 5 16 4 27 6 23 8 1 9 11 19 3 18 28 25 2 24 20 22 26 17 21 13 
0 31 12 7 15 29 30 14 10 5 16 4 27 6 23 8 1 9 19 3 18 28 26 11 22 20 24 2 25 17 21 13 
0 31 12 7 22 20 24 2 25 28 18 3 19 9 1 8 23 6 27 4 16 5 10 14 30 29 15 11 26 17 21 13 
0 31 12 7 15 29 30 14 10 1 16 4 18 6 23 8 2 9 19 3 27 28 25 5 24 20 22 11 26 17 21 13 
0 31 12 7 15 29 30 14 10 1 16 4 18 6 23 8 2 9 19 3 27 28 25 5 24 20 22 11 26 17 21 13 
0 31 12 7 15 29 30 14 10 5 16 4 27 6 23 8 1 9 19 20 3 18 28 24 2 25 22 11 26 17 21 13 
0 31 12 7 15 17 26 11 22 20 24 2 25 28 18 3 19 9 1 8 23 6 27 4 16 5 10 14 30 29 21 13 
0 31 12 7 15 29 30 14 10 5 16 4 27 6 23 11 22 20 24 2 25 28 18 3 19 9 1 8 26 17 21 13 
0 31 12 7 15 29 30 14 1 3 16 4 27 6 23 8 10 9 19 5 18 28 25 2 24 20 22 11 26 17 21 13 
0 31 12 7 15 29 30 14 10 5 16 4 27 6 23 8 1 9 19 3 18 21 17 26 11 22 20 24 2 25 28 13 
0 31 12 7 15 29 30 14 10 5 27 28 16 6 19 8 1 9 23 3 18 4 25 2 24 20 22 11 26 17 21 13 
0 31 12 7 15 29 30 14 10 5 16 4 27 6 23 8 1 9 19 3 28 22 18 2 24 20 25 11 26 17 21 13 
0 31 12 7 15 29 30 14 10 5 16 4 27 6 23 8 1 9 19 3 28 22 18 2 24 20 25 11 26 17 21 13 
0 31 12 7 15 29 30 14 10 5 16 4 27 6 23 8 1 9 19 11 22 20 24 2 25 28 18 3 26 17 21 13 
0 31 12 7 15 29 30 14 10 5 16 4 27 6 23 8 1 9 3 2 26 11 22 20 24 19 25 28 18 17 21 13 
0 31 12 7 15 29 30 14 10 5 16 4 27 6 23 8 1 9 3 2 26 11 22 20 24 19 25 28 18 17 21 13 
0 31 12 7 15 29 30 14 10 5 16 4 27 6 23 8 1 9 19 3 21 17 26 11 22 20 24 2 25 28 18 13 
0 31 12 7 15 29 30 14 10 5 16 4 27 6 23 8 1 9 19 3 17 26 11 22 20 24 2 25 28 18 21 13 
0 31 12 7 15 29 30 14 10 5 26 11 22 20 24 2 25 28 18 3 19 9 1 8 23 6 27 4 16 17 21 13 
0 31 12 7 15 29 30 14 10 5 16 4 27 6 23 8 1 9 19 3 18 28 25 2 21 17 26 11 22 20 24 13 
0 31 12 7 15 29 30 14 10 5 16 4 27 6 23 8 1 9 19 3 17 26 11 22 20 24 2 25 28 18 21 13 
0 31 12 7 15 29 18 3 19 9 1 8 23 6 27 4 16 5 10 14 30 28 25 11 2 20 22 24 26 17 21 13 
0 31 12 7 15 29 30 14 10 5 16 4 27 6 20 19 24 9 8 3 18 28 25 2 1 23 22 11 26 17 21 13 
0 31 12 9 3 29 30 14 27 5 16 4 10 6 7 8 28 23 19 18 15 1 25 2 24 20 22 11 26 17 21 13 
0 31 12 7 15 29 30 14 10 5 16 4 27 6 20 19 24 9 8 3 18 28 25 2 1 23 22 11 26 17 21 13 
0 31 12 7 15 29 30 14 10 5 16 4 27 6 20 19 24 9 8 3 18 28 25 2 1 23 22 11 26 17 21 13 
0 31 12 7 15 29 30 14 10 5 16 4 27 6 20 19 24 9 8 3 18 28 25 2 1 23 22 11 26 17 21 13 
0 31 12 7 15 29 30 14 10 5 16 4 27 6 20 19 24 9 8 3 18 28 25 2 1 23 22 11 26 17 21 13 
0 31 12 7 15 29 30 14 10 5 16 4 27 6 20 19 24 9 8 3 18 28 25 2 1 23 22 11 26 17 21 13 
0 31 12 7 15 29 30 14 10 5 16 4 27 6 20 19 24 9 8 3 18 28 25 2 1 23 22 11 26 17 21 13 
0 31 15 7 12 29 30 10 14 5 16 4 27 6 23 8 1 26 19 3 18 28 25 2 24 20 22 11 9 17 21 13 
0 31 12 7 15 29 30 14 10 5 16 4 27 6 23 8 1 9 19 3 18 28 25 2 24 20 17 26 11 22 21 13 
0 31 12 7 15 29 30 14 10 5 16 4 27 6 23 8 1 9 19 3 18 28 25 2 22 20 17 24 26 11 21 13 
0 31 12 7 15 29 30 14 10 5 16 4 27 6 23 20 24 2 25 28 18 3 19 9 1 8 22 11 26 17 21 13 
0 31 12 7 15 29 30 14 10 8 16 4 19 6 1 9 5 23 28 27 3 18 25 2 24 20 22 11 26 17 21 13 
0 31 12 7 15 29 30 14 10 5 16 4 27 6 23 8 1 9 19 3 18 28 22 2 24 20 25 11 26 17 21 13 
0 31 12 7 15 29 30 14 10 5 16 4 27 6 23 8 1 25 28 18 3 19 9 2 24 20 22 11 26 17 21 13 
0 31 12 7 15 29 30 14 10 5 16 4 27 6 23 8 1 9 19 18 3 28 25 11 17 20 22 2 24 26 21 13 
0 31 12 7 15 29 30 14 10 5 16 4 27 6 23 8 1 9 19 3 21 17 26 11 22 20 24 2 25 28 18 13 
0 31 12 7 15 29 30 14 10 5 16 4 27 6 23 8 1 9 19 3 21 17 26 11 22 20 24 2 25 28 18 13 
0 31 12 7 15 29 30 14 10 5 16 4 27 6 23 8 1 9 19 3 21 17 26 11 22 20 24 2 25 28 18 13 
0 31 12 7 15 29 30 14 10 5 16 4 27 6 23 8 3 9 28 1 18 19 25 2 17 26 11 22 20 24 21 13 
0 31 12 7 15 29 30 14 10 5 16 4 27 6 23 8 3 9 28 1 18 19 25 2 17 26 11 22 20 24 21 13 
0 31 12 7 15 29 30 14 10 5 16 4 27 6 23 24 1 9 19 25 28 18 3 2 8 20 22 11 26 17 21 13 
0 31 12 7 15 29 30 14 10 5 16 4 27 6 23 24 1 9 19 25 28 18 3 2 8 20 22 11 26 17 21 13 
0 31 12 7 15 29 30 14 10 5 16 4 27 6 23 8 1 9 19 3 18 28 25 2 24 20 26 22 17 11 21 13 
0 31 12 7 15 29 30 14 10 5 16 4 27 6 24 2 25 28 18 3 19 9 1 8 23 20 22 11 26 17 21 13 
0 31 12 7 15 29 30 14 18 3 19 9 1 8 23 6 27 4 16 5 10 28 25 2 24 20 22 11 26 17 21 13 
0 31 12 7 15 29 30 14 10 5 16 4 27 6 23 8 1 9 19 3 18 28 25 2 26 11 22 20 24 17 21 13 
0 31 12 7 15 29 30 14 10 5 16 4 27 6 23 8 1 9 19 3 26 11 22 20 24 2 25 28 18 17 21 13 
0 31 12 7 15 29 30 14 10 5 16 4 27 6 23 8 1 9 19 3 18 17 26 11 22 20 24 2 25 28 21 13 
0 31 12 7 15 29 30 14 10 5 16 4 27 6 23 8 1 9 19 3 18 28 20 2 24 22 25 11 26 17 21 13 
0 31 12 7 15 29 30 11 22 20 24 2 25 28 18 3 19 9 1 8 23 6 27 4 16 5 10 14 26 17 21 13 
0 31 12 7 15 29 30 11 22 20 24 2 25 28 18 3 19 9 1 8 23 6 27 4 16 5 10 14 26 17 21 13 
0 31 12 7 15 29 9 30 3 10 16 4 27 6 23 14 1 8 19 5 18 28 25 2 24 20 22 11 26 17 21 13 
0 31 12 7 15 29 9 30 3 10 16 4 27 6 23 14 1 8 19 5 18 28 25 2 24 20 22 11 26 17 21 13 
0 31 12 7 15 29 30 14 10 5 16 4 27 6 23 8 1 11 22 18 9 19 3 28 25 2 24 20 26 17 21 13 
0 31 12 7 15 29 30 14 10 5 16 4 27 22 20 24 2 25 28 18 3 19 9 1 8 23 6 11 26 17 21 13 
0 31 12 7 15 29 30 14 10 5 16 4 27 22 20 24 2 25 28 18 3 19 9 1 8 23 6 11 26 17 21 13 
0 31 12 7 15 29 30 14 10 5 16 4 27 6 23 8 1 9 19 3 18 28 25 21 17 26 11 22 20 24 2 13 
0 31 12 7 15 30 29 1 10 5 16 4 27 6 23 19 14 9 8 3 18 28 25 2 24 20 22 11 26 17 21 13 
0 31 12 7 15 29 30 14 10 3 9 4 27 6 23 8 1 16 19 5 18 28 25 2 24 20 22 11 26 17 21 13 
0 31 12 7 15 29 30 14 10 3 9 4 27 6 23 8 1 16 19 5 18 28 25 2 24 20 22 11 26 17 21 13 
0 31 12 7 15 29 30 14 10 5 16 4 27 6 23 8 28 9 19 3 18 1 25 2 24 20 22 11 26 17 21 13 
0 31 12 7 15 29 30 19 9 1 8 23 6 27 4 16 5 10 14 3 18 28 25 2 24 20 22 11 26 17 21 13 
0 31 12 7 15 29 30 14 10 5 16 4 27 6 23 8 1 9 19 17 26 11 22 20 24 2 25 28 18 3 21 13 
0 31 12 7 15 29 30 14 10 5 16 4 27 6 23 8 1 9 19 17 26 11 22 20 24 2 25 28 18 3 21 13 
0 31 12 7 15 29 30 14 10 5 16 4 27 6 23 2 25 28 18 3 19 9 1 8 24 20 22 11 26 17 21 13 
0 31 12 7 15 29 30 14 10 5 16 4 27 6 23 2 25 28 18 3 19 9 1 8 24 20 22 11 26 17 21 13 
0 31 12 7 15 29 30 14 10 5 16 4 27 19 8 9 1 23 6 21 17 26 11 22 20 24 2 25 28 18 3 13 
0 31 12 7 15 29 30 14 10 5 16 4 27 6 23 8 1 9 19 11 22 20 24 2 25 28 18 3 26 17 21 13 
0 31 12 7 8 22 3 14 10 29 16 5 1 6 23 4 15 9 19 30 27 28 25 2 24 20 18 11 26 17 21 13 
0 31 12 7 8 22 3 14 10 29 16 5 1 6 23 4 15 9 19 30 27 28 25 2 24 20 18 11 26 17 21 13 
0 31 12 7 8 22 3 14 10 29 16 5 1 6 23 4 15 9 19 30 27 28 25 2 24 20 18 11 26 17 21 13 
0 31 12 7 15 29 30 14 10 5 16 4 27 6 23 8 1 9 19 22 3 28 25 2 24 20 18 11 26 17 21 13 
0 31 12 7 15 29 30 14 10 5 16 4 27 6 23 8 1 9 19 22 3 28 25 2 24 20 18 11 26 17 21 13 
0 31 12 7 15 29 30 14 10 5 16 4 27 28 23 8 1 9 19 3 25 6 18 2 24 20 22 11 26 17 21 13 
0 31 12 7 15 29 30 14 10 5 16 4 27 28 23 8 1 9 19 3 25 6 18 2 24 20 22 11 26 17 21 13 
0 31 12 7 15 29 30 14 10 5 16 4 27 6 23 8 1 9 19 22 3 28 25 2 24 20 18 11 26 17 21 13 
0 31 12 7 15 29 30 14 10 5 16 4 27 6 23 8 1 9 19 3 18 28 25 2 17 26 11 20 22 24 21 13 
0 31 12 7 15 29 30 14 10 5 16 4 27 6 23 8 1 9 19 3 18 28 25 2 17 26 11 20 22 24 21 13 
0 31 12 7 15 29 30 14 10 5 16 4 27 6 23 8 1 9 19 21 17 26 11 22 20 24 2 25 28 18 3 13 
0 31 12 7 15 29 30 14 10 5 16 4 27 6 23 8 1 9 19 21 17 26 11 22 20 24 2 25 28 18 3 13 
0 2 25 28 18 3 19 9 1 8 23 6 27 4 16 5 10 14 30 29 15 7 12 31 24 20 22 11 26 17 21 13 
0 31 12 7 17 26 11 22 20 24 2 25 28 18 3 19 9 1 8 15 29 30 14 10 5 16 4 27 6 23 21 13 
0 31 12 7 15 29 30 14 10 5 16 4 27 6 23 8 1 9 19 3 18 28 25 2 24 20 22 17 26 21 11 13 
0 31 12 7 15 29 30 14 10 5 16 4 27 6 23 8 25 28 18 3 19 9 1 2 24 20 22 11 26 17 21 13 
0 31 12 7 15 21 17 26 11 22 20 24 2 25 28 18 3 19 9 29 30 14 16 5 10 4 27 6 23 8 1 13 
0 31 12 7 17 26 11 22 20 24 2 25 28 18 3 19 9 1 8 15 29 30 14 10 5 16 4 27 6 23 21 13 
0 31 12 7 15 29 30 14 10 5 16 19 27 6 8 23 4 9 1 20 18 28 25 2 24 3 17 11 26 22 21 13 
0 31 12 7 17 26 11 22 20 24 2 25 28 18 3 19 9 1 8 15 29 30 14 10 5 16 4 27 6 23 21 13 
0 31 12 7 17 26 11 22 20 24 2 25 28 18 3 19 9 1 8 15 29 30 14 10 5 16 4 27 6 23 21 13 
0 31 12 7 15 29 30 14 10 5 16 4 27 6 23 8 1 9 19 3 18 28 25 2 24 17 26 11 22 20 21 13 
0 31 12 7 15 29 30 14 10 5 16 4 27 6 23 8 1 9 19 3 18 28 25 2 24 17 26 11 22 20 21 13 
0 31 12 7 15 29 30 14 10 5 16 4 27 6 23 8 18 28 3 1 25 9 19 2 24 20 22 11 26 17 21 13 
0 31 12 7 15 29 30 14 10 5 11 22 20 24 2 25 28 18 3 19 9 1 8 23 6 27 4 16 26 17 21 13 
0 31 12 7 15 29 30 14 10 5 16 4 27 6 23 8 1 9 19 17 26 11 22 20 24 2 25 28 18 3 21 13 
0 31 12 7 15 29 30 14 10 5 16 4 27 6 23 8 1 9 19 3 18 28 25 17 26 11 22 20 24 2 21 13 
0 31 12 7 15 29 30 14 10 5 16 4 27 6 25 28 18 3 19 9 1 8 23 2 24 20 22 11 26 17 21 13 
0 31 12 7 15 29 30 14 10 5 16 4 27 6 25 28 18 3 19 9 1 8 23 2 24 20 22 11 26 17 21 13 
0 31 12 7 15 29 30 14 10 5 16 4 27 6 23 8 1 9 19 3 18 28 20 25 24 2 22 11 26 17 21 13 
0 31 12 7 15 29 30 14 10 5 16 4 27 6 23 8 1 9 19 3 18 28 20 25 24 2 22 11 26 17 21 13 
0 31 12 7 15 29 30 14 10 5 16 4 27 6 23 8 1 9 19 3 18 28 26 11 22 20 24 2 25 17 21 13 
0 31 12 7 15 29 30 14 10 5 16 4 27 6 23 8 1 9 19 3 18 28 25 22 20 24 2 11 26 17 21 13 
0 31 12 7 15 29 30 14 10 8 16 4 27 6 23 3 20 9 19 25 18 28 5 2 24 1 22 11 26 17 21 13 
0 31 12 7 15 29 30 14 10 8 16 4 27 6 23 3 20 9 19 25 18 28 5 2 24 1 22 11 26 17 21 13 
0 31 12 7 15 29 30 14 10 5 16 4 27 6 23 8 1 9 19 3 18 28 25 2 17 26 11 22 20 24 21 13 
0 31 12 7 15 29 30 14 10 5 16 4 27 6 23 8 1 9 19 3 18 28 25 2 17 26 11 22 20 24 21 13 
0 31 12 7 15 29 30 14 10 5 16 4 27 6 23 8 1 9 19 3 18 28 25 2 17 26 11 22 20 24 21 13 
0 31 12 7 15 29 30 17 26 11 22 20 24 2 25 28 18 3 19 9 1 8 23 6 27 4 16 5 10 14 21 13 
0 31 12 7 15 29 30 8 23 6 27 4 16 5 10 14 1 9 19 17 26 11 22 20 24 2 25 28 18 3 21 13 
0 31 12 7 15 29 30 14 10 5 16 4 27 6 23 26 11 22 20 24 2 25 28 18 3 19 9 1 8 17 21 13 
0 31 12 7 15 29 30 14 10 5 28 18 3 19 9 1 8 23 6 27 4 16 25 2 24 20 22 11 26 17 21 13 
0 31 12 7 15 29 30 14 10 5 16 4 27 6 23 8 1 9 19 3 18 28 25 2 24 20 22 21 26 17 11 13 
0 31 12 7 15 29 30 14 10 5 16 4 27 6 23 8 1 9 19 3 18 28 25 2 24 20 22 21 26 17 11 13 
0 31 12 7 15 29 30 14 10 5 16 4 27 6 23 11 22 20 24 2 25 28 18 3 19 9 1 8 26 17 21 13 
0 31 12 7 15 29 30 14 10 5 16 4 27 6 23 11 22 20 24 2 25 28 18 3 19 9 1 8 26 17 21 13 
0 31 12 7 15 29 30 14 10 5 16 4 27 6 23 8 1 9 26 19 3 18 28 25 2 24 20 22 11 17 21 13 
0 31 12 7 15 29 30 14 10 5 16 4 27 6 23 8 1 9 26 19 3 18 28 25 2 24 20 22 11 17 21 13 
0 31 12 7 15 29 30 14 10 5 16 4 27 6 19 23 2 9 8 3 18 28 25 1 24 20 22 11 26 17 21 13 
0 31 12 7 15 29 30 14 10 5 16 4 27 6 23 8 1 9 26 19 3 18 28 25 2 24 20 22 11 17 21 13 
0 31 12 7 15 29 30 14 10 5 16 4 27 19 23 25 6 9 1 3 8 28 18 2 24 20 22 11 26 17 21 13 
0 31 12 7 17 26 11 22 20 24 2 25 28 18 3 19 9 1 8 15 29 30 14 10 23 6 27 4 16 5 21 13 
0 31 12 7 15 29 30 14 10 5 16 4 27 6 23 8 1 9 26 19 3 18 28 25 2 24 20 22 11 17 21 13 
0 31 12 7 15 29 30 3 10 5 16 4 27 6 25 8 18 9 19 14 1 28 23 2 24 20 22 11 26 17 21 13 
0 31 12 7 15 29 30 14 10 5 16 4 27 6 23 8 1 9 19 3 2 28 25 20 24 11 22 18 26 17 21 13 
0 31 12 7 15 29 30 14 10 5 16 4 27 6 23 28 9 1 19 3 18 8 25 2 24 20 22 11 26 17 21 13 
0 31 12 7 15 29 30 14 10 5 16 4 27 6 23 8 1 9 19 3 18 28 2 25 17 20 26 11 22 24 21 13 
0 31 12 7 15 29 30 14 10 5 16 4 27 6 23 28 9 1 19 3 18 8 25 2 24 20 22 11 26 17 21 13 
0 31 12 7 15 29 30 14 10 5 16 4 27 6 23 28 9 1 19 3 18 8 25 2 24 20 22 11 26 17 21 13 
0 31 12 7 15 29 30 14 10 5 16 4 27 6 23 28 9 1 19 3 18 8 25 2 24 20 22 11 26 17 21 13 
0 31 12 7 15 29 30 14 10 5 16 4 27 6 23 28 9 1 19 3 18 8 25 2 24 20 22 11 26 17 21 13 
0 31 12 7 15 29 30 14 10 5 16 4 27 6 23 28 9 1 19 3 18 8 25 2 24 20 22 11 26 17 21 13 
0 31 12 7 17 26 11 22 20 24 2 25 28 18 3 19 9 1 8 15 29 30 14 10 5 16 4 27 6 23 21 13 
0 31 12 7 15 29 30 14 10 5 16 4 27 6 23 8 1 9 19 3 2 28 22 18 24 20 25 11 26 17 21 13 
0 31 12 7 15 29 30 14 10 5 16 4 27 6 23 8 1 9 19 3 2 28 22 18 24 20 25 11 26 17 21 13 
0 31 12 7 15 29 30 14 10 5 16 4 27 6 23 8 1 9 19 3 2 28 22 18 24 20 25 11 26 17 21 13 
0 31 12 7 15 29 30 14 10 5 16 4 27 6 23 8 1 9 19 3 18 28 25 26 11 22 20 24 2 17 21 13 
0 31 12 7 15 29 30 14 10 5 16 4 27 6 23 8 1 9 19 3 18 28 25 26 11 22 20 24 2 17 21 13 
0 31 12 7 15 29 30 14 10 5 16 4 27 6 25 28 18 3 19 9 1 8 23 2 24 20 22 11 26 17 21 13 
0 31 12 7 15 29 30 14 10 5 16 4 27 6 25 28 18 3 19 9 1 8 23 2 24 20 22 11 26 17 21 13 
0 31 12 7 15 29 30 14 10 5 16 4 27 6 25 28 18 3 19 9 1 8 23 2 24 20 22 11 26 17 21 13 
0 31 12 7 17 26 11 22 20 24 2 25 28 18 3 19 9 1 8 15 29 30 14 10 5 16 4 27 6 23 21 13 
0 31 12 7 15 29 30 14 10 5 16 4 27 6 23 8 1 9 19 21 17 26 11 22 20 24 2 25 28 18 3 13 
0 31 12 7 15 29 30 14 10 27 16 19 28 6 1 8 23 9 4 3 18 5 25 2 24 20 22 11 26 17 21 13 
0 31 12 7 15 29 30 14 10 27 16 19 28 6 1 8 23 9 4 3 18 5 25 2 24 20 22 11 26 17 21 13 
0 31 12 7 15 29 30 14 10 27 16 19 28 6 1 8 23 9 4 3 18 5 25 2 24 20 22 11 26 17 21 13 
0 31 12 7 15 29 30 14 10 5 16 4 27 6 23 8 1 9 19 21 17 26 11 22 20 24 2 25 28 18 3 13 
0 31 12 7 17 26 11 22 20 24 2 25 28 18 3 19 9 1 8 15 29 30 14 10 5 16 4 27 6 23 21 13 
0 31 12 7 15 29 30 14 10 5 16 4 27 6 23 8 1 9 19 3 18 26 11 22 20 24 2 25 28 17 21 13 
0 31 12 7 15 29 30 14 10 5 16 4 27 6 23 25 1 9 19 2 18 28 8 3 24 20 22 11 26 17 21 13 
0 31 12 7 15 29 30 14 10 5 16 4 27 6 23 8 22 20 24 3 28 18 2 25 19 9 1 11 26 17 21 13 
0 31 12 7 15 29 30 27 10 5 16 4 14 6 8 23 1 9 19 28 18 3 25 2 24 20 22 11 26 17 21 13 
0 31 12 7 15 29 30 14 10 5 16 4 27 6 23 8 1 25 9 3 18 28 19 2 24 20 22 11 26 17 21 13 
0 31 12 7 15 29 30 25 10 5 23 16 27 6 20 8 1 9 19 3 18 28 14 2 4 22 24 11 26 17 21 13 
0 31 12 7 15 3 30 6 10 5 23 4 27 14 16 9 1 8 19 29 18 28 25 2 24 20 22 11 26 17 21 13 
0 31 12 7 15 29 30 14 10 5 16 4 27 6 23 8 28 9 19 3 18 1 25 2 24 20 22 11 26 17 21 13 
0 31 12 7 15 29 30 14 10 5 22 20 24 2 25 28 18 3 19 9 1 8 23 6 27 4 16 11 26 17 21 13 
0 31 12 7 15 29 30 19 9 1 8 23 6 27 4 16 5 10 14 3 18 28 25 2 24 20 22 11 26 17 21 13 
0 31 12 7 15 29 30 14 10 5 16 4 27 6 23 8 1 9 19 3 18 28 25 26 11 22 20 24 2 17 21 13 
0 31 12 7 1 8 23 6 27 4 16 5 10 14 22 20 24 2 25 28 18 3 19 9 15 29 30 11 26 17 21 13 
0 31 12 7 1 8 23 6 27 4 16 5 10 14 22 20 24 2 25 28 18 3 19 9 15 29 30 11 26 17 21 13 
0 31 12 7 15 29 28 18 3 19 9 1 8 23 6 27 4 16 5 10 14 30 25 2 24 20 22 11 26 17 21 13 
0 31 12 7 15 29 28 18 3 19 9 1 8 23 6 27 4 16 5 10 14 30 25 2 24 20 22 11 26 17 21 13 
0 31 30 7 27 29 12 14 10 5 16 4 15 6 23 8 1 17 19 3 18 28 25 2 24 20 22 11 26 9 21 13 
0 31 30 7 27 29 12 14 10 5 16 4 15 6 23 8 1 17 19 3 18 28 25 2 24 20 22 11 26 9 21 13 
0 31 12 7 15 24 2 25 28 18 3 19 9 1 8 23 6 27 4 16 5 10 14 30 29 20 22 11 26 17 21 13 
0 31 12 7 15 29 30 14 10 5 16 4 27 6 23 8 1 9 19 3 18 28 25 11 24 20 22 2 26 17 21 13 
0 31 12 7 15 29 30 14 10 5 16 4 27 6 23 8 1 9 19 3 18 22 25 2 24 20 28 11 26 17 21 13 
0 31 12 7 15 29 30 14 10 5 16 4 27 6 23 8 1 9 19 3 18 22 25 2 24 20 28 11 26 17 21 13 
0 31 12 7 15 29 30 14 10 5 1 8 23 6 27 4 16 28 3 19 18 9 25 2 24 20 22 11 26 17 21 13 
0 31 12 7 15 29 30 14 10 5 2 25 28 18 3 19 9 1 8 23 6 27 4 16 24 20 22 11 26 17 21 13 
0 31 12 7 15 29 30 28 18 3 19 9 1 8 23 6 27 4 16 5 10 14 25 2 24 20 22 11 26 17 21 13 
0 31 12 7 15 29 5 14 10 23 16 4 27 6 30 8 1 26 19 9 3 18 28 24 2 25 20 22 11 17 21 13 
0 31 12 7 15 29 5 14 10 23 16 4 27 6 30 8 1 26 19 9 3 18 28 25 2 24 20 22 11 17 21 13 
0 31 12 7 15 29 30 14 10 5 16 4 27 6 23 8 1 9 19 21 17 26 11 22 20 24 2 25 28 18 3 13 
0 31 12 7 15 29 30 14 10 5 16 4 27 6 23 8 1 9 19 3 18 28 25 2 24 20 22 11 21 17 26 13 
0 31 12 7 15 29 30 14 10 5 16 4 27 11 22 20 24 2 25 28 18 3 19 9 1 8 23 6 26 17 21 13 
0 31 12 20 24 2 25 28 18 3 19 9 1 8 23 6 27 4 16 5 10 14 30 29 15 7 22 11 26 17 21 13 
0 31 12 7 15 29 30 14 10 5 16 4 27 6 23 8 1 9 19 17 26 11 22 20 24 2 25 28 18 3 21 13 
0 31 12 7 15 29 30 14 10 5 16 4 27 6 25 28 18 3 19 23 8 1 9 2 24 20 22 11 26 17 21 13 
0 31 12 7 15 29 30 14 10 5 16 4 27 6 23 8 1 9 19 3 22 28 25 24 2 20 18 11 26 17 21 13 
0 31 12 7 15 29 30 14 10 5 16 4 27 6 23 8 1 9 19 3 22 28 25 24 2 20 18 11 26 17 21 13 
0 31 12 7 15 29 30 14 10 5 19 28 1 27 23 8 6 16 9 3 18 4 25 2 24 20 22 11 26 17 21 13 
0 31 12 25 28 18 3 19 9 1 8 23 6 27 4 16 5 10 14 30 29 15 7 2 24 20 22 11 26 17 21 13 
0 31 12 7 15 29 30 14 10 5 19 28 1 27 23 8 6 16 9 3 18 4 25 2 24 20 22 11 26 17 21 13 
0 31 12 7 15 29 30 14 10 5 16 4 27 6 23 1 18 9 19 3 8 28 25 2 24 20 22 11 26 17 21 13 
0 31 12 7 21 17 26 11 22 20 24 2 25 28 18 3 19 9 1 15 29 30 14 10 5 16 4 27 6 23 8 13 
0 31 12 7 15 29 30 14 10 5 16 4 27 6 23 8 1 9 25 3 18 28 19 2 24 20 22 11 26 17 21 13 
0 31 12 7 15 18 3 19 9 1 8 23 6 27 4 16 5 10 14 30 29 28 25 2 24 20 22 11 26 17 21 13 
0 31 12 7 15 29 30 14 10 5 16 4 27 6 23 8 1 9 19 21 17 3 18 28 25 2 24 20 22 11 26 13 
0 31 12 7 15 29 30 14 10 23 6 1 27 16 18 8 4 9 19 3 5 28 25 2 24 20 22 11 26 17 21 13 
0 31 12 7 15 29 30 14 10 5 16 4 27 6 26 18 3 19 9 1 8 23 25 2 24 20 22 28 11 17 21 13 
0 31 12 7 15 29 30 14 10 5 16 4 27 6 23 8 1 9 19 26 18 3 28 25 2 24 20 22 11 17 21 13 
0 31 11 22 20 24 2 25 28 18 3 19 9 1 8 23 6 27 4 16 5 10 14 30 29 15 7 12 26 17 21 13 
0 31 12 7 15 29 30 14 10 5 16 4 27 6 23 8 1 9 19 21 17 26 11 22 20 24 2 25 28 18 3 13 
0 31 12 7 15 29 30 14 10 5 17 26 11 22 20 24 2 25 28 18 3 19 9 1 8 23 6 27 4 16 21 13 
0 31 12 7 15 29 30 14 10 5 16 4 27 6 23 8 1 9 19 3 18 28 25 2 24 20 21 17 26 11 22 13 
0 31 12 7 15 29 30 14 10 5 16 4 27 6 23 8 1 9 19 3 18 17 26 11 22 20 24 2 25 28 21 13 
0 31 12 28 18 3 19 9 1 8 23 6 27 4 16 5 10 14 30 29 15 7 25 2 24 20 22 11 26 17 21 13 
0 31 12 7 15 29 30 14 10 5 16 4 27 6 20 24 2 25 28 18 3 19 9 1 8 23 22 11 26 17 21 13 
0 31 12 7 15 29 30 14 10 5 16 4 27 6 25 28 18 3 19 9 1 8 23 2 24 20 22 11 26 17 21 13 
0 31 11 22 20 24 2 25 28 18 3 19 9 1 8 23 6 27 4 16 5 10 14 30 29 15 7 12 26 17 21 13 
0 31 12 7 15 29 30 14 10 5 16 4 11 22 20 24 2 25 28 18 3 19 9 1 8 23 6 27 26 17 21 13 
0 31 12 7 15 29 30 14 10 5 16 4 11 22 20 24 2 25 28 18 3 19 9 1 8 23 6 27 26 17 21 13 
0 31 12 7 15 29 30 14 10 5 16 4 11 22 20 24 2 25 28 27 6 23 8 1 9 19 3 18 26 17 21 13 
0 31 12 7 15 29 30 14 10 5 16 4 11 22 20 24 2 25 28 27 6 23 8 1 9 19 3 18 26 17 21 13 
0 31 12 7 15 29 30 14 10 5 16 4 27 6 23 8 1 9 19 11 22 20 24 2 25 28 3 18 26 17 21 13 
0 31 12 7 15 29 30 11 22 20 24 2 25 28 18 3 19 9 1 8 23 6 27 4 16 5 10 14 26 17 21 13 
0 31 12 7 15 29 30 11 22 20 24 2 25 28 18 3 19 9 1 8 23 6 27 4 16 5 10 14 26 17 21 13 
0 31 12 7 15 29 30 14 10 5 16 4 27 6 23 8 1 9 19 3 18 28 25 2 24 20 21 17 26 11 22 13 
0 31 12 7 21 17 26 22 20 11 24 2 25 28 18 3 19 9 1 15 29 30 14 10 5 16 4 27 6 23 8 13 
0 31 12 7 15 29 24 2 25 28 18 3 19 9 1 8 23 6 27 4 16 5 10 14 30 20 22 11 26 17 21 13 
0 31 12 7 15 29 30 14 10 5 16 4 27 6 23 8 1 9 19 3 18 28 26 11 22 20 24 2 25 17 21 13 
0 31 12 7 15 29 30 14 10 5 25 28 18 3 19 9 1 8 23 6 27 4 16 2 24 20 22 11 26 17 21 13 
0 31 12 7 15 29 30 14 10 5 16 4 27 6 23 8 1 9 19 3 18 28 24 2 20 25 22 11 26 17 21 13 
0 31 12 7 15 29 30 14 10 5 16 4 27 6 23 9 1 25 19 3 18 28 8 2 24 20 22 11 26 17 21 13 
0 31 12 7 15 29 30 14 10 20 24 2 25 28 18 3 19 9 1 8 23 6 27 4 16 5 22 11 26 17 21 13 
0 31 12 7 15 29 30 14 10 20 24 2 25 28 18 3 19 9 1 8 23 6 27 4 16 5 22 11 26 17 21 13 
0 31 12 7 15 29 30 14 10 5 16 4 27 6 23 8 1 9 19 11 18 28 25 2 24 20 22 3 26 17 21 13 
0 31 12 7 21 17 26 22 20 11 24 2 25 28 18 3 19 9 1 15 29 30 14 10 5 16 4 27 6 23 8 13 
0 31 12 7 15 29 30 14 10 5 16 4 27 6 23 8 1 9 19 3 18 28 25 2 24 20 22 11 21 17 26 13 
0 31 12 7 15 23 6 14 10 5 16 4 27 30 1 8 29 9 19 3 18 28 25 2 24 20 22 11 26 17 21 13 
0 31 12 20 24 2 25 28 18 3 19 9 1 8 23 6 27 4 16 5 10 14 30 29 15 7 22 11 26 17 21 13 
0 31 12 7 15 29 30 14 17 26 11 22 20 24 2 25 28 18 3 19 9 1 8 23 6 27 4 16 5 10 21 13 
0 31 12 7 15 29 30 14 10 5 16 4 26 17 22 20 24 2 25 28 18 3 19 9 1 8 23 6 27 11 21 13 
0 31 12 7 15 29 30 14 10 5 16 4 27 6 23 8 1 20 19 28 18 3 25 2 24 9 22 11 26 17 21 13 
0 31 12 7 21 17 26 22 20 11 24 2 25 28 18 3 19 9 1 15 29 27 4 16 5 10 14 30 6 23 8 13 
0 31 12 7 21 17 26 22 20 11 24 2 25 28 18 3 19 9 1 15 29 30 14 10 5 16 4 27 6 23 8 13 
0 31 12 7 21 17 26 22 20 11 24 2 25 28 18 3 23 6 27 4 16 5 10 14 30 29 15 1 9 19 8 13 
0 31 12 7 15 29 30 14 10 5 17 26 11 22 20 24 2 25 28 18 3 19 9 1 8 23 6 27 4 16 21 13 
0 31 12 7 21 17 26 22 20 11 24 2 25 28 18 3 23 6 27 15 29 30 14 10 5 16 4 8 1 9 19 13 
0 31 12 7 15 29 30 14 10 5 16 4 27 6 23 8 1 9 19 3 18 28 25 2 24 20 21 17 26 11 22 13 
0 31 12 7 15 29 30 14 10 5 16 4 27 6 23 8 1 9 19 21 17 26 3 18 28 25 2 24 20 22 11 13 
0 31 12 7 15 29 30 14 10 5 16 4 6 27 23 19 1 9 28 3 18 8 25 2 24 20 22 11 26 17 21 13 
0 31 12 7 15 29 30 14 10 5 16 4 27 6 23 8 1 9 19 3 18 26 25 28 24 20 2 11 22 17 21 13 
0 31 12 7 15 29 30 14 10 5 16 4 27 6 23 8 1 9 19 21 17 26 20 22 11 24 2 25 28 18 3 13 
0 31 21 17 26 11 22 20 24 2 25 28 18 3 19 9 1 8 23 12 7 15 29 30 14 10 5 16 4 27 6 13 
0 31 21 17 26 11 22 20 24 2 25 28 18 3 19 9 1 8 23 12 7 15 29 30 14 10 5 16 4 27 6 13 
0 31 12 7 15 29 30 14 10 5 16 4 27 6 23 26 11 22 20 24 2 25 28 18 3 19 9 1 8 17 21 13 
0 31 12 7 15 29 30 14 10 5 16 4 27 6 23 8 1 9 3 19 18 21 17 26 11 22 20 24 2 25 28 13 
0 31 12 7 15 29 30 14 10 5 16 4 27 6 23 28 19 9 3 1 18 8 25 2 24 20 22 11 26 17 21 13 
0 31 12 7 15 29 30 14 10 5 16 4 27 6 23 8 1 9 19 3 18 28 25 11 24 20 22 2 26 17 21 13 
0 31 12 7 15 29 30 14 10 5 16 4 27 6 23 8 1 9 19 3 18 28 25 11 24 20 22 2 26 17 21 13 
0 31 12 7 15 29 30 14 10 5 16 4 26 11 22 20 24 2 25 28 18 3 19 9 1 8 23 6 27 17 21 13 
0 31 12 7 15 29 30 14 10 5 16 4 27 6 23 11 22 20 24 2 25 28 18 3 19 9 1 8 26 17 21 13 
0 31 12 7 15 29 30 14 10 5 16 4 27 11 23 8 1 9 19 3 18 28 25 2 24 20 22 6 26 17 21 13 
0 31 12 7 15 29 30 14 10 5 16 4 27 11 23 8 1 9 19 6 3 18 28 25 2 24 20 22 26 17 21 13 
0 31 12 7 15 29 30 14 10 5 16 4 27 6 23 22 20 11 2 3 1 24 19 25 28 18 8 17 26 9 21 13 
0 31 12 7 15 29 30 14 10 5 16 4 27 6 23 8 1 9 19 22 20 11 2 3 18 28 25 24 26 17 21 13 
0 31 12 7 15 29 30 1 10 5 16 4 27 6 14 8 23 9 19 3 18 28 25 2 24 20 22 11 26 17 21 13 
0 31 24 2 25 28 18 3 19 9 1 8 23 6 27 4 16 5 10 14 30 29 15 7 12 20 22 11 26 17 21 13 
0 31 12 7 15 29 30 21 17 26 11 22 20 24 2 25 28 18 3 19 9 1 8 23 6 27 4 16 5 10 14 13 
0 31 12 7 15 29 30 14 10 5 16 4 27 6 23 8 1 9 19 17 26 11 24 20 22 2 25 28 18 3 21 13 
0 31 12 10 15 30 29 14 7 5 16 4 27 6 23 8 1 9 19 3 18 28 25 2 24 20 22 11 26 17 21 13 
0 31 12 7 15 29 30 14 10 5 16 4 27 26 11 22 20 24 2 25 28 18 3 19 9 1 8 23 6 17 21 13 
0 31 21 17 26 11 22 20 24 2 25 28 18 3 19 9 1 8 23 12 7 15 29 30 14 10 5 16 4 27 6 13 
0 31 12 7 15 29 30 14 10 5 16 4 27 6 23 8 1 9 19 24 2 25 28 18 3 20 22 17 26 11 21 13 
0 31 12 7 15 29 30 14 10 5 16 4 27 6 23 8 1 9 19 24 2 25 28 18 3 20 22 17 26 11 21 13 
0 31 12 7 15 29 30 14 10 5 16 4 27 6 23 8 1 9 19 24 2 25 28 18 3 20 22 17 26 11 21 13 
0 31 12 7 15 29 30 14 10 5 16 4 27 6 23 8 1 9 19 3 22 18 25 2 24 20 28 11 26 17 21 13 
0 31 12 7 15 29 30 14 10 5 16 4 27 6 23 8 1 9 19 3 22 18 25 2 24 20 28 11 26 17 21 13 
0 31 12 7 15 29 30 14 10 5 16 4 27 6 23 8 1 25 2 3 18 20 9 19 24 28 22 11 26 17 21 13 
0 31 12 7 15 29 30 14 10 5 16 4 27 6 3 8 23 28 18 1 19 9 25 2 24 20 22 11 26 17 21 13 
0 31 12 7 15 29 30 14 10 5 16 4 27 6 23 8 1 9 19 25 2 3 18 20 24 28 22 11 26 17 21 13 
0 31 12 7 15 29 30 14 10 5 16 4 27 6 23 8 1 9 19 25 2 3 18 20 24 28 22 11 26 17 21 13 
0 31 12 7 15 29 30 14 10 5 16 4 27 6 23 8 1 9 19 3 18 28 25 2 24 21 17 26 11 22 20 13 
0 31 12 7 15 29 30 14 10 5 16 4 27 6 23 8 1 9 19 3 18 28 25 2 24 21 17 26 11 22 20 13 
0 31 12 7 15 29 30 14 10 5 16 4 27 6 23 24 2 25 28 18 3 19 9 1 8 20 22 11 26 17 21 13 
0 31 12 7 15 29 30 14 10 5 16 4 27 6 23 8 1 9 19 3 18 28 25 2 24 17 22 11 26 20 21 13 
0 31 12 7 15 29 30 14 10 5 16 4 27 6 23 8 1 9 19 3 21 17 26 11 22 20 24 2 25 28 18 13 
0 31 12 7 15 29 30 14 10 5 16 4 27 6 28 18 3 19 9 1 8 23 25 2 24 20 22 11 26 17 21 13 
0 31 12 7 15 29 30 1 10 5 16 4 27 23 6 8 14 9 19 3 18 28 25 2 24 20 22 11 26 17 21 13 
0 31 3 19 9 1 8 23 6 27 4 16 5 10 14 30 29 15 7 12 18 28 25 2 24 20 22 11 26 17 21 13 
0 31 12 7 15 29 30 14 10 5 16 4 27 6 23 8 1 9 19 17 26 11 22 20 24 2 25 28 18 3 21 13 
0 31 12 7 15 29 30 14 10 5 16 4 27 6 23 8 1 9 19 17 26 11 22 20 24 2 25 28 18 3 21 13 
0 31 12 7 15 29 30 14 10 5 16 4 27 6 23 8 1 9 19 17 26 11 22 20 24 2 25 28 18 3 21 13 
0 31 12 7 15 29 30 14 10 5 16 4 27 22 20 24 2 25 28 18 3 19 9 1 8 23 6 11 26 17 21 13 
0 31 12 7 15 29 30 14 10 5 16 4 27 22 20 24 2 25 28 18 3 19 9 1 8 23 6 11 26 17 21 13 
0 31 12 7 15 29 30 14 10 5 16 4 27 22 20 24 2 25 28 18 3 19 9 1 8 23 6 11 26 17 21 13 
0 31 12 7 15 29 30 14 10 5 16 4 27 22 20 24 2 25 28 18 3 19 9 1 8 23 6 11 26 17 21 13 
0 31 12 7 15 29 30 14 10 5 16 4 27 22 20 24 2 25 28 6 23 8 1 9 19 3 18 11 26 17 21 13 
0 31 12 7 15 29 30 14 10 5 16 4 27 22 20 24 2 25 28 6 23 8 1 9 19 3 18 11 26 17 21 13 
0 31 12 7 15 29 30 14 10 5 16 4 27 6 23 8 1 9 19 3 18 2 22 28 24 25 20 11 26 17 21 13 
0 31 12 7 15 29 30 14 10 4 27 16 5 6 23 8 1 9 19 3 18 28 25 2 26 11 22 20 24 17 21 13 
0 31 12 7 24 2 25 28 18 3 19 9 1 8 23 6 27 4 16 5 10 14 30 29 15 20 22 11 26 17 21 13 
0 31 12 7 15 29 30 14 10 5 16 4 27 6 23 8 1 9 19 3 18 28 25 2 24 20 22 21 17 26 11 13 
0 31 12 7 24 2 25 28 18 3 19 9 1 8 23 6 27 4 16 15 29 30 14 10 5 20 22 11 26 17 21 13 
0 31 12 7 15 5 10 14 30 29 16 4 27 6 23 8 1 9 19 21 17 26 11 22 20 24 2 25 28 18 3 13 
0 31 12 7 15 29 30 14 10 5 16 4 27 6 23 8 1 9 19 3 18 22 20 24 2 25 28 11 26 17 21 13 
0 31 12 7 15 29 30 14 10 21 17 26 11 22 20 24 2 25 28 18 3 19 9 1 8 23 6 27 4 16 5 13 
0 31 12 7 15 29 30 14 10 5 16 4 27 6 23 8 1 9 19 3 21 17 26 11 22 20 24 2 25 28 18 13 
0 31 15 7 10 29 27 14 12 5 30 4 16 6 23 8 1 9 19 3 18 28 25 2 24 20 22 11 26 17 21 13 
0 31 12 7 15 29 30 14 10 5 17 26 11 22 20 24 2 25 28 18 3 19 9 1 8 23 6 27 4 16 21 13 
0 31 12 7 15 29 30 14 10 5 16 4 27 6 23 8 1 9 19 3 18 28 25 2 24 20 17 11 26 22 21 13 
0 31 12 7 15 29 30 14 10 5 16 4 27 6 23 8 1 9 19 21 17 26 11 22 20 24 2 25 28 18 3 13 
0 31 12 7 15 29 30 14 10 5 16 4 27 6 23 8 1 28 18 3 19 9 25 2 24 20 22 11 26 17 21 13 
0 31 12 7 15 29 30 14 10 5 16 4 27 6 23 8 1 9 19 3 18 28 25 2 24 20 22 21 17 26 11 13 
0 31 12 7 15 29 30 14 19 9 1 8 23 6 27 4 16 5 10 3 18 28 25 2 24 20 22 11 26 17 21 13 
0 31 12 7 15 29 30 14 10 5 16 4 27 6 23 8 1 9 19 3 18 28 11 22 24 20 2 25 26 17 21 13 
0 31 12 7 4 27 19 16 10 5 14 15 29 6 23 8 1 9 30 3 18 28 25 2 24 20 22 11 26 17 21 13 
0 31 12 7 15 29 30 14 10 5 16 4 27 6 23 8 1 9 19 3 21 17 26 11 22 20 24 2 25 28 18 13 
0 31 12 7 15 29 30 14 10 5 16 4 27 6 23 8 1 9 19 3 21 17 26 11 22 20 24 2 25 28 18 13 
0 31 12 7 15 29 30 14 10 5 16 4 27 6 23 8 1 9 19 3 21 17 26 11 22 20 24 2 25 28 18 13 
0 31 12 7 15 29 30 14 10 5 16 4 27 6 23 8 1 9 19 3 21 17 26 11 22 20 24 2 25 28 18 13 
0 31 12 7 15 29 30 14 10 5 16 4 27 11 22 20 24 2 25 28 18 3 19 9 1 8 23 6 26 17 21 13 
0 31 12 7 15 29 30 14 10 5 16 4 27 6 23 8 1 9 19 3 11 22 25 2 24 20 28 18 26 17 21 13 
0 31 12 7 15 29 30 14 19 27 3 4 5 6 8 23 1 9 10 16 18 28 25 2 24 20 22 11 26 17 21 13 
0 31 12 7 15 29 30 14 19 27 3 4 5 6 8 23 1 9 10 16 18 28 25 2 24 20 22 11 26 17 21 13 
0 31 12 7 15 29 16 14 10 5 30 4 27 6 23 8 1 9 28 3 18 19 25 2 24 20 22 11 26 17 21 13 
0 31 12 7 15 29 30 14 10 5 16 4 27 6 23 20 1 8 19 2 9 28 25 3 24 18 22 11 26 17 21 13 
0 28 18 3 19 9 1 8 23 6 27 4 16 5 10 14 30 29 15 7 12 31 25 2 24 20 22 11 26 17 21 13 
0 31 12 7 15 29 30 14 10 5 16 4 21 17 26 11 22 20 24 2 25 28 18 3 19 9 1 8 23 6 27 13 
0 31 12 7 15 29 30 14 10 5 16 4 27 6 23 22 1 9 19 3 18 28 25 2 24 20 8 11 26 17 21 13 
0 31 12 7 15 29 30 14 10 5 16 4 27 6 23 9 1 8 19 25 3 28 18 2 24 20 22 11 26 17 21 13 
0 31 12 7 15 29 30 14 10 5 16 4 27 6 23 8 1 9 19 21 17 11 22 3 18 28 25 2 24 20 26 13 
0 31 12 7 15 29 30 14 10 5 16 4 27 6 23 2 1 9 19 3 21 28 25 8 24 20 22 11 26 17 18 13 
0 31 12 7 15 29 30 14 10 5 16 4 27 6 23 2 1 9 19 3 21 28 25 8 24 20 22 11 26 17 18 13 
0 31 12 7 15 29 30 14 10 5 16 4 27 6 23 8 1 9 19 3 18 28 25 2 24 17 22 11 26 20 21 13 
0 31 12 7 15 29 30 14 10 5 16 4 27 6 23 8 1 9 11 26 18 28 25 2 24 20 22 19 3 17 21 13 
0 31 12 7 15 29 30 14 10 5 16 4 27 6 23 8 1 9 11 19 3 18 28 25 2 24 20 22 26 17 21 13 
0 31 12 7 15 17 26 11 22 20 24 2 25 28 18 3 19 9 1 8 23 6 27 4 16 5 10 14 30 29 21 13 
0 31 12 7 15 29 30 14 10 5 16 4 27 6 23 8 1 9 19 17 26 11 22 20 24 2 25 28 18 3 21 13 
0 31 12 7 15 29 30 14 10 28 18 3 19 9 1 8 23 6 27 4 16 5 25 2 24 20 22 11 26 17 21 13 
0 31 12 7 15 29 30 14 10 5 16 4 27 6 23 8 1 9 19 3 18 28 25 2 24 20 22 11 21 17 26 13 
0 31 12 7 15 29 30 14 10 5 22 20 24 2 25 28 18 3 19 9 1 8 23 6 27 4 16 11 26 17 21 13 
0 31 12 7 15 29 30 14 10 5 16 4 27 6 23 8 1 9 19 3 18 28 25 2 21 17 26 11 22 20 24 13 
0 31 12 7 15 29 30 14 10 5 16 4 27 6 23 8 1 9 19 3 18 28 25 2 21 17 26 11 22 20 24 13 
0 31 12 7 15 29 30 14 10 5 16 4 27 6 23 8 1 9 19 3 18 28 25 2 21 17 26 11 22 20 24 13 
0 31 12 7 15 14 30 29 10 5 16 18 27 6 23 8 1 17 26 11 22 20 24 2 25 28 4 3 19 9 13 21 
0 31 12 7 15 14 30 29 10 5 16 18 27 6 23 8 1 17 26 11 22 20 24 2 25 28 4 3 19 9 13 21 
0 31 12 7 15 29 30 14 10 5 16 4 27 6 23 8 1 9 19 18 17 26 11 22 20 24 2 25 28 3 13 21 
0 31 12 7 15 29 30 14 10 5 16 4 27 6 23 8 1 9 19 3 18 28 22 2 24 20 13 11 26 17 25 21 
0 31 12 7 15 29 30 14 10 5 16 4 27 6 23 8 1 9 19 26 11 3 18 28 25 2 24 20 22 17 21 13 
0 31 12 21 17 26 11 22 20 24 2 25 28 18 3 19 9 1 8 7 15 29 30 14 10 5 16 4 27 6 23 13 
0 31 12 7 15 29 30 14 10 5 16 4 27 6 23 8 1 9 19 3 18 28 25 2 24 17 22 20 26 11 13 21 
0 31 12 7 15 29 30 14 10 5 16 4 27 6 20 24 2 25 28 18 3 19 9 1 8 23 22 11 26 17 13 21 
0 31 12 7 15 30 29 14 10 5 16 18 27 6 23 19 1 9 28 3 4 8 25 2 24 20 22 11 26 17 13 21 
0 31 12 7 15 30 29 14 10 5 16 18 27 6 23 19 1 9 28 3 4 8 25 2 24 20 22 11 26 17 13 21 
0 31 12 7 15 29 30 14 10 5 16 4 27 6 23 8 1 9 19 3 18 28 25 2 24 20 22 13 17 26 11 21 
0 31 12 7 15 29 30 14 10 5 16 4 27 6 24 2 25 28 18 3 19 9 1 8 23 20 22 11 26 17 13 21 
0 31 12 7 15 29 30 14 10 5 16 4 27 6 23 8 2 9 19 1 3 18 28 25 24 20 22 11 26 17 13 21 
0 31 12 7 15 29 30 14 10 5 16 17 26 11 22 20 24 2 25 28 18 3 19 9 1 8 23 6 27 4 13 21 
0 31 12 7 15 29 30 14 10 5 16 4 27 6 23 8 1 9 19 17 26 11 22 20 24 2 25 28 18 3 13 21 
0 31 14 7 29 15 10 12 30 5 16 4 27 6 23 8 1 9 19 3 18 28 25 2 24 20 22 11 26 17 13 21 
0 31 12 7 15 29 30 14 10 5 16 4 27 20 24 2 25 28 18 3 19 9 1 8 23 6 22 11 26 17 13 21 
0 31 12 7 15 29 30 14 10 5 16 4 27 6 23 8 1 9 19 3 18 28 22 20 24 2 25 11 26 17 13 21 
0 31 12 7 15 29 30 14 10 5 16 4 27 6 23 8 1 9 11 19 3 18 28 25 2 24 20 22 26 17 13 21 
0 31 12 7 15 29 2 10 14 28 16 4 27 6 23 8 1 9 19 3 18 5 25 30 24 20 22 11 26 17 13 21 
0 31 12 7 15 29 30 14 10 5 16 4 17 6 23 20 1 9 19 3 18 28 25 27 24 8 22 11 26 2 13 21 
0 31 12 7 15 29 30 14 10 5 16 4 27 6 23 8 1 9 19 3 18 28 25 11 22 20 24 2 26 17 13 21 
0 31 12 7 15 29 30 14 10 5 16 2 27 8 23 6 1 9 19 3 18 28 25 13 17 26 11 22 20 24 4 21 
0 31 12 7 15 29 30 14 10 5 16 4 27 6 23 8 1 9 19 3 18 28 25 11 22 20 24 2 26 17 13 21 
0 31 12 7 15 29 30 14 10 5 16 4 27 6 23 8 1 9 19 3 11 2 25 28 18 20 22 24 26 17 13 21 
0 31 12 7 15 29 30 14 10 5 16 4 27 17 26 11 22 20 24 2 25 28 18 3 19 9 1 8 23 6 13 21 
0 31 12 7 15 29 30 14 10 5 16 13 17 26 11 22 20 24 2 25 28 18 3 19 9 1 8 23 6 27 4 21 
0 31 12 7 15 29 30 14 10 5 16 4 27 17 26 1 23 20 11 6 22 8 24 9 19 3 18 28 25 2 13 21 
0 31 20 24 2 25 28 18 3 19 9 1 8 23 6 27 4 16 5 10 14 30 29 15 7 12 22 11 26 17 13 21 
0 31 12 7 15 29 30 14 10 5 16 4 19 6 23 3 1 9 24 8 22 28 25 2 11 20 18 27 26 17 13 21 
0 31 20 24 2 25 28 18 3 19 9 1 8 23 6 27 4 16 5 12 7 15 29 30 14 10 22 11 26 17 13 21 
0 31 12 7 15 29 30 14 10 5 16 4 27 6 23 8 1 9 19 26 18 28 25 2 24 20 22 11 3 17 13 21 
0 31 12 7 15 29 30 14 10 5 16 4 27 6 23 8 1 9 19 17 26 11 22 20 24 2 25 28 18 3 13 21 
0 31 12 7 15 29 30 14 10 5 16 4 27 6 23 8 1 9 19 17 26 11 22 20 24 2 25 28 18 3 13 21 
0 31 12 7 15 29 30 14 10 5 16 4 27 6 23 8 1 9 19 3 18 28 22 20 24 2 25 11 26 17 13 21 
0 31 12 7 15 29 30 14 18 3 19 9 1 8 23 6 27 4 16 5 10 28 25 2 24 20 22 11 26 17 13 21 
0 31 12 7 15 29 30 14 10 5 16 4 27 6 23 26 1 9 19 3 25 28 18 2 22 20 24 11 8 17 13 21 
0 31 12 7 15 29 30 14 10 5 16 4 27 6 23 26 1 9 19 8 3 18 28 25 2 24 20 22 11 17 13 21 
0 31 12 7 15 29 30 14 10 5 16 4 27 6 23 8 1 9 19 3 18 28 25 2 24 17 20 11 26 22 13 21 
0 31 12 7 15 29 30 14 10 8 16 4 5 6 28 23 1 9 19 27 18 3 25 2 24 20 22 11 26 17 13 21 
0 31 12 7 15 29 30 14 10 5 16 4 27 6 23 8 1 9 19 3 18 28 11 22 20 24 2 25 26 17 13 21 
0 31 12 15 7 1 30 14 10 5 16 4 27 6 23 8 29 9 19 3 18 28 25 2 24 20 22 11 26 17 13 21 
0 31 12 7 15 29 30 18 3 19 9 1 8 23 6 27 4 16 5 10 14 28 25 2 24 20 22 11 26 17 13 21 
0 31 12 7 15 29 30 18 3 19 9 1 8 23 6 27 4 16 5 10 14 28 25 2 24 20 22 11 26 17 13 21 
0 31 12 7 15 29 30 14 10 5 16 4 28 6 23 8 1 27 19 3 18 9 25 2 24 20 22 11 26 17 13 21 
0 31 12 7 15 29 30 14 10 5 16 4 27 6 23 8 1 9 19 3 24 20 2 28 18 22 25 11 26 17 13 21 
0 31 12 7 15 29 30 14 10 5 16 4 27 6 23 8 1 9 19 3 18 11 25 2 24 20 22 28 26 17 13 21 
0 31 12 7 15 29 30 14 10 5 16 4 27 6 23 8 1 9 19 3 18 11 25 2 24 20 22 28 26 17 13 21 
0 31 12 11 22 20 24 2 25 28 18 3 19 9 1 8 23 6 27 4 16 5 10 14 30 29 15 7 26 17 13 21 
0 31 12 11 22 20 24 2 25 28 18 3 19 9 1 8 23 6 27 4 16 5 10 14 30 29 15 7 26 17 13 21 
0 31 12 7 15 29 30 14 10 5 16 4 27 6 23 8 1 9 22 25 18 28 24 2 3 20 19 11 26 17 13 21 
0 31 12 7 15 29 30 14 10 5 16 4 27 6 23 8 1 9 19 13 17 26 11 22 20 24 2 25 28 18 3 21 
0 31 12 7 15 29 30 22 20 24 2 25 28 18 3 19 9 1 8 23 6 27 4 16 5 10 14 11 26 17 13 21 
0 31 4 7 14 29 12 5 10 15 16 30 27 6 23 8 1 9 19 3 18 28 25 2 24 20 22 11 26 17 13 21 
0 20 24 2 25 28 18 3 19 9 1 8 23 6 27 4 16 5 10 14 30 29 15 7 12 31 22 11 26 17 13 21 
0 31 4 7 14 29 12 5 10 15 16 30 27 6 23 8 1 9 19 3 18 28 25 2 24 20 22 11 26 17 13 21 
0 31 12 7 15 29 30 14 10 5 16 4 27 6 8 23 13 9 19 3 18 28 25 2 24 20 22 11 26 17 1 21 
0 31 12 7 15 29 30 14 10 5 16 4 27 6 23 8 1 9 19 3 18 28 20 2 24 25 22 11 26 17 13 21 
0 31 12 7 15 29 20 24 2 25 28 18 3 19 9 1 8 23 6 27 4 16 5 10 14 30 22 11 26 17 13 21 
0 31 12 7 15 29 20 24 2 25 28 18 3 19 9 1 8 23 6 27 4 16 5 10 14 30 22 11 26 17 13 21 
0 31 12 7 15 29 30 14 10 5 16 4 27 6 23 8 1 9 19 13 17 26 11 22 20 24 2 25 28 18 3 21 
0 31 12 7 15 29 30 14 10 5 16 4 27 6 23 8 1 9 19 2 18 28 24 3 25 20 22 11 26 17 13 21 
0 31 12 7 15 29 30 14 10 5 16 4 27 6 23 8 1 9 19 3 18 28 25 2 24 20 13 17 26 11 22 21 
0 31 12 7 15 29 30 14 10 5 2 25 28 18 3 19 9 1 8 23 6 27 4 16 24 20 22 11 26 17 13 21 
0 31 12 7 15 29 30 14 10 5 16 4 27 6 19 8 1 23 9 3 17 28 25 2 24 18 22 11 26 20 13 21 
0 31 12 7 15 29 30 14 10 5 16 3 27 6 23 8 1 9 11 4 18 28 25 2 24 20 22 26 19 17 13 21 
0 31 12 7 15 29 30 14 10 5 16 4 27 6 23 8 1 9 19 3 11 18 28 25 2 24 20 22 26 17 13 21 
0 31 12 7 15 29 30 14 10 5 16 4 27 6 23 8 1 9 19 26 18 28 25 20 24 11 22 2 3 17 13 21 
0 31 11 22 20 24 2 25 28 18 3 19 9 1 8 23 6 27 4 16 5 10 14 30 29 15 7 12 26 17 13 21 
0 31 12 7 15 29 30 14 10 5 16 4 27 6 23 8 1 17 26 9 19 3 18 28 25 2 24 20 22 11 13 21 
0 18 3 19 9 1 8 23 6 27 4 16 5 30 14 10 29 15 7 12 31 28 25 2 24 20 22 11 26 17 13 21 
0 31 12 7 15 23 30 14 10 5 16 4 27 18 29 9 1 8 19 3 6 28 25 2 24 20 22 11 26 17 13 21 
0 31 12 7 25 28 18 3 19 9 1 8 23 6 27 4 16 5 10 14 30 29 15 2 24 20 22 11 26 17 13 21 
0 31 12 7 25 28 18 3 19 9 1 8 23 6 27 4 16 5 10 14 30 29 15 2 24 20 22 11 26 17 13 21 
0 31 12 7 25 28 18 3 19 9 1 8 23 6 27 4 16 5 10 14 30 29 15 2 24 20 22 11 26 17 13 21 
0 31 12 7 15 29 30 14 28 18 3 19 9 1 8 23 6 27 4 16 5 10 25 2 24 20 22 11 26 17 13 21 
0 31 12 7 15 22 20 24 2 25 28 18 3 19 9 1 8 23 6 27 4 16 5 10 14 30 29 11 26 17 13 21 
0 31 12 7 15 29 30 14 10 5 16 4 27 6 11 22 20 2 24 25 28 18 3 19 9 1 8 23 26 17 13 21 
0 31 12 7 15 29 30 22 20 24 2 25 28 18 3 19 9 1 8 23 6 27 4 16 5 10 14 11 26 17 13 21 
0 31 12 7 15 29 30 22 20 24 2 25 28 18 3 19 9 1 8 14 10 5 16 4 27 6 23 11 26 17 13 21 
0 31 12 7 15 29 30 22 20 24 2 25 28 18 3 19 9 1 8 14 10 5 16 4 27 6 23 11 26 17 13 21 
0 31 12 7 15 29 30 14 10 5 16 4 8 18 1 27 23 25 19 3 6 28 9 2 24 20 22 11 26 17 13 21 
0 31 12 7 15 29 30 14 10 5 16 4 27 6 23 8 1 9 19 3 18 20 25 2 24 28 22 11 26 17 13 21 
0 31 12 7 15 29 30 14 10 5 16 4 27 6 23 20 24 2 25 28 18 3 19 9 1 8 22 11 26 17 13 21 
0 31 12 7 15 29 30 14 10 5 16 4 27 6 23 8 1 9 19 3 18 28 25 2 26 11 22 20 24 17 13 21 
0 31 12 7 25 28 18 3 19 9 1 8 23 6 27 4 16 5 10 14 30 29 15 2 24 20 22 11 26 17 13 21 
0 31 12 7 15 29 30 20 24 2 25 28 18 3 19 9 1 8 23 6 27 4 16 5 10 14 22 11 26 17 13 21 
0 31 12 7 15 29 30 14 10 5 16 4 27 6 23 8 1 9 19 3 18 13 17 26 11 22 20 24 2 25 28 21 
0 31 12 7 15 29 30 14 10 5 16 4 27 9 28 8 1 19 6 3 18 2 25 23 24 20 22 11 26 17 13 21 
0 31 12 7 15 29 30 14 10 5 16 4 27 9 28 8 1 19 6 3 18 2 25 23 24 20 22 11 26 17 13 21 
0 31 12 7 15 29 30 14 10 5 16 4 27 6 23 8 1 9 19 17 11 3 18 20 25 2 28 24 22 26 13 21 
0 31 12 7 15 29 30 14 10 19 16 4 27 6 23 8 1 9 24 5 18 28 25 2 3 20 22 11 26 17 13 21 
0 31 12 7 15 29 30 14 10 22 20 24 2 25 28 18 3 19 9 1 8 23 6 27 4 16 5 11 26 17 13 21 
0 31 12 7 15 29 30 14 10 5 16 4 27 6 23 8 25 28 18 3 19 9 1 2 24 20 22 11 26 17 13 21 
0 31 12 7 15 29 30 14 10 5 16 4 27 6 23 8 1 9 19 3 18 28 25 2 24 20 22 11 13 17 26 21 
0 31 12 7 15 29 30 14 10 5 16 4 27 6 23 8 1 9 19 13 17 26 11 3 18 28 25 2 24 20 22 21 
0 31 12 7 15 29 30 14 10 5 16 4 27 6 23 8 18 3 19 9 1 28 25 2 24 20 22 11 26 17 13 21 
0 31 12 7 15 29 30 14 10 5 16 4 27 6 23 8 1 9 19 3 20 24 2 25 28 18 22 11 26 17 13 21 
0 31 12 7 15 29 30 14 10 5 16 4 27 6 23 8 1 9 19 3 20 24 2 25 28 18 22 11 26 17 13 21 
0 31 12 7 15 29 30 14 10 5 16 4 27 6 23 20 24 2 25 28 18 3 19 9 1 8 22 11 26 17 13 21 
0 31 12 7 15 22 20 24 2 25 28 18 3 19 9 1 8 23 6 27 4 16 5 10 14 30 29 11 26 17 13 21 
0 31 12 7 15 29 30 14 10 5 16 4 27 6 23 8 1 9 19 22 20 24 2 25 28 18 3 11 26 17 13 21 
0 31 12 7 15 29 30 14 10 5 16 4 27 6 23 8 1 18 19 25 9 28 3 2 24 20 22 11 26 17 13 21 
0 31 12 11 22 20 24 2 25 28 18 3 19 9 1 8 23 6 27 4 16 5 10 14 30 29 15 7 26 17 13 21 
0 18 3 19 23 1 8 9 6 27 4 16 5 10 14 30 29 15 7 12 31 28 25 2 24 20 22 11 26 17 13 21 
0 31 12 7 15 29 30 14 10 1 16 4 27 5 23 8 6 9 19 3 18 28 25 2 24 20 22 11 26 17 13 21 
0 31 12 7 15 29 30 14 10 2 25 28 18 3 19 9 1 8 23 6 27 4 16 5 24 20 22 11 26 17 13 21 
0 31 12 7 15 29 30 14 10 5 16 4 27 6 23 8 1 9 19 3 18 20 28 2 22 24 25 11 26 17 13 21 
0 31 12 7 15 29 30 14 10 5 16 4 27 6 2 25 28 18 3 19 9 1 8 23 24 20 22 11 26 17 13 21 
0 31 12 7 15 29 30 14 10 5 16 4 27 6 23 8 1 9 19 3 18 28 20 25 24 2 22 11 26 17 13 21 
0 31 12 7 15 29 30 14 10 5 16 4 27 6 23 17 26 11 22 20 24 2 25 28 18 3 19 9 1 8 13 21 
0 31 12 7 15 29 30 14 10 5 16 4 27 6 23 8 1 9 19 3 18 28 25 22 20 24 2 11 26 17 13 21 
0 31 12 7 15 29 30 14 10 5 16 4 27 6 23 8 1 9 19 17 26 11 22 20 24 2 25 28 18 3 13 21 
0 31 12 7 15 29 30 14 10 5 16 4 27 6 23 8 1 9 19 3 18 13 17 26 11 22 20 24 2 25 28 21 
0 31 12 7 15 29 30 14 10 5 16 4 27 6 23 8 1 9 19 3 18 13 17 26 11 22 20 24 2 25 28 21 
0 31 12 7 15 29 30 14 10 5 16 4 27 6 23 8 1 9 19 3 18 13 17 26 11 22 20 24 2 25 28 21 
0 31 12 7 15 29 30 14 10 5 16 4 27 6 23 8 1 9 19 3 18 13 17 26 11 22 20 24 2 25 28 21 
0 31 12 7 15 29 30 14 10 5 16 4 27 6 23 8 1 9 19 3 18 28 25 2 17 26 22 11 20 24 13 21 
0 31 12 7 15 29 30 14 10 5 16 17 26 11 22 20 24 2 25 28 18 3 19 9 1 8 23 6 27 4 13 21 
0 31 12 7 15 29 30 14 10 5 16 4 27 6 23 8 1 9 19 17 26 11 22 20 24 2 25 28 18 3 13 21 
0 31 12 7 15 29 30 14 10 5 16 4 27 6 23 8 1 9 19 17 26 11 22 20 24 2 25 28 18 3 13 21 
0 31 12 7 15 30 29 14 10 5 16 4 27 6 23 8 1 9 19 3 18 28 25 26 11 22 20 24 2 17 13 21 
0 31 12 7 15 29 30 16 10 5 14 3 27 6 23 8 1 9 19 25 18 28 4 2 24 20 22 11 26 17 13 21 
0 31 12 7 15 29 30 14 10 5 16 4 11 22 20 24 2 25 28 18 3 19 9 1 8 23 6 27 26 17 13 21 
0 31 12 7 15 29 30 14 10 5 16 4 27 6 23 8 2 9 19 3 18 28 25 1 24 20 22 11 26 17 13 21 
0 25 28 18 3 19 9 1 8 23 6 27 4 16 5 10 14 30 29 15 7 12 31 2 24 20 22 11 26 17 13 21 
0 31 12 7 15 29 30 14 10 5 16 4 27 6 23 8 1 9 22 20 24 2 25 28 18 3 19 11 26 17 13 21 
0 31 12 7 15 13 17 26 11 22 20 24 2 25 28 18 3 19 9 1 8 23 6 27 4 16 5 10 14 30 29 21 
0 31 20 24 2 25 28 18 3 19 9 1 8 23 6 27 4 16 5 10 14 30 29 15 7 12 22 11 26 17 13 21 
0 31 12 7 15 29 11 22 20 24 2 25 28 18 3 19 9 1 8 23 6 27 4 16 5 10 14 30 26 17 13 21 
0 31 12 7 15 29 30 14 10 5 16 4 27 6 23 8 1 9 19 11 22 20 24 18 25 28 3 2 26 17 13 21 
0 31 12 7 15 13 17 26 11 22 20 24 2 25 28 18 3 19 9 29 30 14 10 5 16 4 27 6 23 8 1 21 
0 31 12 7 15 29 30 14 10 5 16 4 27 6 23 8 1 9 19 3 20 28 25 2 26 18 22 11 24 17 13 21 
0 31 12 7 15 29 30 14 10 5 16 4 27 6 23 8 1 9 19 18 3 28 25 26 24 20 22 11 13 17 2 21 
0 31 12 7 15 29 30 14 10 5 16 4 27 6 23 8 1 9 19 18 3 28 25 26 24 20 22 11 13 17 2 21 
0 31 12 7 15 29 30 14 10 5 16 4 27 6 23 8 1 9 19 3 18 28 26 11 22 20 24 2 25 17 13 21 
0 31 12 7 15 29 30 14 10 5 16 4 27 6 23 8 1 9 19 3 18 28 20 22 24 25 2 11 26 17 13 21 
0 31 12 7 15 29 30 14 10 5 16 4 27 6 23 8 1 9 19 3 18 28 25 20 24 22 2 11 26 17 13 21 
0 31 12 7 15 29 30 14 10 5 20 24 2 25 28 18 3 19 9 1 8 23 6 27 4 16 22 11 26 17 13 21 
0 31 12 7 15 29 30 14 10 5 16 4 27 6 23 8 1 9 19 20 22 18 25 28 2 24 3 11 26 17 13 21 
0 31 12 7 15 29 30 14 10 5 16 4 27 6 23 8 1 9 19 3 18 28 24 2 25 11 22 20 26 17 13 21 
0 31 12 7 15 29 30 14 10 5 16 4 27 22 20 24 2 25 28 18 3 19 9 1 8 23 6 11 26 17 13 21 
0 31 12 7 15 29 30 14 10 5 16 4 27 6 23 8 1 9 19 3 18 28 25 24 2 26 20 11 22 17 13 21 
0 31 12 7 15 29 30 14 10 5 16 4 27 20 19 9 1 8 23 6 24 2 25 28 18 3 22 11 26 17 13 21 
0 31 12 7 15 29 30 14 10 5 3 8 6 27 4 23 1 9 19 28 18 16 25 2 24 20 22 11 26 17 13 21 
0 31 12 7 25 28 18 3 19 9 1 8 23 6 27 4 16 5 10 14 30 29 15 2 24 20 22 11 26 17 13 21 
0 31 12 7 15 29 30 14 10 5 16 4 27 6 23 8 1 9 19 17 26 3 18 28 25 2 24 20 22 11 13 21 
0 31 12 7 15 29 30 28 18 3 19 9 1 8 23 6 27 4 16 5 10 14 25 2 24 20 22 11 26 17 13 21 
0 31 12 7 26 11 22 20 24 2 25 28 18 3 19 9 1 8 23 6 27 4 16 5 10 14 30 29 15 17 13 21 
0 31 12 7 15 29 30 14 10 11 22 20 24 2 25 28 18 3 19 9 1 8 23 6 27 4 16 5 26 17 13 21 
0 31 12 7 15 29 30 14 10 11 22 20 24 2 25 28 18 3 19 5 16 4 27 6 23 8 1 9 26 17 13 21 
0 31 12 7 15 29 30 14 10 11 22 20 24 2 25 28 18 3 19 5 16 4 27 6 23 8 1 9 26 17 13 21 
0 31 12 7 15 29 30 14 10 11 22 20 24 2 25 28 18 3 19 5 16 4 27 6 23 8 1 9 26 17 13 21 
0 31 12 7 15 29 30 14 10 11 22 20 24 2 25 28 18 3 19 5 16 4 27 6 23 8 1 9 26 17 13 21 
0 31 12 7 15 29 30 14 26 11 22 20 24 2 25 28 18 3 19 9 1 8 23 6 27 4 16 5 10 17 13 21 
0 31 12 7 15 29 30 14 10 5 16 13 17 26 11 22 20 24 2 25 28 18 3 19 9 1 8 23 6 27 4 21 
0 31 12 7 15 29 30 14 10 25 16 4 27 6 23 8 1 9 19 28 18 3 5 2 24 20 22 11 26 17 13 21 
0 31 12 7 15 29 30 14 10 25 16 4 27 6 23 8 1 9 19 28 18 3 5 2 24 20 22 11 26 17 13 21 
0 31 12 7 15 29 30 14 10 25 16 4 27 6 23 8 1 9 19 28 18 3 5 2 24 20 22 11 26 17 13 21 
0 31 12 7 15 29 30 14 10 5 16 4 27 6 23 8 1 9 19 3 18 17 26 11 22 20 24 2 25 28 13 21 
0 31 12 7 15 29 30 14 10 5 16 4 27 6 23 8 1 9 19 3 18 17 26 11 22 20 24 2 25 28 13 21 
0 31 12 7 15 2 25 28 18 3 19 9 1 8 23 6 27 4 16 5 10 14 30 29 24 20 22 11 26 17 13 21 
0 31 12 7 15 29 24 2 25 28 18 3 19 9 1 8 23 6 27 4 16 5 10 14 30 20 22 11 26 17 13 21 
0 31 12 7 15 29 30 14 10 5 16 4 27 6 23 8 9 28 19 3 18 1 25 2 24 20 22 11 26 17 13 21 
0 31 12 7 15 29 30 14 10 5 16 4 27 6 23 8 9 28 19 3 18 1 25 2 24 20 22 11 26 17 13 21 
0 31 12 20 24 2 25 28 18 3 19 9 1 8 23 6 27 4 16 5 10 14 30 29 15 7 22 11 26 17 13 21 
0 31 12 7 15 29 28 18 3 19 9 1 8 23 6 27 4 16 5 10 14 30 25 2 24 20 22 11 26 17 13 21 
0 31 12 7 15 29 30 14 10 11 22 20 24 2 25 28 18 3 19 9 1 8 23 6 27 4 16 5 26 17 13 21 
0 31 12 7 15 29 30 14 10 5 16 4 27 6 23 8 1 9 19 3 18 11 22 20 24 2 25 28 26 17 13 21 
0 31 12 7 15 29 30 14 3 19 9 1 8 23 6 27 4 16 5 10 18 28 25 2 24 20 22 11 26 17 13 21 
0 31 12 2 25 28 18 3 19 9 1 8 23 6 27 4 16 5 10 14 30 29 15 7 24 20 22 11 26 17 13 21 
0 31 12 2 25 28 18 3 19 9 1 8 23 6 27 4 16 5 10 14 30 29 15 7 24 20 22 11 26 17 13 21 
0 31 12 7 15 29 30 14 10 5 16 4 27 6 23 8 28 18 3 19 9 1 25 2 24 20 22 11 26 17 13 21 
0 31 12 7 15 29 30 14 10 5 16 4 27 6 23 8 1 9 19 3 18 20 22 2 24 28 25 11 26 17 13 21 
0 31 12 7 15 29 30 14 10 5 16 4 27 6 23 8 1 9 19 3 13 17 26 11 22 20 24 2 25 28 18 21 
0 31 12 7 15 29 30 14 10 5 16 20 24 2 25 28 18 3 19 9 1 8 23 6 27 4 22 11 26 17 13 21 
0 31 12 7 15 29 30 14 18 3 19 9 1 8 23 6 27 4 16 5 10 28 25 2 24 20 22 11 26 17 13 21 
0 31 12 7 15 29 30 14 10 5 16 4 27 6 23 8 1 9 19 3 18 28 25 17 26 11 22 20 24 2 13 21 
0 31 12 7 15 29 30 14 10 5 16 4 27 22 20 24 2 25 28 18 3 19 9 1 8 23 6 11 26 17 13 21 
0 31 12 7 15 29 30 14 10 5 16 4 27 6 23 8 1 9 19 3 22 20 24 2 25 28 18 11 26 17 13 21 
0 1 8 23 6 27 4 16 5 10 14 30 29 15 7 12 31 9 19 3 18 28 25 2 24 20 22 13 17 26 11 21 
0 31 12 7 15 29 30 14 27 5 16 4 19 6 23 8 1 18 10 3 9 28 25 2 24 20 22 11 26 17 13 21 
0 31 12 7 15 29 2 25 28 18 3 19 9 1 8 23 6 27 4 16 5 10 14 30 24 20 22 11 26 17 13 21 
0 31 12 7 15 18 3 19 9 1 8 23 6 27 4 16 5 10 14 30 29 28 25 2 24 20 22 11 26 17 13 21 
0 31 12 7 15 29 30 14 10 5 16 4 27 6 17 26 11 22 20 24 2 25 28 18 3 19 9 1 8 23 13 21 
0 31 12 7 13 17 26 11 19 3 18 28 25 2 24 20 22 9 1 15 29 30 14 10 5 16 4 27 6 23 8 21 
0 31 12 7 15 29 30 14 10 5 16 4 27 6 23 2 25 28 18 1 19 9 3 11 24 20 22 8 26 17 13 21 
0 31 12 7 13 17 26 11 22 20 24 2 25 28 18 3 19 9 1 15 29 30 14 10 5 16 4 27 6 23 8 21 
0 31 12 7 15 29 30 14 10 5 16 4 27 6 23 8 13 26 11 1 9 19 3 18 28 25 2 24 20 22 17 21 
0 31 12 7 15 29 30 14 20 24 2 25 28 18 3 19 9 1 8 23 6 27 4 16 5 10 22 11 26 17 13 21 
0 31 12 7 15 29 30 14 10 5 16 4 27 6 23 8 1 9 19 3 18 28 25 2 24 20 13 17 26 11 22 21 
0 31 12 7 15 29 30 14 10 5 16 4 27 6 23 8 13 26 11 1 9 19 3 18 28 25 2 24 20 22 17 21 
0 7 12 31 15 3 18 14 16 4 10 30 27 6 23 8 5 9 19 29 1 28 25 2 24 20 22 11 26 17 13 21 
0 7 12 31 15 3 18 14 16 4 10 30 27 6 23 8 5 9 19 29 1 28 25 2 24 20 22 11 26 17 13 21 
0 31 12 7 15 29 30 14 10 16 5 25 4 6 23 9 1 8 19 3 18 28 27 2 24 20 22 11 26 17 13 21 
0 31 12 7 15 29 30 14 10 5 16 4 27 6 23 8 1 9 19 13 17 28 25 3 18 2 24 20 22 11 26 21 
0 31 12 7 15 29 30 14 10 5 16 4 13 17 26 11 22 20 24 27 6 23 8 1 9 19 3 18 28 25 2 21 
0 31 12 7 15 29 30 14 10 5 16 4 13 17 26 11 22 20 24 27 6 23 8 1 9 19 3 18 28 25 2 21 
0 31 12 7 15 29 30 14 10 5 16 4 27 6 23 8 1 9 19 13 26 11 24 2 25 28 18 3 20 22 17 21 
0 31 12 7 15 24 2 25 28 18 3 19 9 1 8 23 6 27 4 16 5 10 14 30 29 20 22 11 26 17 13 21 
0 31 12 7 15 29 30 14 10 5 16 4 27 6 23 8 1 9 19 3 26 11 22 20 24 2 25 28 18 17 13 21 
0 31 12 7 15 29 30 14 10 5 16 17 26 11 22 20 24 2 25 28 18 3 19 9 1 8 23 6 27 4 13 21 
0 31 12 7 15 29 30 14 10 5 16 4 27 6 23 8 1 28 18 3 19 9 25 2 24 20 22 11 26 17 13 21 
0 31 12 7 15 10 30 14 29 9 16 4 27 6 23 8 1 5 19 3 18 28 25 2 24 20 22 11 26 17 13 21 
0 31 12 7 15 10 30 14 29 9 16 4 27 6 23 8 1 5 19 3 18 28 25 2 24 20 22 11 26 17 13 21 
0 31 12 7 15 29 30 14 10 5 16 4 27 6 23 8 1 9 19 28 18 3 20 2 24 25 22 11 26 17 13 21 
0 31 12 7 15 29 30 14 10 5 16 4 27 6 23 8 1 9 19 3 18 28 25 11 24 22 20 2 26 17 13 21 
0 31 12 7 15 29 30 14 10 5 16 17 26 11 22 20 24 2 25 4 27 6 23 8 1 9 19 3 18 28 13 21 
0 31 12 7 15 29 30 14 10 5 16 17 26 11 22 20 24 2 25 4 27 6 23 8 1 9 19 3 18 28 13 21 
0 31 12 7 15 29 30 14 10 5 16 4 27 6 23 8 1 9 19 17 26 11 22 20 24 2 25 3 18 28 13 21 
0 31 12 7 15 26 11 22 20 24 2 25 28 18 3 19 9 1 8 23 6 27 4 16 5 10 14 30 29 17 13 21 
0 31 12 7 15 26 11 22 20 24 2 25 28 18 3 19 9 1 8 23 6 27 4 16 5 10 14 30 29 17 13 21 
0 31 12 7 15 26 11 22 20 24 2 25 28 18 3 19 9 1 8 23 6 27 4 16 5 10 14 30 29 17 13 21 
0 31 12 7 15 6 30 14 10 5 16 17 26 11 22 20 24 2 25 28 18 3 19 9 1 8 23 27 29 4 13 21 
0 31 12 7 15 26 11 22 20 24 2 25 28 18 3 19 9 1 8 29 30 14 10 5 16 4 27 6 23 17 13 21 
0 31 12 7 15 29 30 14 10 5 16 4 27 6 23 8 17 26 11 1 9 19 3 18 28 25 2 24 20 22 13 21 
0 31 12 7 15 29 30 14 10 5 16 4 27 6 23 8 17 26 11 1 9 19 3 18 28 25 2 24 20 22 13 21 
0 31 12 7 25 28 18 3 19 9 1 8 23 6 27 4 16 5 10 14 30 29 15 2 24 20 22 11 26 17 13 21 
0 31 12 7 15 29 30 14 10 5 16 4 27 6 23 8 1 9 19 17 26 11 3 18 28 25 2 24 20 22 13 21 
0 31 12 7 15 29 30 14 10 5 16 4 27 6 23 8 1 9 19 17 26 11 3 18 28 25 2 24 20 22 13 21 
0 31 12 7 15 29 30 14 10 5 16 4 27 6 23 8 1 9 19 3 18 13 17 26 11 22 20 24 2 25 28 21 
0 31 12 7 15 29 30 14 10 5 16 4 27 6 23 8 1 9 19 3 18 13 17 26 11 22 20 24 2 25 28 21 
0 31 12 7 15 29 3 14 10 5 16 4 27 6 23 8 1 9 19 30 18 28 25 2 24 20 22 11 26 17 13 21 
0 31 12 7 15 29 3 14 10 5 16 4 27 6 23 8 1 9 19 30 18 28 25 2 24 20 22 11 26 17 13 21 
0 31 12 7 15 29 30 14 10 5 16 4 27 6 23 8 1 9 19 3 18 28 25 2 24 13 17 26 11 22 20 21 
0 31 12 7 15 29 30 14 10 5 16 4 27 6 23 8 1 9 25 19 18 28 3 2 24 20 22 11 26 17 13 21 
0 31 12 7 15 29 30 14 10 5 16 4 27 6 23 8 1 3 19 9 22 28 25 2 24 20 18 11 26 17 13 21 
0 31 12 7 15 29 30 14 10 5 16 4 27 6 23 28 18 3 19 9 1 8 25 2 24 20 22 11 26 17 13 21 
0 31 12 7 15 29 30 14 10 5 16 4 27 6 23 8 1 9 19 3 18 28 25 2 24 20 13 17 26 11 22 21 
0 31 12 7 15 29 30 14 10 5 16 4 27 6 23 8 1 9 19 17 26 3 18 28 25 2 24 20 22 11 13 21 
0 31 12 7 15 29 30 14 10 5 16 4 27 6 23 8 1 9 19 3 17 28 25 2 11 20 22 24 26 18 13 21 
0 31 12 7 15 9 30 14 10 5 16 4 27 6 23 8 1 29 19 3 18 28 25 2 24 20 22 11 26 17 13 21 
0 31 12 7 15 29 30 14 10 5 16 4 27 6 23 8 1 9 13 17 26 22 24 20 11 2 25 28 18 3 19 21 
0 31 12 7 15 29 30 14 10 5 16 4 27 6 23 8 1 9 17 3 18 28 25 2 24 19 22 11 26 20 13 21 
0 31 12 7 15 29 30 14 10 5 16 4 27 6 28 8 1 9 19 3 18 23 25 2 24 20 22 11 26 17 13 21 
0 31 12 7 15 29 30 14 10 5 16 4 27 6 28 8 1 9 19 3 18 23 25 2 24 20 22 11 26 17 13 21 
0 31 12 7 15 29 30 14 10 5 16 4 27 6 8 28 1 2 19 3 18 23 25 9 24 20 22 11 26 17 13 21 
0 31 12 7 15 29 30 14 10 5 16 4 27 6 8 28 1 2 19 3 18 23 25 9 24 20 22 11 26 17 13 21 
0 31 12 7 15 29 30 14 10 5 16 4 27 6 23 8 1 9 19 3 18 28 25 11 22 20 24 2 26 17 13 21 
0 31 12 7 15 29 30 14 10 5 16 4 27 6 23 8 1 3 25 9 18 28 19 2 24 20 22 11 26 17 13 21 
0 31 12 7 15 29 30 14 10 5 16 4 27 6 23 8 1 9 19 13 3 18 28 25 2 24 20 22 11 26 17 21 
0 31 12 7 15 29 30 14 2 25 28 18 3 19 9 1 8 23 6 27 4 16 5 10 24 20 22 11 26 17 13 21 
0 31 12 7 15 29 30 14 10 5 16 4 27 6 23 8 25 9 19 28 18 2 3 1 24 20 22 11 26 17 13 21 
0 31 12 7 15 29 30 14 10 5 16 4 27 6 23 8 25 9 19 28 18 2 3 1 24 20 22 11 26 17 13 21 
0 31 12 7 24 2 25 28 18 3 19 9 1 8 23 6 27 4 16 5 10 14 30 29 15 20 22 11 26 17 13 21 
0 31 12 7 15 29 30 14 10 5 16 4 27 6 23 8 1 9 19 3 18 22 20 24 2 25 28 11 26 17 13 21 
0 31 12 7 15 29 30 14 10 5 16 4 27 6 23 8 1 17 26 9 19 3 18 28 25 2 24 20 22 11 13 21 
0 31 12 7 15 29 30 14 10 5 16 28 27 6 23 19 1 3 18 8 9 4 25 2 24 20 22 11 26 17 13 21 
0 24 2 25 28 18 3 19 9 1 8 23 6 27 4 16 5 10 14 30 29 15 7 12 31 20 22 11 26 17 13 21 
0 24 2 25 28 18 3 19 9 1 8 23 6 27 4 16 5 10 14 30 29 15 7 12 31 20 22 11 26 17 13 21 
0 31 12 7 15 29 30 14 10 5 16 18 4 6 28 8 27 9 19 3 1 23 25 2 24 20 22 11 26 17 13 21 
0 31 12 7 15 29 30 14 10 5 16 4 27 6 23 8 24 2 25 1 9 19 3 18 28 20 22 11 26 17 13 21 
0 31 12 7 15 29 30 14 10 5 16 4 27 6 23 8 1 9 19 17 26 11 22 20 24 2 25 28 18 3 13 21 
0 31 12 7 15 29 30 14 10 5 16 4 27 6 23 8 1 9 19 13 17 26 11 22 20 24 2 25 28 18 3 21 
0 31 12 7 15 29 30 14 10 5 16 4 27 6 23 8 1 17 26 9 19 3 18 28 25 2 24 20 22 11 13 21 
0 31 12 7 15 29 30 14 10 5 16 4 27 6 23 8 1 17 26 9 19 3 18 28 25 2 24 20 22 11 13 21 
0 31 12 7 15 29 30 14 10 5 16 4 27 6 23 8 1 17 26 9 19 3 18 28 25 2 24 20 22 11 13 21 
0 31 12 7 15 29 30 14 10 5 16 4 27 6 2 8 19 9 1 3 18 28 25 23 24 20 22 11 26 17 13 21 
0 31 12 7 15 29 30 14 10 5 16 4 27 6 23 8 1 17 26 9 19 3 18 28 25 2 24 20 22 11 13 21 
0 31 12 7 15 29 30 14 10 5 16 4 27 6 23 8 1 9 19 3 18 28 25 11 17 20 22 2 26 24 13 21 
0 31 12 7 15 29 30 14 10 25 28 18 3 19 9 1 8 23 6 27 4 16 5 2 24 20 22 11 26 17 13 21 
0 31 12 7 15 29 30 14 10 5 17 26 20 24 2 25 28 18 3 19 9 22 11 1 8 23 6 27 4 16 13 21 
0 31 12 7 2 25 28 18 3 26 17 19 9 1 8 23 6 27 4 16 5 10 14 30 29 15 24 20 22 11 13 21 
0 31 12 7 15 29 30 14 10 25 28 18 3 19 9 1 8 23 6 27 4 16 5 2 24 20 22 11 26 17 13 21 
0 31 30 7 15 5 12 8 29 10 16 4 27 6 23 14 1 9 19 3 18 28 25 2 24 20 22 11 26 17 13 21 
0 31 30 7 15 5 12 8 29 10 16 4 27 6 23 14 1 9 19 3 18 28 25 2 24 20 22 11 26 17 13 21 
0 31 12 7 15 29 30 14 10 5 16 4 27 6 23 8 1 9 20 2 18 28 25 3 11 19 22 24 26 17 13 21 
0 13 17 26 11 22 20 24 2 25 28 18 3 19 9 1 8 23 6 31 12 7 15 29 30 14 10 5 16 4 27 21 
0 31 12 7 15 29 30 14 10 5 16 4 27 28 23 18 1 9 19 2 8 6 25 3 24 20 22 11 26 17 13 21 
0 31 12 7 15 29 30 14 10 5 16 4 27 28 23 18 1 9 19 2 8 6 25 3 24 20 22 11 26 17 13 21 
0 31 12 7 15 29 30 14 10 5 16 4 27 6 23 8 1 9 19 3 18 20 25 2 24 28 22 11 26 17 13 21 
0 31 12 7 15 29 30 14 10 5 16 4 27 6 23 8 1 9 19 3 18 20 25 2 24 28 22 11 26 17 13 21 
0 31 12 7 15 29 30 14 10 3 23 4 27 6 16 8 1 9 19 5 18 20 25 2 28 24 22 11 26 17 13 21 
0 31 12 7 15 29 30 14 10 5 28 18 3 19 9 1 8 23 6 27 4 16 25 2 24 20 22 11 26 17 13 21 
0 31 12 7 15 29 30 14 10 5 16 23 27 6 4 19 1 9 8 3 18 28 25 2 24 20 22 13 17 26 11 21 
0 31 12 7 15 29 30 14 10 5 16 4 19 6 23 8 1 9 27 3 26 11 22 20 24 2 25 28 18 17 13 21 
0 31 12 7 15 29 30 14 10 5 16 4 27 6 23 8 1 9 19 3 18 28 25 22 24 26 2 11 20 17 13 21 
0 31 12 7 15 29 30 14 10 16 5 4 28 6 23 8 3 18 19 1 9 24 25 2 27 20 22 11 26 17 13 21 
0 31 12 7 15 29 30 14 10 5 16 4 27 6 23 8 1 9 19 3 18 28 25 22 24 26 2 11 20 17 13 21 
0 31 12 7 15 29 30 14 3 5 19 4 27 6 23 8 1 9 16 10 25 28 18 2 24 20 22 11 26 17 13 21 
0 31 12 7 15 29 30 14 10 5 16 4 27 6 23 8 1 9 19 3 18 22 20 24 2 25 28 11 17 26 13 21 
0 31 12 7 15 29 30 14 10 5 16 4 27 6 23 8 1 9 19 3 18 22 20 24 2 25 28 11 17 26 13 21 
0 31 12 7 15 29 30 14 10 5 16 4 27 6 26 11 22 20 24 2 25 28 18 3 19 9 1 8 23 17 13 21 
0 31 12 7 15 29 30 14 10 5 16 4 27 6 26 11 22 20 24 2 25 28 18 3 19 9 1 8 23 17 13 21 
0 31 12 7 15 29 30 14 10 5 16 4 27 6 23 8 28 18 3 19 9 1 25 2 24 20 22 11 26 17 13 21 
0 31 12 7 15 29 30 14 10 5 16 4 27 6 23 8 28 18 3 19 9 1 25 2 24 20 22 11 26 17 13 21 
0 31 12 7 15 29 30 14 10 5 16 4 27 6 23 8 1 9 19 22 18 28 25 2 24 20 3 11 26 17 13 21 
0 31 12 7 15 29 16 14 10 19 30 4 27 6 23 8 1 9 5 3 18 28 25 2 24 20 22 11 26 17 13 21 
0 31 12 7 15 29 30 14 10 5 16 4 27 6 23 8 28 18 3 19 9 1 25 2 24 20 22 11 26 17 13 21 
0 31 12 7 15 29 30 14 10 5 16 4 27 6 23 8 1 9 19 3 18 28 25 2 24 17 22 11 20 26 13 21 
0 31 12 7 15 29 30 14 10 5 16 4 27 6 23 8 28 18 3 19 9 1 25 2 24 20 22 11 26 17 13 21 
0 31 12 7 15 29 30 14 10 5 16 4 27 6 23 8 1 9 19 17 26 24 2 25 28 18 3 20 22 11 13 21 
0 31 12 7 15 29 30 14 10 5 16 4 27 6 23 8 1 9 19 3 18 11 22 20 24 2 25 28 26 17 13 21 
0 31 12 7 15 29 30 14 10 5 16 4 27 26 11 22 20 24 2 25 28 18 3 19 9 1 8 23 6 17 13 21 
0 31 12 7 3 8 30 14 10 5 16 4 27 6 23 29 1 9 19 15 18 28 25 2 24 20 22 11 26 17 13 21 
0 31 12 7 15 29 30 14 10 5 16 4 27 6 23 8 1 9 19 3 18 28 25 2 13 17 26 11 22 20 24 21 
0 31 12 7 15 29 30 14 10 5 16 4 27 6 23 8 1 9 19 3 18 28 25 2 13 17 26 11 22 20 24 21 
0 31 12 7 15 29 30 14 10 5 16 4 27 6 23 8 1 9 19 3 18 28 26 11 22 20 24 2 25 17 13 21 
0 31 26 11 22 20 24 2 25 28 18 3 19 9 1 8 23 6 27 4 16 5 10 14 30 29 15 7 12 17 13 21 
0 31 12 7 15 29 30 14 10 5 16 4 27 6 23 8 1 9 19 3 18 28 25 2 24 20 22 11 13 17 26 21 
0 31 12 7 15 29 30 14 10 5 16 4 27 6 23 8 1 9 19 3 18 11 22 20 24 2 25 28 26 17 13 21 
0 31 12 7 15 29 30 14 10 5 16 4 27 6 20 24 2 25 28 18 3 19 9 1 8 23 22 11 26 17 13 21 
0 31 12 7 15 29 30 14 10 5 16 4 27 6 23 8 1 9 19 3 18 28 25 2 24 20 22 13 26 17 11 21 
0 31 12 7 15 9 1 8 23 6 27 4 16 5 10 14 30 29 19 3 18 28 25 2 24 20 22 11 26 17 13 21 
0 31 12 7 15 29 30 14 10 5 16 4 27 6 23 8 1 9 19 3 11 2 20 28 24 25 22 18 26 17 13 21 
0 31 12 7 15 29 30 14 10 5 16 4 27 6 23 8 1 9 19 3 11 2 20 28 24 25 22 18 26 17 13 21 
0 31 12 7 15 29 30 14 10 5 16 4 27 6 23 8 3 9 19 1 22 28 24 2 25 20 18 11 26 17 13 21 
0 31 12 7 15 29 30 14 10 5 16 4 27 6 23 8 3 9 19 1 18 28 25 2 17 26 11 22 20 24 13 21 
0 31 12 7 15 29 30 14 10 5 16 4 27 6 23 8 1 9 19 3 18 28 25 2 13 17 26 11 22 20 24 21 
0 31 12 7 15 29 30 14 10 5 16 4 27 28 18 3 19 9 1 8 23 6 25 2 24 20 22 11 26 17 13 21 
0 31 12 7 15 29 30 14 10 5 16 4 27 6 23 8 1 9 19 13 17 26 11 22 20 24 2 25 28 18 3 21 
0 31 1 8 7 6 27 4 5 19 3 14 30 29 15 23 12 9 16 10 18 28 25 2 24 20 22 11 26 17 13 21 
0 31 1 8 7 6 27 4 5 19 3 14 30 29 15 23 12 9 16 10 18 28 25 2 24 20 22 11 26 17 13 21 
0 31 1 8 7 6 27 4 5 19 3 14 30 29 15 23 12 9 16 10 18 28 25 2 24 20 22 11 26 17 13 21 
0 31 1 8 7 6 27 4 5 19 3 14 30 29 15 23 12 9 16 10 18 28 25 2 24 20 22 11 26 17 13 21 
0 31 1 8 7 6 27 4 5 19 3 14 30 29 15 23 12 9 16 10 18 28 25 2 24 20 22 11 26 17 13 21 
0 31 1 8 7 6 27 4 5 19 3 14 30 29 15 23 12 9 16 10 18 28 25 2 24 20 22 11 26 17 13 21 
0 31 12 7 15 29 30 14 10 5 16 4 27 6 23 8 1 9 19 26 11 22 20 24 2 25 28 18 3 17 13 21 
0 31 12 7 15 29 30 14 10 5 16 4 27 6 23 8 1 9 19 26 11 22 20 24 2 25 28 18 3 17 13 21 
0 31 12 7 15 29 30 14 10 5 16 4 27 6 23 8 1 9 3 11 18 28 25 2 19 20 22 24 26 17 13 21 
0 31 12 7 15 29 30 14 10 5 16 4 27 6 23 8 1 9 3 11 18 28 25 2 19 20 22 24 26 17 13 21 
0 31 12 7 15 29 30 14 10 5 16 4 27 6 23 22 20 24 2 25 28 18 3 19 9 1 8 11 26 17 13 21 
0 31 12 7 15 29 30 14 10 5 16 4 27 6 23 8 1 9 19 3 18 28 25 26 11 22 20 24 2 17 13 21 
0 31 12 7 15 29 30 14 10 5 16 4 27 6 23 8 1 9 19 3 18 28 25 26 11 22 20 24 2 17 13 21 
0 31 12 7 15 29 30 14 10 5 16 4 17 26 11 22 20 24 2 25 28 18 3 19 9 1 8 23 6 27 13 21 
0 31 12 24 2 25 28 18 3 19 9 1 8 23 6 27 4 16 5 10 14 30 29 15 7 20 22 11 26 17 13 21 
0 31 12 7 15 29 30 14 10 5 16 4 27 6 23 8 1 9 19 3 18 28 25 2 17 26 11 22 20 24 13 21 
0 31 12 7 15 29 30 14 10 5 16 4 27 6 23 8 1 9 19 3 18 26 11 22 20 24 2 25 28 17 13 21 
0 31 12 7 15 29 30 14 10 5 16 4 27 6 23 8 1 9 19 3 18 26 11 22 20 24 2 25 28 17 13 21 
0 31 12 7 15 29 30 14 10 5 16 4 27 6 23 17 26 11 22 8 1 9 19 3 18 28 25 2 24 20 13 21 
0 31 12 7 15 29 30 14 10 5 16 4 27 6 23 8 1 9 13 19 18 3 28 25 2 24 20 22 11 26 17 21 
0 31 12 7 8 29 30 14 10 5 23 4 27 24 16 15 1 9 19 3 2 28 25 18 6 20 22 11 26 17 13 21 
0 31 12 7 8 29 30 14 10 5 23 4 27 24 16 15 1 9 19 3 2 28 25 18 6 20 22 11 26 17 13 21 
0 31 12 7 15 29 30 14 10 5 16 4 27 8 23 6 1 17 26 9 19 3 18 28 25 2 24 20 22 11 13 21 
0 31 12 7 11 22 20 24 2 25 28 18 3 19 9 1 8 23 6 27 4 16 5 10 14 30 29 15 26 17 13 21 
0 31 12 7 11 22 20 24 2 25 28 18 3 19 9 1 8 23 6 27 4 16 5 10 14 30 29 15 26 17 13 21 
0 31 12 7 15 29 30 14 10 5 16 4 27 6 25 28 18 3 19 9 1 8 23 2 24 20 22 11 26 17 13 21 
0 31 12 7 15 29 30 14 10 5 16 4 13 17 26 11 22 20 24 2 25 28 18 3 19 9 1 8 23 6 27 21 
0 31 12 7 24 2 25 28 18 3 19 9 1 8 23 6 27 4 16 5 10 14 30 29 15 20 22 11 26 17 13 21 
0 31 12 7 15 29 30 14 10 5 16 4 27 9 23 8 26 1 22 11 19 6 3 18 28 25 2 24 20 17 13 21 
0 31 12 26 11 22 20 24 2 25 28 18 3 19 9 1 8 23 6 27 4 16 5 10 14 30 29 15 7 17 13 21 
0 31 12 26 11 22 20 24 2 25 28 18 3 19 9 1 8 23 6 27 4 16 5 10 14 30 29 15 7 17 13 21 
0 31 12 7 15 29 30 14 10 5 16 4 27 6 23 8 1 9 19 3 18 28 25 2 24 17 26 11 22 20 13 21 
0 31 12 7 15 29 2 25 28 18 3 19 9 1 8 23 6 27 4 16 5 10 14 30 24 20 22 11 26 17 13 21 
0 31 12 7 15 29 30 14 10 5 16 4 27 6 23 8 1 9 13 19 3 18 28 25 2 24 20 22 11 26 17 21 
0 31 12 7 15 29 30 14 10 5 16 4 27 6 23 8 1 9 19 3 18 17 26 11 22 20 24 2 25 28 13 21 
0 31 12 7 15 29 30 14 10 5 16 4 27 6 23 8 1 25 28 18 3 19 9 2 24 20 22 11 26 17 13 21 
0 31 12 7 15 29 30 14 10 5 16 4 27 6 23 8 1 9 19 3 24 28 25 2 18 20 17 11 26 22 13 21 
0 31 12 7 15 29 30 14 10 5 16 4 27 6 23 13 9 1 8 19 3 18 28 25 2 24 20 22 11 26 17 21 
0 31 12 7 15 29 30 14 10 5 16 4 27 6 23 8 1 9 19 3 11 22 20 24 2 25 28 18 26 17 13 21 
0 31 12 7 15 29 30 14 10 5 16 4 27 22 20 24 2 25 28 18 3 19 9 1 8 23 6 11 26 17 13 21 
0 31 12 7 15 29 30 14 10 5 16 4 27 6 23 8 1 9 19 3 26 28 25 2 24 20 22 11 18 17 13 21 
0 31 12 7 15 29 30 14 10 5 16 4 27 6 23 8 1 9 28 3 25 19 18 2 24 20 22 11 26 17 13 21 
0 31 12 7 15 29 30 14 10 5 16 4 27 6 23 8 1 9 19 13 17 26 11 22 20 24 2 25 28 18 3 21 
0 31 12 7 15 29 30 14 10 5 16 4 27 6 23 26 11 22 20 24 2 25 28 18 3 19 9 1 8 17 13 21 
0 31 12 7 15 29 30 14 10 5 16 4 27 6 23 8 1 9 19 13 17 26 11 22 20 24 2 25 28 18 3 21 
0 31 12 7 15 29 30 14 8 5 16 23 27 6 4 10 1 9 19 3 18 28 25 2 24 20 22 11 26 17 13 21 
0 31 18 3 19 9 1 8 23 6 30 4 16 5 10 14 27 29 15 7 12 28 25 2 24 20 22 11 26 17 13 21 
0 31 12 7 15 29 30 14 10 5 16 4 27 6 23 8 1 9 19 26 3 18 28 25 2 24 20 22 11 17 13 21 
0 31 12 7 15 29 30 25 28 18 3 19 9 1 8 23 6 27 4 16 5 10 14 2 24 20 22 11 26 17 13 21 
0 31 12 7 15 29 30 14 10 5 16 4 27 6 23 8 1 9 19 3 11 22 25 24 2 20 28 18 26 17 13 21 
0 31 12 7 26 11 22 20 24 2 25 28 18 3 19 9 1 8 23 6 27 4 16 5 10 14 30 29 15 17 13 21 
0 31 12 7 15 29 30 14 10 5 16 4 27 6 23 8 1 9 19 3 17 26 11 22 20 24 2 25 28 18 13 21 
0 31 12 7 15 29 30 14 10 5 16 4 27 6 23 8 1 9 19 3 17 26 11 22 20 24 2 25 28 18 13 21 
0 31 12 7 15 24 2 25 28 18 3 19 9 1 8 23 6 27 4 16 5 10 14 30 29 20 22 11 26 17 13 21 
0 31 12 7 15 29 30 14 10 5 16 4 27 6 23 8 1 9 19 2 3 18 28 25 24 20 22 11 26 17 13 21 
0 31 12 7 15 29 30 14 10 5 16 4 27 6 23 8 1 9 19 26 11 22 20 24 2 25 28 18 3 17 13 21 
0 31 12 7 15 29 30 14 10 5 16 4 27 6 23 8 1 9 19 3 18 28 25 2 24 20 22 13 26 17 11 21 
0 31 12 7 15 29 30 13 17 26 11 22 20 24 2 25 28 18 3 19 9 1 8 23 6 27 4 16 5 10 14 21 
0 31 12 7 15 29 30 14 10 5 16 4 27 6 23 8 1 9 19 3 11 28 25 2 22 20 17 26 18 24 13 21 
0 31 12 7 15 29 30 14 10 5 16 4 27 6 23 8 1 9 19 3 11 28 25 2 22 20 17 26 18 24 13 21 
0 31 12 7 15 29 30 14 10 5 16 4 27 6 23 8 1 9 19 3 18 28 11 22 20 24 2 25 26 17 13 21 
0 31 12 7 15 29 30 14 10 5 16 4 27 6 23 8 1 9 19 3 18 28 11 22 20 24 2 25 26 17 13 21 
0 31 12 7 15 29 30 14 10 5 16 4 27 6 23 8 18 9 19 3 24 28 25 2 1 26 22 11 20 17 13 21 
0 31 12 7 15 29 30 14 8 5 16 4 27 6 23 9 1 3 19 10 18 28 25 2 24 20 22 11 26 17 13 21 
0 31 12 7 15 29 30 14 10 5 16 4 27 6 23 8 1 9 19 17 26 11 22 20 24 2 25 28 18 3 13 21 
0 31 12 7 15 29 30 14 10 5 16 4 27 6 23 8 1 17 26 9 19 3 18 28 25 2 24 20 22 11 13 21 
0 31 12 7 15 29 30 14 10 5 16 4 27 6 23 8 1 9 19 3 18 28 25 2 24 20 22 11 13 17 26 21 
0 31 12 7 15 29 30 14 10 5 16 4 27 6 23 8 1 9 19 3 18 28 25 2 24 20 22 11 13 17 26 21 
0 31 12 7 15 29 30 14 10 5 16 4 27 6 23 8 13 17 26 1 9 19 3 18 28 25 2 24 20 22 11 21 
0 31 12 7 15 29 30 14 10 5 16 4 27 26 11 22 20 24 2 25 28 18 3 19 9 1 8 23 6 17 13 21 
0 31 12 7 15 29 30 14 10 5 16 4 27 6 23 8 1 9 19 3 18 2 25 20 24 22 28 11 26 17 13 21 
0 31 12 7 15 29 30 14 10 5 16 4 27 6 23 8 1 9 19 3 18 2 25 20 24 22 28 11 26 17 13 21 
0 31 12 7 15 29 30 14 10 5 16 4 27 6 23 8 1 9 19 3 18 28 25 2 24 20 22 13 17 26 11 21 
0 31 12 7 15 29 30 14 10 5 16 4 27 6 23 8 20 24 2 1 9 19 3 18 28 25 22 11 26 17 13 21 
0 31 12 7 15 29 30 14 10 5 16 17 26 11 22 20 24 2 25 28 18 3 19 9 1 8 23 6 27 4 13 21 
0 31 12 7 15 29 30 14 10 5 16 17 26 11 22 20 24 2 25 28 18 3 19 9 1 8 23 6 27 4 13 21 
0 31 12 7 15 29 30 14 10 5 16 17 26 11 22 20 24 2 25 28 18 3 19 9 1 8 23 6 27 4 13 21 
0 31 12 7 15 29 30 14 10 5 16 4 27 6 23 8 1 9 19 17 26 11 22 20 24 2 25 28 18 3 13 21 
0 31 12 7 15 29 30 14 10 5 16 4 27 6 23 8 1 28 19 9 3 18 25 2 24 20 22 11 26 17 13 21 
