6.90073
6.52654
6.21157
5.94573
5.69086
5.46785
5.27578
5.12998
4.97669
4.85284
4.70704
4.58645
4.47368
4.33867
4.19109
4.02193
3.88589
3.75146
3.64575
3.51655
3.3885
3.2971
3.22528
3.16504
3.11322
3.05444
2.97608
2.88956
2.7979
2.70822
2.61755
2.55103
2.49087
2.43949
2.38862
2.33047
2.27697
2.23089
2.1733
2.13331
2.10977
2.07749
2.02992
1.98626
1.94368
1.86801
1.81217
1.78047
1.74246
1.7001
1.66378
1.63453
1.60125
1.57531
1.54138
1.5223
1.49371
1.46258
1.4323
1.41006
1.39003
1.37984
1.37071
1.35464
1.33339
1.3081
1.2932
1.28376
1.26677
1.2398
1.21401
1.18851
1.16343
1.15278
1.15185
1.15056
1.14354
1.1291
1.10689
1.07621
1.05852
1.05306
1.05269
1.05142
1.04905
1.04451
1.03776
1.03091
1.02393
1.01354
0.996918
0.981209
0.980911
0.980179
0.977891
0.973415
0.964643
0.950166
0.929286
0.919314
0.919113
0.918497
0.917499
0.916389
0.91614
0.915629
0.9148
0.913706
0.913113
0.911494
0.908246
0.902939
0.894372
0.889896
0.88834
0.88834
0.888316
0.888268
0.888148
0.887904
0.88742
0.886719
0.886429
0.885929
0.885015
0.883752
0.881726
0.878576
0.874937
0.872299
0.872036
0.871652
0.870913
0.86931
0.866817
0.864349
0.864074
0.864065
0.864037
0.864025
0.863914
0.863589
0.863154
0.862028
0.860254
0.859124
0.85848
0.857493
0.855741
0.854021
0.850903
0.847503
0.847463
0.847403
0.847314
0.846925
0.846268
0.845065
0.843333
0.842547
0.842547
0.842547
0.842547
0.842547
0.842547
0.842547
0.842547
0.842547
0.842547
0.842547
0.842547
0.842547
0.842547
0.842547
0.842547
0.842547
0.842547
0.842547
0.842547
0.842547
0.842547
0.842547
0.842547
0.842547
0.842547
0.842547
0.842547
0.842547
0.842547
0.842547
0.842547
0.842547
0.842547
0.842547
0.842547
0.842547
0.842547
0.842547
0.842547
0.842547
0.842547
0.842547
0.842547
0.842547
0.842547
0.842547
0.842547
0.842547
0.842547
0.842547
0.842547
0.842547
0.842547
0.842547
0.842547
0.842547
0.842547
0.842547
0.842547
0.842547
0.842547
0.842547
0.842547
0.842547
0.842547
0.842547
0.842547
0.842547
0.842547
0.842547
0.842547
0.842547
0.842547
0.842547
0.842547
0.842547
0.842547
0.842547
0.842547
0.842547
0.842547
0.842547
0.842547
0.842547
0.842547
0.842547
0.842547
0.842547
0.842547
0.842547
0.842547
0.842547
0.842547
0.842547
0.842547
0.842547
0.842547
0.842547
0.842547
0.842547
0.842547
0.842547
0.842547
0.842547
0.842547
0.842547
0.842547
0.842547
0.842547
0.842547
0.842547
0.842547
0.842547
0.842547
0.842547
0.842547
0.842547
0.842547
0.842547
0.842547
0.842547
0.842547
0.842547
0.842547
0.842547
0.842547
0.842547
0.842547
0.842547
0.842547
0.842547
0.842547
0.842547
0.842547
0.842547
0.842547
0.842547
0.842547
0.842547
0.842796
0.842547
0.842547
0.842547
0.842547
0.842547
0.842547
0.842547
0.842547
0.842547
0.842547
0.842547
0.842547
0.842547
0.842547
0.842547
0.842547
0.842547
0.842547
0.842547
0.842547
0.842547
0.842547
0.842547
0.842547
0.842547
0.842547
0.842547
0.842547
0.842547
0.842547
0.842547
0.842547
0.842547
0.842547
0.842547
0.842547
0.842547
0.842547
0.842547
0.842547
0.842547
0.842547
0.842547
0.842547
0.842547
0.842547
0.842547
0.842547
0.842547
0.842547
0.842547
0.842547
0.842547
0.842547
0.842547
0.842547
0.842547
0.842547
0.842547
0.842547
0.842547
0.842547
0.842547
0.842547
0.842547
0.842547
0.842547
0.842547
0.842547
0.842547
0.842547
0.842547
0.842547
0.842547
0.842547
0.842547
0.842547
0.842547
0.842547
0.842547
0.842547
0.842547
0.842547
0.842547
0.842547
0.842547
0.842547
0.842547
0.842547
0.842547
0.842547
0.842547
0.842547
0.842547
0.842547
0.842547
0.842547
0.842547
0.842547
0.842547
0.842547
0.842547
0.842547
0.842547
0.842547
0.842547
0.842547
0.842547
0.842547
0.842547
0.842547
0.842547
0.842547
0.842547
0.842547
0.842547
0.842547
0.842547
0.842547
0.842547
0.842547
0.842547
0.842547
0.842547
0.842547
0.842547
0.842547
0.842547
0.842547
0.842547
0.842547
0.842547
0.842547
0.842547
0.842547
0.842547
0.842547
0.842547
0.842547
0.842547
0.842547
0.842547
0.842547
0.842547
0.842547
0.842547
0.842547
0.842547
0.842547
0.842611
0.842547
0.842547
0.842547
0.842547
0.842547
0.842547
0.842547
0.842547
0.842547
0.842547
0.842547
0.842547
0.842547
0.842547
0.842547
0.842547
0.842547
0.842547
0.842547
0.842547
0.842547
0.842547
0.842547
0.842547
0.842547
0.842547
0.842547
0.842547
0.842547
0.842547
0.842547
0.842547
0.842547
0.842547
0.842547
0.842547
0.842547
0.842547
0.842547
0.842547
0.842547
0.842547
0.842547
0.842547
0.842547
0.842547
0.842547
0.842547
0.842547
0.842547
0.842547
0.842547
0.842547
0.842547
0.842547
0.842547
0.842547
0.842547
0.842547
0.842547
0.842547
0.842547
0.842547
0.842547
0.842547
0.842547
0.842547
0.842547
0.842547
0.842547
0.842547
0.842547
0.842547
0.842547
0.842547
0.842547
0.842547
0.842547
0.842547
0.842547
0.842547
0.842547
0.842547
0.842547
0.842547
0.842547
0.842547
0.842547
0.842547
0.842547
0.842547
0.842547
0.842547
0.842547
0.842547
0.842547
0.842547
0.842547
0.842547
0.842547
0.842547
0.842547
0.842547
0.842547
0.842547
0.842547
0.842547
0.842547
0.842547
0.842547
0.842547
0.842547
0.842547
0.842547
0.842547
0.842547
0.842547
0.842547
0.842547
0.842547
0.842547
0.842547
0.842547
0.842547
0.842547
0.842547
0.842547
0.842547
0.842547
0.842547
0.842547
0.842547
0.842547
0.842547
0.842547
0.842547
0.842547
0.842547
0.842547
0.842547
0.842547
0.842547
0.842547
0.842547
0.842547
0.842547
0.842547
0.842547
0.842547
0.842376
0.842206
0.842036
0.841866
0.841356
0.840165
0.835573
0.8269
0.811925
0.783656
0.757508
0.757508
0.757508
0.757508
0.757508
0.757508
0.757508
0.757508
0.757508
0.757508
0.757508
0.757508
0.757508
0.757508
0.757508
0.757508
0.757508
0.757508
0.757508
0.757508
0.757508
0.757508
0.757508
0.757508
0.757508
0.757508
0.757508
0.757508
0.757508
0.757508
0.757508
0.757508
0.757508
0.757508
0.757508
0.757508
0.757508
0.757508
0.757508
0.757508
0.757508
0.757508
0.757508
0.757508
0.757508
0.757508
0.757508
0.757508
0.757508
0.757508
0.757508
0.757508
0.757508
0.757508
0.757508
0.757508
0.757508
0.757508
0.757508
0.757508
0.757508
0.757508
0.757508
0.757508
0.757508
0.757508
0.757508
0.757508
0.757508
0.757508
0.757508
0.757508
0.757508
0.757508
0.757508
0.757508
0.757508
0.757508
0.757508
0.757508
0.757508
0.757508
0.757508
0.757508
0.757508
0.757508
0.757508
0.757508
0.757508
0.757508
0.757508
0.757508
0.757508
0.757508
0.757508
0.757508
0.757508
0.757508
0.757508
0.757508
0.757508
0.757508
0.757508
0.757508
0.757508
0.757508
0.757508
0.757508
0.757508
0.757508
0.757508
0.757508
0.757508
0.757508
0.757508
0.757508
0.757508
0.757508
0.757508
0.757508
0.757508
0.757508
0.757508
0.757508
0.757508
0.757508
0.757508
0.757508
0.757508
0.757508
0.757508
0.757508
0.757508
0.757508
0.757508
0.757508
0.757508
0.757508
0.757508
0.757508
0.757508
0.757508
0.757508
0.757508
0.757508
0.757508
0.757508
0.757508
0.757508
0.757508
0.757508
0.757508
0.757508
0.757508
0.757508
0.757508
0.757508
0.757508
0.757508
0.757508
0.757508
0.757508
0.757508
0.757508
0.757508
0.757508
0.757508
0.757508
0.757508
0.757508
0.757508
0.757508
0.757508
0.757508
0.757508
0.757508
0.757508
0.757508
0.757508
0.757508
0.757508
0.757508
0.757508
0.757508
0.757508
0.757508
0.757508
0.757508
0.757508
0.757508
0.757508
0.757508
0.757508
0.757508
0.757508
0.757508
0.757508
0.757508
0.757508
0.757508
0.757508
0.757508
0.757508
0.757508
0.757508
0.757508
0.757508
0.757508
0.757508
0.757508
0.757508
0.757508
0.757508
0.757508
0.757508
0.757508
0.757508
0.757508
0.757508
0.757508
0.757508
0.757508
0.757508
0.757508
0.757508
0.757508
0.757508
0.757508
0.757508
0.757508
0.757508
0.757508
0.757508
0.757508
0.757508
0.757508
0.757508
0.757508
0.757508
0.757508
0.757508
0.757508
0.757508
0.757508
0.757508
0.757508
0.757508
0.757508
0.757508
0.757508
0.757508
0.757508
0.757508
0.757508
0.757508
0.757508
0.757508
0.757508
0.757508
0.757508
0.757508
0.757508
0.757508
0.757508
0.757508
0.757508
0.757508
0.757508
0.757508
0.757508
0.757508
0.757508
0.757508
0.757508
0.757508
0.757508
0.757508
0.757508
0.757508
0.757508
0.757508
0.757508
0.757508
0.757508
0.757508
0.757508
0.757508
0.757508
0.757508
0.757508
0.757508
0.757508
0.757508
0.757508
0.757508
0.757508
0.757508
0.757508
0.757508
0.757508
0.757508
0.757508
0.757508
0.757508
0.757508
0.757508
0.757508
0.757508
0.757508
0.757508
0.757508
0.757508
0.757508
0.757508
0.757508
0.757508
0.757508
0.757508
0.757508
0.757508
0.757508
0.757508
0.757508
0.757508
0.757508
0.757508
0.757508
0.757508
0.757508
0.757508
0.757508
0.757508
0.757508
0.757508
0.757508
0.757508
0.757508
0.757508
0.757508
0.757508
0.757508
0.757508
0.757508
0.757508
0.757508
0.757508
0.757508
0.757508
0.757508
0.757508
0.757508
0.757508
0.757508
0.757508
0.757508
0.757508
0.757508
0.757508
0.757508
0.757508
0.757508
0.757508
0.757508
0.757508
0.757508
0.757508
0.757508
0.757508
0.757508
0.757508
0.757508
0.757508
0.757508
0.757508
0.757508
0.757508
0.757508
0.757508
0.757508
0.757508
0.757508
0.757508
0.757508
0.757508
0.757508
0.757508
0.757508
0.757508
0.757508
0.757508
0.757508
