0 29 21 28 20 16 24 10 11 31 3 23 8 1 2 7 5 4 13 19 12 22 30 15 26 14 18 6 25 9 27 17 
0 15 4 17 8 20 29 5 18 9 7 6 12 2 31 25 21 10 1 23 13 27 3 24 30 22 26 14 19 28 11 16 
0 15 4 17 8 20 29 5 18 9 7 6 12 2 31 25 21 10 1 23 13 27 3 24 30 22 26 14 19 28 11 16 
0 15 4 17 8 20 29 5 18 9 7 6 12 2 31 25 21 10 1 23 13 27 3 24 30 22 26 14 19 28 11 16 
0 21 22 12 2 29 13 1 18 7 24 9 8 25 31 17 26 14 19 30 4 3 23 20 15 27 6 28 11 10 16 5 
0 9 1 6 2 20 27 12 19 14 21 7 8 15 11 18 13 4 3 30 31 22 25 23 10 28 29 16 17 24 26 5 
0 6 8 25 11 15 18 13 3 29 17 21 28 19 31 10 30 4 2 14 5 9 23 27 24 7 22 20 1 26 16 12 
0 28 5 13 11 18 20 9 4 15 24 1 30 23 14 27 2 26 3 16 25 31 29 8 17 12 7 21 6 19 10 22 
0 10 16 4 23 19 28 2 20 14 1 13 17 12 24 7 15 27 21 30 6 26 31 3 25 18 9 5 22 8 29 11 
0 30 14 19 16 20 2 18 6 23 7 31 21 5 10 3 12 15 24 13 29 9 25 17 27 8 1 28 26 4 22 11 
0 30 5 6 19 24 25 28 9 4 22 23 15 17 13 11 3 1 12 29 31 26 10 18 16 20 7 2 14 8 27 21 
0 30 5 6 19 24 25 28 9 4 22 23 15 17 13 11 3 1 12 29 31 26 10 18 16 20 7 2 14 8 27 21 
0 20 13 31 16 3 17 26 22 11 18 14 25 23 21 1 2 19 15 30 8 24 12 27 29 5 7 28 9 10 4 6 
0 20 13 31 16 3 17 26 22 11 18 14 25 23 21 1 2 19 15 30 8 24 12 27 29 5 7 28 9 10 4 6 
0 27 7 15 10 12 23 13 17 2 25 11 20 4 28 18 30 14 5 21 8 6 26 29 24 16 22 9 1 19 3 31 
0 12 21 8 23 6 20 26 2 10 14 29 11 22 16 18 30 24 28 27 7 15 13 17 25 4 5 1 19 9 3 31 
0 16 30 7 12 18 19 9 1 10 4 28 14 31 15 8 24 23 29 25 22 13 11 20 3 6 5 17 26 2 27 21 
0 12 21 8 23 6 20 26 2 10 14 29 11 22 16 18 30 24 28 27 7 15 13 17 25 5 4 9 1 19 3 31 
0 12 21 8 23 6 20 26 2 10 14 29 11 22 16 18 30 24 28 27 7 15 13 17 25 4 5 3 1 31 19 9 
0 12 21 8 23 6 20 26 2 10 14 29 11 22 16 18 30 24 28 27 7 15 13 17 25 4 5 3 1 31 19 9 
0 10 5 9 30 1 17 26 20 22 6 15 19 18 2 25 3 11 16 27 7 12 23 13 29 8 21 24 4 14 28 31 
0 10 5 9 30 1 17 26 20 22 6 15 19 18 2 25 3 11 16 27 7 12 23 13 29 8 21 24 4 14 28 31 
0 27 7 15 10 12 17 14 5 4 2 28 18 20 25 23 13 31 30 16 11 8 21 9 26 24 22 1 19 3 6 29 
0 13 23 12 10 15 7 27 17 26 21 1 19 6 29 8 24 9 22 18 2 30 14 16 31 20 11 25 4 5 28 3 
0 13 23 12 10 15 7 27 17 26 21 1 19 6 29 8 24 9 22 18 2 30 14 16 31 20 11 25 4 5 28 3 
0 27 7 15 10 12 23 13 17 26 21 1 19 6 29 8 24 9 22 18 2 30 14 16 31 20 11 25 4 5 28 3 
0 27 7 15 10 12 23 13 17 26 21 1 19 6 29 8 24 9 22 5 30 11 28 16 20 3 25 2 4 14 18 31 
0 10 5 9 30 1 11 26 17 22 28 16 19 18 6 20 3 25 2 29 21 12 27 23 14 8 31 15 7 13 24 4 
0 10 19 16 28 6 20 3 25 2 18 5 9 30 1 17 26 11 22 27 7 15 12 23 13 21 29 8 24 14 4 31 
0 10 5 9 30 1 11 26 17 22 28 16 19 18 6 20 3 25 2 27 7 15 12 23 13 21 29 8 24 14 4 31 
0 10 5 9 30 16 28 22 11 8 29 21 23 13 4 14 12 15 7 27 6 20 3 25 2 18 19 1 17 26 24 31 
0 29 21 12 9 18 2 26 22 27 23 10 14 30 8 16 6 31 15 7 24 17 1 19 13 20 11 25 28 5 4 3 
0 29 21 12 9 18 2 26 22 27 23 30 14 10 28 11 20 24 19 7 15 13 17 1 6 8 25 16 5 3 31 4 
0 29 21 12 9 18 2 26 22 27 23 30 14 10 28 11 20 24 19 7 15 13 17 1 6 8 25 16 5 3 31 4 
0 29 21 12 9 18 2 26 22 27 23 30 14 10 28 11 20 24 19 7 15 13 17 1 6 8 25 16 5 3 31 4 
0 10 5 9 30 1 17 26 11 22 28 16 19 18 2 25 3 20 6 27 7 15 12 23 13 24 21 29 8 14 4 31 
0 29 21 12 9 18 2 26 22 27 23 30 14 10 8 6 16 31 15 17 13 7 20 11 24 25 28 1 19 3 4 5 
0 27 7 15 10 12 23 13 17 26 21 1 19 6 29 8 9 24 22 20 31 16 14 30 11 28 25 2 18 3 5 4 
0 27 7 15 10 12 23 6 24 2 25 28 9 1 26 22 11 20 17 29 21 18 30 14 8 16 31 13 19 3 4 5 
0 29 21 12 9 18 2 26 22 27 23 13 7 15 31 8 6 16 10 17 1 19 24 20 11 3 25 28 4 5 14 30 
0 29 21 12 9 18 2 26 22 27 23 13 7 15 31 8 6 16 10 17 1 19 24 20 11 25 28 3 4 5 14 30 
0 27 7 15 10 12 23 13 21 1 9 28 25 2 24 26 30 14 5 4 16 18 3 8 29 6 19 17 20 11 22 31 
0 29 21 12 9 18 2 26 22 27 23 30 14 10 8 6 31 16 15 7 24 25 28 1 11 20 17 13 19 3 4 5 
0 27 7 15 10 12 22 11 26 17 13 21 20 1 9 6 30 23 8 28 25 2 24 29 18 14 16 31 19 3 4 5 
0 29 21 12 9 18 2 26 22 27 23 30 14 10 8 6 16 31 15 7 24 25 28 1 11 20 17 13 19 3 5 4 
0 27 7 12 10 15 23 13 17 26 21 1 19 6 29 8 9 24 22 2 25 28 30 20 11 14 5 4 18 3 16 31 
0 27 7 29 8 16 30 14 5 4 18 3 19 6 24 2 25 28 9 21 12 26 22 23 10 31 15 1 11 20 17 13 
0 29 21 12 9 18 2 26 22 27 23 30 14 10 16 6 8 31 15 7 24 25 28 1 11 20 17 13 19 3 4 5 
0 27 7 15 10 12 21 13 17 26 11 22 20 1 9 8 23 30 6 29 18 2 14 16 31 24 25 28 19 3 4 5 
0 27 7 15 10 12 21 13 17 26 11 22 20 1 9 6 30 23 8 29 18 2 14 16 31 24 25 28 19 3 4 5 
0 27 7 15 10 12 21 13 17 26 11 22 20 1 9 6 30 23 8 29 18 2 14 16 31 24 25 28 19 3 4 5 
0 27 7 15 10 12 21 13 17 26 11 22 20 1 9 6 30 23 8 29 18 2 14 16 31 24 25 28 19 3 4 5 
0 29 21 12 9 18 2 26 22 27 23 30 14 10 16 6 8 31 15 7 13 17 11 20 1 28 25 24 19 3 4 5 
0 12 7 27 10 15 21 13 17 26 11 22 20 1 9 6 30 23 8 14 5 16 4 18 3 29 19 24 2 25 28 31 
0 27 7 15 10 23 9 19 17 13 21 12 8 29 16 14 5 4 18 6 30 1 20 22 11 26 24 2 25 28 3 31 
0 27 9 1 20 22 11 26 17 13 21 12 10 30 6 7 15 2 5 29 16 14 23 8 19 3 24 25 28 18 4 31 
0 27 7 15 10 6 9 1 20 22 11 26 17 13 21 12 30 5 8 3 19 4 23 14 24 2 25 28 18 16 29 31 
0 27 7 15 10 12 21 13 17 26 11 22 20 1 9 6 30 23 8 19 3 24 2 29 16 14 5 4 18 28 25 31 
0 27 7 15 10 6 9 1 20 22 11 26 17 13 21 12 30 23 8 2 24 3 19 25 28 18 4 5 14 16 29 31 
0 27 7 15 10 6 9 1 20 22 11 26 17 13 21 12 30 23 8 2 24 3 19 25 28 18 4 5 14 16 29 31 
0 27 7 15 10 12 21 13 17 26 1 22 20 11 9 6 30 23 8 19 3 24 2 25 28 18 4 16 5 14 29 31 
0 27 7 15 10 6 9 1 20 22 11 26 17 13 21 12 30 14 5 23 8 19 3 24 2 29 16 4 18 28 25 31 
0 27 7 15 10 6 9 1 20 22 11 26 17 13 21 12 30 14 5 23 8 19 3 24 2 29 16 4 18 28 25 31 
0 27 7 15 10 6 9 1 20 22 11 26 17 13 21 12 30 14 5 23 8 19 3 24 2 29 16 4 18 28 25 31 
0 27 7 15 10 6 9 1 20 22 11 26 17 13 21 12 30 14 5 23 8 19 3 24 2 29 16 4 18 28 25 31 
0 27 7 15 10 6 9 1 20 22 11 26 17 13 21 12 30 14 5 23 8 19 3 24 2 29 16 4 18 28 25 31 
0 27 7 15 10 6 9 1 20 22 11 26 17 13 21 12 30 14 5 23 8 19 3 24 2 29 16 4 18 28 25 31 
0 27 10 15 7 12 21 13 17 26 11 22 20 1 9 6 30 23 8 19 3 24 2 29 14 5 16 4 18 28 25 31 
0 27 10 6 9 1 20 22 11 26 17 13 21 12 7 15 30 23 8 19 3 24 2 5 16 4 18 28 25 14 29 31 
0 27 10 6 9 1 20 22 11 26 17 13 12 21 7 15 30 28 8 19 3 18 2 4 24 23 25 16 5 14 29 31 
0 27 10 6 9 1 20 22 11 26 17 13 12 21 7 15 30 28 8 23 19 3 24 2 25 18 4 16 5 14 29 31 
0 27 10 6 9 16 20 22 11 26 17 13 21 12 8 15 30 23 7 19 3 24 2 25 28 18 4 1 5 14 29 31 
0 27 10 17 26 11 22 20 1 9 6 13 21 12 7 15 30 23 8 19 3 24 2 25 28 18 4 16 5 14 29 31 
0 27 10 14 5 16 4 18 28 25 2 24 3 19 8 23 20 6 9 1 30 22 11 26 17 13 21 12 7 15 29 31 
0 27 10 6 9 1 20 22 5 16 4 18 28 25 2 24 3 19 8 23 30 15 7 12 21 13 17 26 11 14 29 31 
0 27 10 14 5 16 4 18 28 25 24 2 3 19 8 23 30 6 9 1 20 11 26 17 13 21 12 7 15 22 29 31 
0 27 10 14 5 16 4 18 28 25 24 2 3 19 8 23 30 6 9 1 20 11 26 17 13 21 12 7 15 22 29 31 
0 27 10 14 5 16 4 18 28 25 24 2 3 19 8 23 30 6 9 1 20 11 26 17 13 21 12 7 15 22 29 31 
0 30 10 15 7 12 21 13 17 26 4 18 28 25 2 24 3 19 8 27 14 29 23 6 9 1 20 22 11 16 5 31 
0 30 10 15 7 12 21 13 17 26 4 18 28 25 2 24 3 19 8 27 14 5 16 23 6 9 1 20 22 11 29 31 
0 30 10 15 7 12 21 13 17 26 11 22 29 19 3 24 2 25 28 18 4 16 5 14 8 27 23 6 9 1 20 31 
0 30 10 15 20 12 21 13 17 26 11 22 7 1 9 6 23 27 8 14 5 16 4 18 28 25 2 24 3 19 29 31 
0 30 10 15 7 12 21 13 17 26 11 22 2 1 9 6 28 27 8 20 23 19 3 24 25 18 4 16 5 14 29 31 
0 30 10 15 7 12 21 13 17 26 11 22 2 1 9 6 28 27 8 20 23 19 3 24 25 18 4 16 5 14 29 31 
0 27 10 14 5 16 4 18 28 25 19 3 24 2 8 23 30 6 9 15 7 12 21 13 17 26 11 22 20 1 29 31 
0 30 10 15 7 12 21 13 17 26 11 22 16 4 18 28 25 2 24 3 19 8 27 23 6 9 1 20 5 14 29 31 
0 30 10 15 7 12 25 2 24 3 19 8 27 23 6 9 1 20 22 11 26 17 13 21 28 18 4 16 5 14 29 31 
0 30 10 15 7 12 21 13 17 26 11 22 20 1 9 6 23 27 8 19 3 24 2 29 14 5 16 4 18 28 25 31 
0 30 10 15 7 12 21 13 17 26 11 22 20 1 9 6 23 27 8 19 3 24 2 29 14 5 16 4 18 28 25 31 
0 30 10 15 7 12 21 13 17 26 11 22 20 2 9 6 23 27 8 25 1 24 3 19 28 18 4 16 5 14 29 31 
0 30 10 15 7 12 21 13 17 26 9 22 20 1 11 6 23 27 8 19 3 24 2 25 28 18 4 16 5 14 29 31 
0 30 10 15 7 12 21 13 17 26 9 22 20 1 11 6 23 27 8 19 3 24 2 25 28 18 4 16 5 14 29 31 
0 30 10 15 7 12 21 13 17 26 11 22 20 1 9 6 23 27 8 14 25 2 24 3 19 4 16 5 28 18 29 31 
0 30 10 15 7 12 21 13 17 26 11 22 20 1 9 6 23 27 8 14 25 2 24 3 19 4 16 5 28 18 29 31 
0 30 10 15 29 14 5 16 24 18 28 4 2 25 3 19 8 27 23 7 12 21 13 17 26 11 22 20 1 9 6 31 
0 30 10 15 7 12 21 13 17 26 11 22 20 1 9 8 6 23 27 19 3 24 29 14 5 16 4 18 28 25 2 31 
0 7 15 10 30 12 20 13 17 26 11 22 21 1 9 27 23 6 8 19 3 24 2 25 28 18 4 16 5 14 29 31 
0 30 10 15 7 12 21 11 26 17 13 22 20 1 9 8 6 23 27 14 5 16 4 18 28 25 2 24 3 19 29 31 
0 13 15 10 30 12 21 7 17 26 11 22 20 1 9 27 23 6 8 19 3 24 2 25 28 18 4 16 5 14 29 31 
0 30 10 15 7 12 21 13 17 26 11 22 20 1 9 8 6 23 27 19 3 24 2 14 5 16 4 18 28 25 29 31 
0 30 10 15 7 12 21 13 17 26 11 22 20 1 9 8 6 23 27 19 3 24 2 14 5 16 4 18 28 25 29 31 
0 30 10 15 7 12 21 13 17 26 11 22 20 1 9 8 6 23 27 25 2 24 3 19 28 18 4 16 5 14 29 31 
0 7 15 10 30 12 21 13 17 26 11 22 20 1 9 27 23 6 25 2 24 3 19 8 28 18 4 16 5 14 29 31 
0 7 15 10 30 12 21 13 28 25 2 24 3 19 8 6 23 27 9 1 20 22 11 26 17 18 4 16 5 14 29 31 
0 15 10 30 7 12 21 13 17 26 11 22 20 1 9 27 23 6 8 19 3 24 2 18 28 25 4 16 5 14 29 31 
0 7 15 10 30 12 21 13 17 26 11 22 20 1 9 27 23 6 8 19 3 24 2 25 28 29 14 5 16 4 18 31 
0 7 15 10 30 12 21 13 17 26 11 22 20 1 9 27 23 6 8 19 3 24 2 25 28 29 14 5 16 4 18 31 
0 7 15 10 30 11 19 12 17 26 13 22 20 1 9 8 6 23 27 21 3 24 2 25 28 18 4 16 5 14 29 31 
0 7 15 10 30 12 21 13 17 26 11 22 20 1 9 8 6 23 27 29 14 5 16 4 18 28 25 24 3 2 19 31 
0 7 15 10 30 12 21 13 27 23 6 8 9 1 20 22 11 26 17 19 3 24 2 25 28 18 4 16 5 14 29 31 
0 7 15 10 30 12 21 13 17 26 2 24 3 19 27 23 6 8 9 1 20 22 11 25 28 18 4 16 5 14 29 31 
0 7 15 10 30 12 21 13 17 26 2 24 3 19 27 23 6 8 9 1 20 22 11 25 28 18 4 16 5 14 29 31 
0 7 15 10 30 12 21 13 17 26 11 22 14 5 16 4 18 28 25 2 24 3 19 27 23 6 8 9 1 20 29 31 
0 7 15 10 30 12 21 13 17 26 2 24 3 19 27 23 6 8 9 1 20 22 11 25 28 18 4 16 5 14 29 31 
0 7 15 10 30 12 21 13 17 26 11 22 20 1 9 8 6 23 27 19 3 4 14 25 28 18 2 24 5 16 29 31 
0 11 26 17 13 21 12 30 10 15 7 22 20 1 9 8 6 23 27 19 3 24 2 25 28 18 4 16 5 14 29 31 
0 7 15 10 30 12 21 13 17 26 11 22 20 1 9 8 6 23 27 19 3 24 2 29 14 5 16 4 18 28 25 31 
0 7 15 10 30 12 21 13 17 26 11 22 20 1 9 8 6 23 27 19 3 24 2 29 14 5 16 4 18 28 25 31 
0 7 15 10 30 12 21 13 17 26 11 22 20 5 14 29 27 6 23 8 9 1 16 4 18 28 25 2 24 3 19 31 
0 7 15 10 30 12 21 13 17 5 14 27 6 23 8 9 1 20 22 11 26 16 4 18 28 25 2 24 3 19 29 31 
0 7 15 10 30 12 21 13 17 5 14 27 6 23 8 9 1 20 22 11 26 16 4 18 28 25 2 24 3 19 29 31 
0 7 15 10 30 12 21 13 17 5 14 27 6 23 8 9 1 20 22 11 26 16 4 18 28 25 2 24 3 19 29 31 
0 7 15 10 30 12 13 21 17 26 11 3 20 1 9 8 23 6 27 22 19 24 2 25 28 18 4 16 5 14 29 31 
0 7 15 10 30 12 13 21 17 26 11 3 20 1 9 8 23 6 27 22 19 24 2 25 28 18 4 16 5 14 29 31 
0 7 15 10 13 12 21 30 17 26 11 22 20 1 9 8 23 6 27 19 3 24 2 25 28 18 4 16 5 14 29 31 
0 7 15 10 5 16 4 18 28 25 2 24 3 19 27 6 23 8 9 30 12 21 13 17 26 11 22 20 1 14 29 31 
0 7 15 4 18 28 25 2 24 3 19 27 23 6 8 9 1 20 22 10 30 12 21 13 17 26 11 16 5 14 29 31 
0 7 15 4 18 28 25 2 24 3 19 27 23 6 8 9 1 20 22 10 30 12 21 13 17 26 11 16 5 14 29 31 
0 7 15 10 30 12 21 13 17 26 11 22 20 1 9 8 23 6 27 19 3 24 29 14 5 16 4 18 28 25 2 31 
0 7 15 10 30 12 21 13 17 26 11 22 20 1 9 8 23 6 27 14 5 16 4 18 24 2 25 3 19 28 29 31 
0 7 15 10 30 12 21 13 17 6 26 22 20 11 9 8 23 1 27 14 5 16 4 18 28 25 2 24 3 19 29 31 
0 7 15 10 30 25 28 18 4 27 6 23 8 9 1 20 22 11 26 17 13 21 12 2 24 3 19 16 5 14 29 31 
0 7 15 10 30 12 21 13 17 26 11 22 20 1 9 8 23 6 27 14 5 16 4 18 24 2 25 3 19 28 29 31 
0 7 15 4 18 28 25 2 24 3 19 27 6 23 8 9 1 20 22 30 10 14 5 16 12 21 13 17 26 11 29 31 
0 7 15 4 18 28 25 2 24 3 19 27 6 23 8 9 1 20 22 30 10 14 5 16 12 21 13 17 26 11 29 31 
0 7 15 10 30 14 5 16 4 18 28 25 2 24 3 19 8 6 23 27 9 1 20 22 12 21 13 17 26 11 29 31 
0 7 15 10 30 12 21 13 17 20 11 22 1 9 26 8 23 6 27 19 3 24 2 25 28 18 4 16 5 14 29 31 
0 7 15 10 30 12 22 13 17 26 11 21 20 1 9 8 23 6 27 19 3 24 2 25 28 18 4 16 5 14 29 31 
0 7 15 10 30 12 21 13 17 26 11 22 20 1 9 8 23 6 27 14 5 16 25 28 18 4 2 24 3 19 29 31 
0 7 15 10 14 5 16 20 22 11 26 17 30 12 21 13 8 23 6 4 18 28 25 2 24 3 19 1 9 27 29 31 
0 7 15 10 30 12 21 13 17 26 11 22 20 1 9 8 23 6 27 14 2 25 28 18 4 16 5 24 3 19 29 31 
0 7 15 10 30 12 21 13 17 26 11 22 20 1 9 8 23 6 27 14 2 25 28 18 4 16 5 24 3 19 29 31 
0 7 15 10 30 12 21 13 17 26 11 22 20 1 9 8 23 6 27 14 2 25 28 18 4 16 5 24 3 19 29 31 
0 7 15 10 30 14 5 16 4 18 28 25 2 24 3 19 9 1 20 12 21 13 17 26 11 22 8 23 6 27 29 31 
0 7 15 10 30 29 14 5 16 4 18 28 25 12 24 3 2 27 23 19 21 13 17 26 11 22 20 1 9 8 6 31 
0 7 15 10 30 29 14 5 16 4 18 28 25 12 24 3 2 27 23 19 21 13 17 26 11 22 20 1 9 8 6 31 
0 7 15 10 30 18 2 16 4 23 28 25 24 5 3 19 8 6 14 29 27 12 21 13 17 26 11 22 20 1 9 31 
0 7 15 10 30 14 5 16 28 18 4 25 2 24 19 3 8 20 23 29 27 9 6 1 22 11 26 17 13 21 12 31 
0 7 15 10 30 14 5 16 28 18 4 25 2 24 19 3 8 20 23 29 27 9 6 1 22 11 26 17 13 21 12 31 
0 7 15 10 30 14 5 16 4 18 28 25 2 24 3 19 27 23 6 8 12 22 11 26 17 13 21 20 1 9 29 31 
0 7 15 10 30 29 14 5 16 4 18 28 25 2 13 17 26 11 22 20 1 9 8 6 23 27 19 3 24 21 12 31 
0 7 15 10 30 29 14 5 16 4 18 28 25 2 24 3 26 17 13 19 8 6 23 27 9 1 20 22 11 21 12 31 
0 7 15 30 10 14 5 16 4 18 28 25 2 24 3 19 23 6 22 20 27 9 1 8 29 11 26 17 13 21 12 31 
0 7 15 10 30 29 14 5 16 4 18 28 25 2 24 3 26 17 13 19 8 6 23 27 9 1 20 22 11 21 12 31 
0 7 15 30 10 14 5 16 4 18 28 25 2 24 3 19 8 6 23 29 26 17 13 27 9 12 21 11 22 20 1 31 
0 7 15 30 10 14 29 25 2 24 3 19 8 6 23 28 18 4 16 5 27 9 1 20 22 11 26 17 13 21 12 31 
0 7 15 30 10 14 29 25 2 24 3 19 8 6 23 28 18 4 16 5 27 9 1 20 22 11 26 17 13 21 12 31 
0 7 15 30 10 14 29 23 6 8 19 3 24 2 25 28 18 4 16 5 27 9 1 20 22 11 21 26 13 17 12 31 
0 7 15 30 10 14 29 23 6 8 19 3 24 2 25 28 18 20 16 5 27 13 1 9 22 11 26 17 4 21 12 31 
0 7 15 30 10 14 29 23 6 8 26 3 24 2 25 28 18 4 16 11 27 22 1 20 9 5 19 17 13 21 12 31 
0 7 15 29 30 10 14 5 16 4 8 28 1 2 24 18 19 27 6 23 9 3 25 20 22 11 26 17 13 21 12 31 
0 7 15 29 30 10 14 5 16 4 8 28 1 2 24 18 19 27 6 23 9 3 25 20 22 11 26 17 13 21 12 31 
0 7 15 29 30 10 14 5 16 4 8 28 1 2 24 18 19 27 6 23 9 3 25 20 22 11 26 17 13 21 12 31 
0 7 15 29 30 10 14 5 16 4 18 28 25 2 24 3 19 27 6 22 20 1 9 8 23 11 26 17 13 21 12 31 
0 7 15 29 30 10 14 5 16 4 18 12 21 13 17 26 11 22 20 1 9 8 23 6 27 19 3 24 2 25 28 31 
0 7 15 29 30 10 14 5 16 4 18 3 25 2 24 28 19 27 6 23 8 9 1 13 22 11 26 17 20 21 12 31 
0 7 15 29 30 10 14 5 16 4 18 28 25 2 24 12 21 13 17 26 11 22 20 1 9 8 23 6 27 19 3 31 
0 7 15 29 30 10 14 5 16 4 18 22 20 1 9 8 23 6 27 19 3 24 2 25 28 11 26 17 13 21 12 31 
0 7 15 29 30 10 14 5 16 4 18 22 20 1 9 8 23 6 27 28 25 2 24 3 19 11 26 17 13 21 12 31 
0 7 15 29 30 10 14 5 16 4 18 22 20 1 9 8 23 6 27 28 25 2 24 3 19 11 26 17 13 21 12 31 
0 7 15 29 30 14 10 5 16 3 18 8 25 2 24 4 19 28 23 27 6 9 1 20 22 11 26 17 13 21 12 31 
0 7 15 29 30 14 10 5 16 4 18 17 26 11 22 20 1 9 6 27 23 8 19 3 24 2 25 28 13 21 12 31 
0 7 15 29 30 14 10 5 16 3 18 8 25 2 24 4 19 28 23 27 6 9 1 20 22 11 26 17 13 21 12 31 
0 7 15 29 30 10 14 5 16 4 18 22 20 1 9 8 23 6 27 28 25 2 24 3 19 11 26 17 13 21 12 31 
0 7 15 29 30 14 10 5 16 4 18 28 25 2 24 3 19 27 6 8 1 9 22 20 23 11 26 17 13 21 12 31 
0 7 15 29 30 14 10 5 16 4 18 28 25 2 24 3 19 27 6 8 23 9 1 20 22 11 12 21 13 17 26 31 
0 7 15 4 28 14 10 29 16 5 18 30 25 2 24 3 19 27 6 8 23 9 1 20 22 11 26 17 13 21 12 31 
0 7 15 29 30 14 16 4 3 5 18 28 25 10 2 24 19 27 6 8 23 9 1 20 22 11 26 17 13 21 12 31 
0 7 15 29 30 14 16 4 3 5 18 28 25 10 2 24 19 27 6 8 23 9 1 20 22 11 26 17 13 21 12 31 
0 7 15 29 13 17 26 11 22 20 1 9 23 8 6 27 19 3 24 2 25 28 18 4 16 5 10 14 30 21 12 31 
0 7 15 29 30 14 10 5 16 4 18 28 25 2 24 3 19 27 26 11 22 20 1 9 23 8 6 17 13 21 12 31 
0 7 15 29 30 14 10 5 16 4 18 28 25 2 24 3 19 27 26 11 22 20 1 9 23 8 6 17 13 21 12 31 
0 7 15 29 30 14 10 5 16 4 18 28 25 2 24 3 20 1 9 19 27 6 12 21 13 17 26 11 22 23 8 31 
0 7 15 29 30 14 10 5 16 4 18 28 25 2 1 3 22 8 23 27 6 9 24 20 19 11 26 17 13 21 12 31 
0 7 15 29 30 14 2 25 28 18 4 16 5 10 24 3 19 27 6 23 8 9 1 20 22 11 26 17 13 21 12 31 
0 7 26 11 22 20 1 9 6 27 23 8 19 3 24 2 25 28 18 4 16 5 10 14 30 29 15 17 13 21 12 31 
0 7 15 29 30 14 10 5 8 2 18 28 25 4 24 3 19 27 16 23 6 9 1 20 22 11 26 17 13 21 12 31 
0 7 15 29 30 14 10 5 16 4 18 28 25 2 24 3 19 27 6 22 11 23 8 9 1 20 26 17 13 21 12 31 
0 21 13 17 26 11 22 20 1 9 23 8 6 27 19 3 24 2 25 7 15 29 30 14 10 5 16 4 18 28 12 31 
0 7 15 29 30 14 10 5 16 4 2 28 6 18 24 3 19 27 25 23 8 9 1 20 22 11 26 17 13 21 12 31 
0 7 15 29 30 14 10 5 16 4 13 17 26 11 22 20 1 9 8 23 6 27 19 3 24 2 25 28 18 21 12 31 
0 7 15 29 30 14 10 5 16 4 18 28 25 2 17 26 11 22 20 1 9 6 27 23 8 19 3 24 13 21 12 31 
0 7 15 29 30 14 10 5 16 4 18 28 25 2 24 3 19 8 23 27 11 9 1 20 22 6 26 17 13 21 12 31 
0 7 15 29 30 14 10 28 18 4 16 5 25 2 24 3 19 27 6 23 8 9 1 20 22 11 26 17 13 21 12 31 
0 7 15 29 30 14 10 5 16 4 18 28 25 2 24 3 19 27 6 26 1 23 8 20 22 11 9 17 13 21 12 31 
0 7 15 29 30 14 10 5 16 4 18 28 25 2 24 3 19 27 6 26 1 23 8 20 22 11 9 17 13 21 12 31 
0 7 15 29 30 14 10 5 16 4 18 28 25 2 24 3 19 27 6 26 1 23 8 20 22 11 9 17 13 21 12 31 
0 26 15 29 30 14 10 5 16 4 23 28 25 2 24 3 19 27 6 18 8 9 1 20 22 11 7 17 13 21 12 31 
0 7 15 29 30 14 10 5 16 4 18 28 25 2 24 3 19 27 6 26 23 8 9 1 20 22 11 17 13 21 12 31 
0 7 15 29 30 14 10 5 16 4 18 28 25 2 22 20 1 9 8 24 3 19 23 27 6 11 26 17 13 21 12 31 
0 7 15 29 30 14 10 5 6 4 18 28 19 2 24 25 3 16 27 23 8 9 1 20 22 11 26 17 13 21 12 31 
0 7 15 29 30 14 10 5 16 4 18 28 25 2 24 3 19 8 23 11 22 20 1 9 6 27 26 17 13 21 12 31 
0 7 15 29 30 14 10 5 16 4 18 28 25 2 22 20 1 9 8 24 3 19 27 6 23 11 26 17 13 21 12 31 
0 7 15 29 30 14 10 5 16 4 18 28 25 2 24 3 19 27 6 11 22 20 1 9 8 23 26 17 13 21 12 31 
0 7 15 29 30 14 10 5 16 4 18 28 25 2 24 3 19 27 6 11 22 20 1 9 8 23 26 17 13 21 12 31 
0 7 15 29 30 14 10 5 16 4 18 28 25 2 24 3 19 27 6 11 22 20 1 9 8 23 26 17 13 21 12 31 
0 7 15 29 30 14 10 5 16 4 18 28 25 2 24 3 19 27 6 22 20 1 9 8 23 13 17 26 11 21 12 31 
0 7 15 29 30 14 10 5 16 4 18 28 25 2 24 3 19 27 6 22 20 1 9 8 23 13 17 26 11 21 12 31 
0 7 15 29 30 14 10 5 20 1 9 8 23 6 27 19 3 24 2 25 28 18 4 16 22 11 26 17 13 21 12 31 
0 7 15 29 30 14 10 5 16 4 18 28 25 2 24 3 19 8 23 11 22 27 6 9 1 20 26 17 13 21 12 31 
0 7 15 29 30 14 10 5 16 4 18 27 3 2 24 6 19 25 28 23 8 9 1 20 22 11 26 17 13 21 12 31 
0 7 15 29 30 14 10 5 16 4 18 28 25 2 24 3 19 27 6 8 23 9 1 20 22 11 26 12 21 13 17 31 
0 7 15 29 30 14 10 5 9 4 18 28 25 20 27 22 19 24 6 23 8 16 1 2 3 11 26 17 13 21 12 31 
0 7 15 29 30 14 10 5 16 4 18 28 25 2 24 3 19 27 6 20 1 9 8 23 22 11 26 17 13 21 12 31 
0 7 15 29 30 14 10 5 16 4 18 28 25 2 17 26 11 22 20 1 9 8 23 6 27 19 3 24 13 21 12 31 
0 7 15 29 30 14 10 5 16 4 18 28 25 2 22 20 1 9 8 24 3 19 23 27 6 11 26 17 13 21 12 31 
0 7 15 29 30 14 13 17 26 11 22 20 1 9 8 23 6 27 19 3 24 2 25 28 18 4 16 5 10 21 12 31 
0 7 14 29 30 16 10 5 2 4 24 28 25 15 18 3 19 27 6 23 8 9 1 20 22 11 26 17 13 21 12 31 
0 7 14 29 30 16 10 5 2 4 24 28 25 15 18 3 19 27 6 23 8 9 1 20 22 11 26 17 13 21 12 31 
0 7 15 29 30 14 10 5 16 4 18 28 25 2 24 3 19 27 22 23 8 9 1 20 6 11 26 17 13 21 12 31 
0 7 15 29 30 14 10 5 16 11 22 20 1 9 8 23 6 27 19 3 24 2 25 28 18 4 26 17 13 21 12 31 
0 7 15 29 30 14 10 5 16 4 18 28 25 17 26 11 22 20 1 9 8 23 6 27 19 3 24 2 13 21 12 31 
0 7 15 29 30 14 10 5 16 11 22 20 1 9 8 23 6 27 19 4 18 28 25 2 24 3 26 17 13 21 12 31 
0 7 15 29 30 14 10 5 16 11 22 20 1 9 8 23 6 27 19 4 18 28 25 2 24 3 26 17 13 21 12 31 
0 7 15 29 28 18 4 16 5 10 14 30 25 2 24 3 19 27 6 23 8 9 1 20 22 11 26 17 13 21 12 31 
0 7 15 29 28 18 4 16 5 10 14 30 25 2 24 3 19 27 6 23 8 9 1 20 22 11 26 17 13 21 12 31 
0 7 15 29 30 14 10 22 20 1 9 8 23 6 27 19 3 24 2 25 28 18 4 16 5 11 26 17 13 21 12 31 
0 7 15 29 30 14 10 5 16 11 22 20 1 9 8 23 6 27 19 4 18 28 25 2 24 3 26 17 13 21 12 31 
0 7 15 29 30 14 10 5 16 4 18 28 25 2 24 3 19 27 6 8 9 1 20 22 23 11 26 17 13 21 12 31 
0 7 15 29 30 14 10 5 16 4 18 28 24 23 25 3 19 27 6 2 8 9 1 11 22 20 26 17 13 21 12 31 
0 7 15 29 30 14 10 5 16 11 22 20 1 9 8 23 6 27 19 4 18 28 25 2 24 3 26 17 13 21 12 31 
0 7 15 29 30 14 10 5 16 4 18 28 25 2 24 3 13 27 6 23 26 9 1 20 22 11 8 17 19 21 12 31 
0 7 15 29 30 14 10 5 16 4 18 28 25 2 24 3 13 27 6 23 26 9 1 20 22 11 8 17 19 21 12 31 
0 7 15 29 30 14 10 5 16 4 18 24 23 6 28 3 19 27 2 25 8 9 1 20 22 11 26 17 13 21 12 31 
0 7 15 29 26 11 22 20 1 9 8 23 6 27 19 3 24 2 25 28 18 4 16 5 10 14 30 17 13 21 12 31 
0 7 15 29 30 14 10 5 16 4 18 28 25 2 24 3 19 27 6 8 23 11 1 20 22 9 26 17 13 21 12 31 
0 7 15 29 30 14 10 5 16 4 18 28 25 2 24 3 19 27 6 11 22 20 1 9 8 23 26 17 13 21 12 31 
0 7 15 29 30 14 10 5 16 4 18 28 25 2 24 3 19 27 6 11 22 20 1 9 8 23 26 17 13 21 12 31 
0 7 15 29 30 14 10 5 16 4 6 28 25 23 24 3 19 27 2 18 8 9 1 20 22 11 26 17 13 21 12 31 
0 7 15 29 30 14 10 5 16 4 18 28 25 2 24 3 19 27 6 22 20 1 9 8 23 11 26 17 13 21 12 31 
0 7 15 29 30 14 10 5 16 4 18 28 20 1 9 8 23 6 27 25 2 24 3 19 22 11 26 17 13 21 12 31 
0 7 15 29 30 14 10 5 16 4 18 28 20 1 9 8 23 6 27 25 2 24 3 19 22 11 26 17 13 21 12 31 
0 7 15 29 30 14 10 5 16 4 18 28 25 2 24 3 19 27 8 20 6 9 1 23 22 11 26 17 13 21 12 31 
0 7 15 29 30 14 10 5 16 4 18 28 25 2 24 3 19 27 8 20 6 9 1 23 22 11 26 17 13 21 12 31 
0 7 15 29 30 14 10 5 16 4 18 28 25 2 24 3 19 27 6 23 22 9 1 20 11 8 26 17 13 21 12 31 
0 7 15 29 30 14 10 5 16 4 18 28 25 2 24 3 19 27 6 23 8 9 1 11 13 20 26 17 22 21 12 31 
0 7 15 29 30 14 10 5 16 4 18 28 25 2 24 3 19 27 6 23 8 9 1 20 21 11 17 13 26 22 12 31 
0 7 15 29 30 14 10 5 16 4 18 28 25 2 24 3 19 27 6 23 8 9 1 20 21 11 17 13 26 22 12 31 
0 7 15 29 30 14 10 5 16 4 18 28 25 2 24 3 19 27 6 23 8 9 1 20 21 11 17 13 26 22 12 31 
0 7 15 29 30 14 10 5 16 4 18 28 25 2 24 3 19 27 6 23 8 9 1 20 21 11 17 13 26 22 12 31 
0 7 15 29 30 14 10 5 16 4 18 28 25 2 24 3 19 27 6 23 8 9 1 20 21 11 17 13 26 22 12 31 
0 7 15 29 30 14 10 5 16 4 18 28 25 2 24 3 19 27 6 23 8 9 1 20 22 11 26 12 13 17 21 31 
0 7 15 29 30 14 10 5 16 4 18 28 25 2 24 3 19 11 22 27 6 12 21 13 17 26 20 1 9 8 23 31 
0 7 15 29 30 14 10 5 16 4 18 28 25 2 24 3 19 27 6 13 8 9 1 20 22 11 26 17 23 21 12 31 
0 7 15 29 30 14 10 5 16 4 18 28 25 2 24 3 19 11 22 27 6 12 21 13 17 26 20 1 9 8 23 31 
0 7 15 29 30 14 28 18 4 16 5 10 25 2 24 3 19 27 6 23 8 9 1 20 22 11 26 17 13 21 12 31 
0 7 15 29 30 14 28 18 4 16 5 10 25 2 24 3 19 27 6 23 8 9 1 20 22 11 26 17 13 21 12 31 
0 7 15 29 30 14 10 5 16 4 18 28 25 2 22 20 1 9 8 24 3 19 27 6 23 11 26 17 13 21 12 31 
0 7 15 29 20 1 9 8 23 6 27 19 3 24 2 25 28 18 4 16 5 10 14 30 22 11 26 17 13 21 12 31 
0 7 15 22 20 1 9 8 23 6 27 19 3 24 2 25 28 18 4 16 5 10 14 30 29 11 26 17 13 21 12 31 
0 7 15 29 5 24 3 19 8 23 27 6 4 16 2 25 14 30 10 18 28 9 1 20 22 11 26 17 13 21 12 31 
0 7 15 29 30 14 10 5 16 4 18 28 25 2 22 20 1 9 8 24 3 19 27 6 23 11 26 17 13 21 12 31 
0 7 15 29 30 14 10 22 20 1 9 8 23 6 27 19 3 24 2 25 28 18 4 16 5 11 26 17 13 21 12 31 
0 7 15 29 30 14 10 22 20 1 9 8 23 6 27 19 3 24 2 25 28 18 4 16 5 11 26 17 13 21 12 31 
0 7 15 29 30 14 10 27 16 4 18 28 25 9 24 3 19 5 6 23 8 2 20 1 22 11 26 17 13 21 12 31 
0 7 15 29 22 20 1 9 8 23 6 27 19 3 24 2 25 28 18 4 16 5 10 14 30 11 26 17 13 21 12 31 
0 7 15 29 22 20 1 9 8 23 6 27 19 3 24 2 25 28 18 4 16 5 10 14 30 11 26 17 13 21 12 31 
0 7 15 29 30 14 10 27 16 4 18 28 25 9 24 3 19 5 6 2 23 8 1 20 22 11 26 17 13 21 12 31 
0 7 15 14 30 29 10 5 25 4 18 28 16 2 24 3 19 27 6 23 8 9 1 20 22 11 26 17 13 21 12 31 
0 7 15 14 30 29 10 5 25 4 18 28 16 2 24 3 19 27 6 23 8 9 1 20 22 11 26 17 13 21 12 31 
0 7 15 14 30 29 10 5 25 4 18 28 16 2 24 3 19 27 6 23 8 9 1 20 22 11 26 17 13 21 12 31 
0 7 15 14 30 29 10 5 25 4 18 28 16 2 24 3 19 27 6 23 8 9 1 20 22 11 26 17 13 21 12 31 
0 7 15 29 30 14 28 18 4 16 5 10 25 2 24 3 19 27 6 23 8 9 1 20 22 11 26 17 13 21 12 31 
0 7 15 29 30 14 10 5 16 4 18 28 25 2 22 20 1 9 8 24 3 19 27 6 23 11 26 17 13 21 12 31 
0 7 15 22 20 1 9 8 23 6 27 19 3 24 2 25 28 18 4 16 5 10 14 30 29 11 26 17 13 21 12 31 
0 7 15 29 30 14 10 23 16 8 18 28 25 2 26 6 19 27 3 5 4 9 1 20 22 11 24 17 13 21 12 31 
0 7 15 29 30 14 10 5 16 4 18 28 25 2 24 3 19 27 6 11 22 20 1 9 8 23 26 17 13 21 12 31 
0 7 15 29 30 14 10 5 16 4 18 28 25 2 24 3 19 27 6 23 8 9 1 20 22 11 21 13 17 26 12 31 
0 7 15 29 30 14 10 5 16 4 18 28 25 2 24 3 19 27 6 23 11 22 20 1 9 8 26 17 13 21 12 31 
0 7 15 29 30 14 10 5 16 4 18 28 25 2 22 20 1 9 8 24 3 19 27 6 23 11 26 17 13 21 12 31 
0 7 15 29 30 14 10 5 16 4 18 28 25 2 24 3 19 27 6 23 26 9 8 20 22 11 1 17 13 21 12 31 
0 7 15 29 30 14 10 5 16 4 18 28 25 2 24 3 19 27 6 26 11 22 8 23 9 1 20 17 13 21 12 31 
0 7 15 29 30 28 18 4 16 5 10 14 25 2 24 22 20 1 9 3 19 27 6 23 8 11 26 17 13 21 12 31 
0 7 15 29 30 28 3 5 14 4 18 10 25 2 24 16 19 27 6 23 8 9 1 20 22 11 26 17 13 21 12 31 
0 7 15 29 30 28 3 5 14 4 18 10 25 2 24 16 19 27 6 23 8 9 1 20 22 11 26 17 13 21 12 31 
0 7 15 29 30 14 10 5 16 4 18 28 25 2 24 3 19 27 6 23 8 9 1 20 22 11 12 21 13 17 26 31 
0 7 15 29 30 14 10 5 16 4 18 28 25 2 24 3 19 27 6 20 22 1 9 8 23 11 26 17 13 21 12 31 
0 22 20 1 9 8 23 6 27 19 3 24 2 25 28 18 4 16 5 10 14 30 29 15 7 11 26 17 13 21 12 31 
0 7 12 21 13 17 26 11 22 3 24 2 25 28 19 27 6 23 8 15 29 30 14 10 5 16 4 18 9 1 20 31 
0 7 12 21 13 17 26 11 22 28 24 2 25 3 19 27 6 23 8 15 29 30 14 10 5 16 4 18 9 1 20 31 
0 7 15 29 30 14 10 5 16 11 22 20 1 9 8 23 6 27 19 3 24 2 25 28 18 4 26 17 13 21 12 31 
0 7 15 29 30 14 10 25 16 4 9 28 5 2 24 3 19 8 18 23 27 6 1 20 22 11 26 17 13 21 12 31 
0 7 15 29 30 14 10 25 16 4 9 28 5 2 24 3 19 8 18 23 27 6 1 20 22 11 26 17 13 21 12 31 
0 7 12 21 13 17 26 11 22 28 24 2 25 3 9 18 4 16 5 10 14 30 29 15 8 23 6 27 19 1 20 31 
0 7 12 21 13 17 26 11 22 28 24 2 25 3 9 18 4 16 5 10 14 30 29 15 8 23 6 27 19 1 20 31 
0 7 15 29 30 14 10 5 16 4 18 20 1 8 23 6 9 27 25 19 24 2 28 3 22 11 26 17 13 21 12 31 
0 7 15 29 30 14 10 11 22 20 1 23 9 8 6 27 19 3 24 2 25 28 18 4 16 5 26 17 13 21 12 31 
0 7 15 29 30 14 10 5 16 4 18 20 1 8 23 6 9 27 25 19 24 2 28 3 22 11 26 17 13 21 12 31 
0 7 15 29 30 14 10 5 16 4 18 28 25 2 24 3 19 27 9 23 17 6 1 20 22 11 26 8 13 12 21 31 
0 7 15 29 30 14 10 5 16 4 18 28 25 2 24 3 19 27 6 23 8 9 1 20 22 11 12 17 13 21 26 31 
0 7 15 29 30 14 10 5 16 4 18 28 25 2 24 3 19 27 6 23 8 9 1 20 21 22 26 17 13 11 12 31 
0 7 15 29 30 14 10 5 16 4 18 28 25 2 24 3 6 27 19 8 23 11 1 20 22 26 9 17 13 21 12 31 
0 7 15 29 30 14 10 5 12 21 13 17 26 1 9 8 23 6 27 16 4 18 28 25 2 24 3 19 20 22 11 31 
0 7 15 29 30 14 10 5 12 21 13 17 26 1 9 8 23 6 27 16 4 18 28 25 2 24 3 19 20 22 11 31 
0 7 15 29 30 14 10 5 12 21 13 17 26 1 9 8 23 6 27 16 4 18 28 25 2 24 3 19 20 22 11 31 
0 7 27 19 24 14 18 5 16 2 10 28 25 4 30 3 29 15 6 23 8 9 1 20 22 11 26 17 13 21 12 31 
0 7 15 29 30 14 10 5 12 21 13 17 26 1 9 8 23 6 27 16 4 18 28 25 2 24 3 19 20 22 11 31 
0 7 15 29 30 14 10 5 12 21 13 17 26 1 9 8 23 6 27 16 4 18 28 25 2 24 3 19 20 22 11 31 
0 31 12 7 15 29 30 14 10 5 16 4 6 27 23 8 1 9 19 21 13 17 26 18 28 25 2 24 3 20 22 11 
0 7 15 29 30 14 10 5 16 4 18 28 25 2 24 3 19 27 6 31 12 23 8 1 9 20 13 17 26 11 22 21 
0 31 12 7 15 29 30 14 10 5 16 4 6 27 23 8 1 9 19 18 28 25 13 17 26 11 22 20 3 24 2 21 
0 31 12 7 15 29 30 14 10 5 16 4 6 27 23 8 1 9 19 18 28 22 2 24 3 20 25 17 26 11 13 21 
0 31 12 7 15 29 30 14 10 5 16 4 6 27 23 8 1 9 19 18 28 22 2 24 3 20 25 17 26 11 13 21 
0 31 12 7 15 29 30 14 10 5 16 4 6 27 20 8 1 9 19 23 18 28 25 2 24 3 22 11 26 17 13 21 
0 31 12 7 15 17 26 11 22 20 3 24 2 25 28 18 19 9 1 8 23 27 6 4 16 5 10 14 30 29 13 21 
0 31 12 7 15 29 30 14 10 5 16 4 6 27 23 8 1 9 19 17 26 11 22 20 3 24 2 25 28 18 13 21 
0 31 12 7 15 29 30 14 10 5 16 4 6 23 27 8 1 9 19 18 28 25 26 3 22 11 24 20 2 17 13 21 
0 31 12 7 15 29 30 14 10 5 16 4 6 27 23 8 1 28 19 18 9 25 2 3 24 20 22 11 26 17 13 21 
0 31 12 7 15 29 30 14 10 5 16 4 6 23 27 8 1 9 19 18 28 25 11 22 20 24 3 2 26 17 13 21 
0 31 12 7 15 29 30 14 10 5 16 4 6 23 27 8 1 9 19 18 28 25 11 22 20 24 3 2 26 17 13 21 
0 31 12 7 15 29 30 14 10 5 16 4 6 23 27 8 1 9 19 18 28 25 11 22 20 24 3 2 26 17 13 21 
0 31 12 7 15 29 30 14 10 25 28 18 19 9 1 8 27 23 6 4 16 5 2 3 24 20 22 11 13 17 26 21 
0 31 12 7 15 29 30 14 10 25 28 18 19 9 1 8 27 23 6 4 16 5 2 3 24 20 22 11 13 17 26 21 
0 31 12 7 15 29 30 14 10 25 28 18 19 9 1 8 27 23 6 4 16 5 2 3 24 20 22 11 13 17 26 21 
0 31 12 7 15 29 30 14 10 25 28 18 19 9 1 8 27 23 6 4 16 5 2 3 24 20 22 11 13 17 26 21 
0 31 29 12 15 7 30 14 10 5 16 4 27 26 22 20 24 2 25 28 18 3 19 9 1 8 6 23 11 17 13 21 
0 31 12 7 15 29 30 14 10 5 16 4 6 23 27 8 1 9 19 18 28 25 11 22 20 24 3 2 26 17 13 21 
0 31 12 7 15 29 30 14 10 5 16 4 27 6 23 8 1 9 19 13 18 28 25 2 3 24 20 22 11 26 17 21 
0 31 12 7 15 29 30 14 10 5 16 4 27 6 18 8 1 9 19 3 23 28 25 2 26 20 22 11 13 17 24 21 
0 31 12 17 26 11 22 20 24 3 2 25 28 18 19 9 1 8 27 7 15 29 30 14 10 5 16 4 6 23 13 21 
0 31 12 7 15 29 30 14 10 5 16 4 27 6 23 8 18 28 22 2 24 20 25 19 9 1 3 11 26 17 13 21 
0 31 12 7 15 29 30 14 10 5 16 4 11 20 22 24 2 25 28 18 3 19 9 1 8 23 6 27 26 17 13 21 
0 31 12 7 15 29 30 14 10 5 16 4 11 20 22 24 2 25 28 18 3 19 9 1 8 23 6 27 26 17 13 21 
0 31 12 7 15 29 30 14 10 5 16 4 27 6 23 22 20 24 2 25 28 18 3 19 9 1 8 11 26 17 13 21 
0 31 12 7 15 29 30 14 25 28 18 3 19 9 1 8 23 6 27 4 16 5 10 2 24 20 22 11 26 17 13 21 
0 31 12 7 15 29 30 14 10 5 16 4 27 6 23 8 1 20 25 3 18 28 9 2 24 19 22 11 26 17 13 21 
0 31 12 7 15 29 30 14 10 5 16 4 27 6 23 8 1 9 19 3 18 28 26 11 22 20 24 2 25 17 13 21 
0 31 12 7 15 29 30 14 10 5 16 4 27 6 23 8 1 9 19 20 25 3 18 28 2 24 22 11 26 17 13 21 
0 31 12 7 15 29 30 14 10 5 16 4 27 6 23 8 1 9 19 3 18 28 22 2 24 20 25 11 26 17 13 21 
0 31 12 7 15 29 30 9 1 8 23 6 27 4 16 5 10 14 19 3 18 28 25 2 24 20 22 11 26 17 13 21 
0 31 12 7 15 29 30 14 10 5 16 4 27 6 23 8 1 9 19 3 18 28 25 22 20 24 2 11 26 17 13 21 
0 31 26 11 22 20 24 2 25 28 18 3 19 9 1 8 23 6 27 4 16 5 10 14 30 29 15 7 12 17 13 21 
0 31 12 7 15 29 30 14 10 5 16 4 27 6 23 8 1 9 19 3 18 28 25 2 24 20 22 13 11 17 26 21 
0 31 12 7 15 29 30 14 10 5 16 4 27 6 23 8 1 9 19 3 18 28 25 2 24 20 22 13 11 17 26 21 
0 31 12 7 15 29 30 14 10 5 16 4 27 6 23 8 1 9 19 3 18 17 26 11 22 20 24 2 25 28 13 21 
0 31 12 22 20 24 2 25 28 18 3 19 9 1 8 23 6 27 4 7 15 29 30 14 10 5 16 11 26 17 13 21 
0 31 12 22 20 24 2 25 28 18 3 19 9 1 8 23 6 27 4 7 15 29 30 14 10 5 16 11 26 17 13 21 
0 31 12 7 15 29 30 14 10 5 16 4 27 6 23 22 20 24 2 25 28 18 3 19 9 1 8 11 26 17 13 21 
0 31 2 25 28 18 3 19 9 1 8 23 6 27 4 16 5 10 14 30 29 15 7 12 24 20 22 11 26 17 13 21 
0 31 2 25 28 18 3 19 9 1 8 23 6 27 4 16 5 10 14 30 29 15 7 12 24 20 22 11 26 17 13 21 
0 31 12 7 15 29 30 14 10 5 16 4 27 6 23 8 1 9 19 13 17 26 11 22 20 24 2 25 28 18 3 21 
0 31 12 7 15 29 30 2 25 28 18 3 19 9 1 8 23 6 27 4 16 5 10 14 24 20 22 11 26 17 13 21 
0 31 12 7 15 29 30 2 25 28 18 3 19 9 1 8 23 6 27 4 16 5 10 14 24 20 22 11 26 17 13 21 
0 31 12 7 15 29 30 14 10 5 16 4 27 6 23 8 1 9 19 24 11 22 20 26 2 25 28 18 3 17 13 21 
0 31 12 7 15 29 30 14 10 5 16 4 27 6 23 8 1 26 19 3 18 28 25 2 24 22 11 20 9 17 13 21 
0 31 12 7 15 29 30 14 10 5 16 4 27 6 23 8 1 9 19 17 26 11 22 20 24 2 25 28 18 3 13 21 
0 31 12 7 15 29 5 14 10 8 16 4 27 6 23 30 9 1 19 3 18 26 11 22 20 24 2 25 28 17 13 21 
0 31 12 7 15 29 30 14 10 5 16 4 6 27 8 20 1 9 19 3 18 28 25 2 24 23 26 11 22 17 13 21 
0 31 12 7 15 17 26 11 22 20 24 2 25 28 18 3 19 9 1 8 23 6 27 4 16 5 10 14 30 29 13 21 
0 31 12 7 1 29 30 9 10 5 16 4 27 6 23 8 28 14 19 3 18 15 25 2 24 20 22 11 26 17 13 21 
0 31 12 7 15 29 30 14 10 5 16 4 9 18 23 8 25 28 19 27 6 3 1 2 24 20 22 11 26 17 13 21 
0 31 12 7 15 29 30 14 8 5 16 4 27 6 23 10 1 9 19 20 24 2 25 28 18 3 22 11 26 17 13 21 
0 31 12 7 15 29 30 14 8 5 16 4 27 6 23 10 1 9 19 20 24 2 25 28 18 3 22 11 26 17 13 21 
0 31 12 7 15 29 30 14 10 5 16 11 22 20 24 2 25 28 18 3 19 9 1 8 23 6 27 4 26 17 13 21 
0 31 12 7 15 29 30 14 10 5 16 4 27 6 23 8 1 25 19 3 18 9 28 2 24 20 22 11 26 17 13 21 
0 31 12 7 15 29 30 14 18 3 19 9 1 8 23 6 27 4 16 5 10 28 25 2 24 20 22 11 26 17 13 21 
0 31 12 4 7 29 6 14 10 5 16 15 9 27 23 30 1 8 19 3 18 28 25 2 24 20 22 11 26 17 13 21 
0 31 12 7 15 29 30 14 10 5 16 4 19 6 23 8 25 9 27 3 18 28 1 2 24 20 22 11 26 17 13 21 
0 31 12 7 15 29 30 14 10 5 16 4 19 6 23 8 25 9 27 3 18 28 1 2 24 20 22 11 26 17 13 21 
0 31 12 7 15 29 30 14 10 13 17 26 11 22 20 24 2 25 28 18 3 19 9 1 8 23 6 27 4 16 5 21 
0 31 12 7 15 29 8 14 10 5 16 4 27 6 23 19 1 9 3 30 18 28 25 2 24 20 22 11 26 17 13 21 
0 31 12 7 15 29 30 14 10 5 16 4 27 6 23 8 1 9 19 13 17 26 11 22 20 24 2 25 28 18 3 21 
0 31 12 7 15 29 30 14 10 5 16 4 27 6 23 8 1 9 19 13 17 26 11 22 20 24 2 25 28 18 3 21 
0 31 12 7 15 29 30 14 1 8 9 6 27 4 16 5 23 10 19 3 18 28 25 2 24 20 22 11 26 17 13 21 
0 31 12 7 15 29 30 14 10 5 16 4 27 6 23 8 1 9 19 3 18 28 25 2 26 20 22 11 24 17 13 21 
0 31 12 7 15 29 30 14 10 5 16 4 27 6 23 8 24 2 25 1 9 19 3 18 28 20 22 11 26 17 13 21 
0 31 12 7 15 29 30 14 10 5 16 4 27 6 23 8 24 2 25 1 9 19 3 18 28 20 22 11 26 17 13 21 
0 31 12 7 15 29 30 14 10 5 20 24 2 25 28 18 3 19 9 1 8 23 6 27 4 16 22 11 26 17 13 21 
0 31 12 7 15 29 30 14 10 5 16 4 27 6 23 8 1 9 19 3 18 28 25 2 24 17 22 11 26 20 13 21 
0 31 12 7 15 29 30 14 2 25 28 18 3 19 9 1 8 23 6 27 4 16 5 10 24 20 22 11 26 17 13 21 
0 31 12 7 15 29 30 14 10 5 16 4 27 6 23 19 18 9 8 3 25 28 1 2 24 20 22 11 26 17 13 21 
0 31 12 7 15 29 4 9 10 5 16 23 27 6 30 8 1 14 19 3 18 28 25 2 24 20 22 11 26 17 13 21 
0 31 12 7 15 29 30 14 10 5 16 4 27 6 23 8 18 9 19 3 1 25 24 2 28 20 22 11 26 17 13 21 
0 31 12 7 15 29 30 14 10 5 16 4 27 6 23 8 18 9 19 3 1 25 24 2 28 20 22 11 26 17 13 21 
0 31 12 7 15 29 30 14 10 5 16 4 27 6 23 8 1 13 17 9 19 3 18 28 25 2 24 20 22 11 26 21 
0 31 12 7 15 29 30 14 10 5 16 4 27 6 23 8 1 13 17 9 19 3 18 28 25 2 24 20 22 11 26 21 
0 31 12 7 15 29 30 14 10 5 16 4 27 6 23 8 1 9 19 3 18 28 25 13 17 26 11 22 20 24 2 21 
0 31 12 7 15 29 30 14 10 23 16 4 9 6 5 8 1 27 19 3 18 28 25 2 24 20 13 17 26 11 22 21 
0 31 12 7 15 29 30 14 10 5 16 4 27 6 23 8 1 9 19 3 18 28 25 2 17 26 11 22 20 24 13 21 
0 31 12 7 15 29 30 14 10 5 16 4 27 6 23 8 1 9 19 13 17 3 18 28 25 2 24 20 22 11 26 21 
0 31 12 7 15 29 30 14 10 5 16 4 27 6 23 8 1 9 26 3 18 28 25 2 22 20 24 11 19 17 13 21 
0 31 12 7 15 29 30 14 10 5 16 4 27 6 23 8 1 9 26 3 18 28 25 2 22 20 24 11 19 17 13 21 
0 31 12 7 15 29 30 14 10 5 16 4 27 6 23 8 1 9 19 3 18 28 25 11 22 2 24 20 26 17 13 21 
0 31 12 7 15 29 30 14 10 5 16 4 2 25 28 18 3 19 9 1 8 23 6 27 24 20 22 11 26 17 13 21 
0 28 18 3 19 9 1 8 23 6 27 4 16 5 10 14 30 29 15 7 12 31 25 2 24 20 22 11 26 17 13 21 
0 31 19 7 15 29 30 14 10 12 5 4 27 6 23 25 8 9 16 3 18 2 1 28 24 20 22 11 26 17 13 21 
0 31 12 7 15 29 30 14 2 25 28 18 3 19 9 1 8 23 6 10 5 16 4 27 24 20 22 11 26 17 13 21 
0 31 12 7 15 29 30 14 10 5 16 25 28 18 3 19 9 1 8 23 6 27 4 2 24 20 22 11 26 17 13 21 
0 31 12 5 15 27 30 6 10 7 16 4 29 14 23 8 1 9 19 3 18 28 25 2 24 20 22 11 26 17 13 21 
0 31 12 7 15 29 30 14 10 5 16 4 27 6 23 8 1 9 19 17 26 11 22 20 24 2 25 28 18 3 13 21 
0 31 12 7 15 29 30 14 10 5 16 4 27 6 23 8 1 9 19 3 18 28 25 2 24 17 26 11 22 20 13 21 
0 31 12 7 15 29 30 14 10 5 25 4 27 6 23 8 1 16 19 9 3 18 28 2 24 20 22 11 26 17 13 21 
0 31 12 2 25 28 18 3 19 9 1 8 23 6 27 4 16 5 10 14 30 29 15 7 24 20 22 11 26 17 13 21 
0 31 12 7 15 29 30 14 10 5 25 4 27 6 23 8 1 16 19 9 3 18 28 2 24 20 22 11 26 17 13 21 
0 31 12 7 15 29 30 14 10 5 16 4 27 6 23 8 1 9 19 3 26 28 25 2 24 20 22 11 18 17 13 21 
0 31 12 7 15 29 30 14 10 5 16 4 27 6 23 8 1 9 19 3 26 28 25 2 24 20 22 11 18 17 13 21 
0 31 12 7 15 29 30 14 10 5 16 4 27 6 23 8 1 9 19 3 24 2 25 28 22 20 18 11 26 17 13 21 
0 31 12 7 15 29 30 14 10 5 28 2 27 6 23 8 1 9 19 3 18 16 25 4 24 20 22 11 26 17 13 21 
0 31 12 7 15 29 30 14 10 5 25 28 18 3 19 9 1 8 23 6 27 4 16 2 24 20 22 11 26 17 13 21 
0 31 12 7 15 29 30 14 10 5 16 4 27 6 23 18 1 9 19 8 24 3 28 20 25 2 22 11 26 17 13 21 
0 31 12 7 15 29 30 14 10 5 16 13 17 26 11 22 20 24 2 25 28 18 3 19 9 1 8 23 6 27 4 21 
0 31 12 7 15 29 30 14 10 5 16 13 17 26 11 22 20 24 2 25 28 18 3 19 9 1 8 23 6 27 4 21 
0 31 12 7 15 29 30 14 10 5 16 13 17 26 11 22 20 24 2 25 28 18 3 19 9 1 8 23 6 27 4 21 
0 31 12 7 15 29 30 14 10 5 16 4 27 6 23 8 1 9 19 3 18 28 25 2 24 20 26 11 22 17 13 21 
0 31 12 7 15 29 30 14 10 5 16 4 27 6 23 8 1 9 19 3 18 28 25 2 24 20 17 26 11 22 13 21 
0 31 12 7 15 29 30 14 10 5 16 4 27 6 23 8 1 9 19 17 26 11 22 20 24 2 25 28 18 3 13 21 
0 31 12 7 15 29 30 14 10 5 16 4 27 6 23 13 17 26 11 22 20 24 2 25 28 18 3 19 9 1 8 21 
0 31 12 7 15 29 30 14 10 5 16 4 27 6 23 8 1 9 19 3 18 11 22 20 24 2 25 28 26 17 13 21 
0 31 12 7 15 29 30 14 10 5 16 4 27 6 23 8 1 9 19 3 18 26 11 22 20 24 2 25 28 17 13 21 
0 31 12 7 15 29 30 14 10 5 16 4 18 6 23 8 28 9 19 11 27 1 2 25 24 20 22 3 26 17 13 21 
0 31 12 7 15 29 30 14 10 5 16 4 27 11 22 20 24 2 25 28 18 3 19 9 1 8 23 6 26 17 13 21 
0 31 12 7 15 29 30 14 10 5 16 4 27 6 23 8 25 9 19 3 18 28 1 2 24 20 22 11 26 17 13 21 
0 31 12 7 13 17 26 11 30 29 15 1 19 9 3 18 28 25 2 24 20 22 14 10 5 16 4 27 6 23 8 21 
0 31 12 7 13 17 26 11 30 29 15 1 19 9 3 18 28 25 2 24 20 22 14 10 5 16 4 27 6 23 8 21 
0 31 12 7 15 29 30 14 10 5 16 4 27 6 23 8 1 9 19 13 17 26 11 3 18 28 25 2 24 20 22 21 
0 31 12 7 15 29 30 14 10 5 25 28 18 3 19 9 1 8 23 6 27 4 16 2 24 20 22 11 26 17 13 21 
0 31 12 7 15 29 30 14 10 5 25 28 18 3 19 9 1 8 23 6 27 4 16 2 24 20 22 11 26 17 13 21 
0 31 12 7 15 29 30 14 10 5 25 28 18 3 19 9 1 8 23 6 27 4 16 2 24 20 22 11 26 17 13 21 
0 31 12 7 15 29 30 14 10 5 16 4 27 6 11 22 20 24 2 25 28 18 3 19 9 1 8 23 26 17 13 21 
0 31 12 7 15 29 30 14 10 5 16 4 27 6 11 22 20 24 2 25 28 18 3 19 9 1 8 23 26 17 13 21 
0 31 12 7 15 29 30 14 10 5 16 4 27 6 23 8 18 9 19 2 1 28 25 3 24 20 22 11 26 17 13 21 
0 31 12 7 15 29 30 20 24 2 25 28 18 3 19 9 1 8 23 6 27 4 16 5 10 14 22 11 26 17 13 21 
0 31 12 7 15 29 30 14 10 5 16 4 27 6 23 8 18 9 19 2 1 28 25 3 24 20 22 11 26 17 13 21 
0 31 12 7 15 29 30 14 10 5 16 4 27 6 23 8 1 9 25 24 18 28 19 2 3 20 22 11 26 17 13 21 
0 31 12 7 15 29 4 14 10 5 9 27 1 6 23 8 30 16 19 3 18 28 25 2 24 20 22 11 26 17 13 21 
0 31 12 7 15 29 30 14 10 11 22 20 24 2 25 28 18 3 19 9 1 8 23 6 27 4 16 5 26 17 13 21 
0 31 12 7 15 29 30 14 10 5 16 4 27 6 23 8 1 9 19 13 17 26 11 22 20 24 2 25 28 18 3 21 
0 31 12 7 15 29 30 14 10 5 16 4 27 6 23 28 1 9 3 19 18 8 25 2 24 20 22 11 26 17 13 21 
0 31 12 7 15 29 30 4 9 5 16 14 27 6 23 8 1 10 19 3 18 28 25 2 24 20 22 11 26 17 13 21 
0 31 12 30 9 29 7 14 10 5 16 6 27 4 15 8 1 23 19 3 18 28 25 2 24 20 22 11 26 17 13 21 
0 31 12 7 15 29 30 14 10 5 16 4 27 6 23 8 1 9 19 3 18 28 25 2 24 20 13 11 26 17 22 21 
0 31 12 7 15 29 30 14 10 5 16 4 27 6 23 8 1 9 19 3 18 28 25 2 24 20 13 11 26 17 22 21 
0 31 12 7 15 29 30 14 10 5 16 4 27 6 23 8 1 9 19 3 18 28 25 2 24 20 13 11 26 17 22 21 
0 31 12 7 15 29 30 14 10 5 16 4 27 6 23 8 1 17 26 9 19 3 18 28 25 2 20 24 22 11 13 21 
0 31 12 7 15 29 30 14 10 5 16 4 27 6 23 8 1 9 19 3 18 22 20 24 2 25 28 11 26 17 13 21 
0 31 12 7 15 29 30 14 10 5 16 4 27 6 23 8 1 9 19 3 18 28 25 2 24 20 17 26 11 22 13 21 
0 31 12 7 15 29 30 14 10 5 16 4 27 6 23 8 1 9 19 17 13 3 18 28 25 2 24 20 22 11 26 21 
0 31 12 7 15 29 30 14 10 5 16 4 27 6 23 28 18 3 19 9 1 8 25 2 24 20 22 11 26 17 13 21 
0 31 12 7 15 29 30 14 10 5 16 4 27 6 23 8 1 9 19 20 18 28 22 2 24 3 25 11 26 17 13 21 
0 31 12 7 15 29 30 14 10 5 16 4 27 6 23 8 1 9 19 20 18 28 22 2 24 3 25 11 26 17 13 21 
0 31 12 7 15 29 30 14 10 5 16 4 27 6 23 8 1 9 19 3 18 11 22 20 24 2 25 28 26 17 13 21 
0 31 12 7 15 29 30 14 10 5 16 4 27 6 23 8 1 9 18 3 19 28 2 24 25 20 22 11 26 17 13 21 
0 31 12 7 15 29 30 14 10 5 16 4 27 6 23 1 2 9 24 3 19 28 25 8 18 20 22 11 26 17 13 21 
0 31 12 7 15 29 30 14 10 5 16 4 27 6 23 8 1 9 19 3 18 28 25 2 24 20 17 26 11 22 13 21 
0 31 12 7 15 29 30 14 10 5 16 4 27 6 11 22 20 24 2 25 28 18 3 19 9 1 8 23 26 17 13 21 
0 31 12 7 15 29 30 14 10 5 16 4 27 6 11 22 20 24 2 25 28 18 3 19 9 1 8 23 26 17 13 21 
0 31 12 7 15 29 30 14 1 8 23 6 27 4 16 5 10 9 19 3 18 28 25 2 24 20 22 11 26 17 13 21 
0 31 12 7 15 29 30 14 10 5 16 4 27 6 23 8 18 28 20 3 9 19 25 2 1 24 22 11 26 17 13 21 
0 31 12 7 15 29 30 14 10 5 16 4 27 6 23 18 1 3 19 28 8 9 25 2 24 20 22 11 26 17 13 21 
0 31 12 7 11 22 20 24 2 25 28 18 3 19 9 1 8 23 6 27 4 16 5 10 14 30 29 15 26 17 13 21 
0 31 12 7 11 22 20 24 2 25 28 18 3 19 9 1 8 23 6 27 4 16 5 10 14 30 29 15 26 17 13 21 
0 31 12 7 15 29 30 14 10 5 16 4 27 6 23 8 1 9 19 3 26 11 22 20 24 2 25 28 18 17 13 21 
0 31 12 7 15 29 30 14 10 5 16 4 27 6 23 8 1 9 19 3 18 28 22 20 24 2 25 11 26 17 13 21 
0 31 12 7 15 29 30 14 24 2 25 28 18 3 19 9 1 8 23 6 27 4 16 5 10 20 22 11 26 17 13 21 
0 31 12 7 15 29 30 14 10 19 9 4 27 23 6 8 1 16 5 3 18 28 2 25 24 20 22 11 26 17 13 21 
0 31 12 7 15 29 30 14 10 5 16 4 27 6 23 25 1 20 19 3 18 28 2 24 8 9 22 11 26 17 13 21 
0 31 12 7 15 29 30 14 10 5 16 4 27 6 23 8 1 9 19 3 18 28 22 20 24 2 25 11 26 17 13 21 
0 31 12 7 15 29 30 14 10 5 16 4 27 6 23 8 1 9 19 3 18 20 25 28 24 2 22 11 26 17 13 21 
0 31 12 7 15 29 30 14 10 22 20 24 2 25 28 18 3 19 9 1 8 23 6 27 4 16 5 11 26 17 13 21 
0 31 12 7 15 29 30 14 10 5 16 4 27 6 23 8 1 9 19 3 18 20 25 28 24 2 22 11 26 17 13 21 
0 31 12 7 15 29 30 14 10 5 16 4 27 6 23 8 1 9 19 3 18 28 20 2 24 25 22 11 17 26 13 21 
0 31 12 7 15 29 30 14 10 25 28 18 3 19 9 1 8 23 6 27 4 16 5 2 24 20 22 11 26 17 13 21 
0 31 12 7 15 29 30 14 10 5 16 4 27 6 11 22 20 24 2 25 28 18 3 19 9 1 8 23 26 17 13 21 
0 31 12 7 15 29 30 14 10 5 16 4 27 6 11 22 20 24 2 25 28 18 3 19 9 1 8 23 26 17 13 21 
0 31 12 7 15 29 30 14 10 5 16 4 27 6 11 22 20 24 2 25 28 18 3 19 9 1 8 23 26 17 13 21 
0 31 12 7 15 29 30 14 10 5 16 4 27 6 11 22 20 24 2 25 28 18 3 19 9 1 8 23 26 17 13 21 
0 31 12 7 15 29 30 14 10 5 16 4 27 6 11 22 20 24 2 25 28 18 3 19 9 1 8 23 26 17 13 21 
0 31 13 17 26 11 22 20 24 2 25 28 18 3 19 9 1 8 23 12 7 15 29 30 14 10 5 16 4 27 6 21 
0 31 12 7 15 29 30 14 9 5 4 16 23 6 27 8 1 10 25 3 18 28 19 2 24 20 22 11 26 17 13 21 
0 31 12 7 15 29 30 14 10 5 16 4 27 6 23 8 1 9 19 13 17 26 11 22 20 24 2 25 28 18 3 21 
0 31 12 7 15 29 30 14 10 5 16 4 27 6 23 8 1 9 19 13 17 26 11 22 20 24 2 25 28 18 3 21 
0 31 12 7 15 29 30 14 10 5 16 4 27 6 23 8 18 9 19 28 1 2 25 3 20 24 22 11 26 17 13 21 
0 31 12 7 15 29 30 14 10 5 16 4 27 6 23 8 18 9 19 28 1 2 25 3 20 24 22 11 26 17 13 21 
0 31 12 7 15 29 30 14 10 5 16 4 27 6 23 8 1 9 19 3 18 22 2 25 24 20 28 11 26 17 13 21 
0 31 12 7 15 29 30 14 10 5 16 4 27 6 23 8 1 9 19 3 18 22 2 25 24 20 28 11 26 17 13 21 
0 31 12 7 15 29 30 24 2 25 28 18 3 19 9 1 8 23 6 27 4 16 5 10 14 20 22 11 26 17 13 21 
0 31 12 7 15 29 30 14 10 5 16 4 27 6 26 11 22 20 24 2 25 28 18 3 19 9 1 8 23 17 13 21 
0 31 12 7 15 29 30 14 10 5 16 4 27 6 23 8 1 9 19 3 18 28 13 17 26 11 22 20 24 2 25 21 
0 31 12 7 15 29 30 14 10 5 16 4 27 6 23 8 1 9 19 3 18 28 13 17 26 11 22 20 24 2 25 21 
0 31 12 7 15 29 30 14 10 5 16 4 27 6 23 8 1 9 19 13 3 18 28 25 2 24 20 22 11 26 17 21 
0 31 12 7 15 29 30 14 10 5 16 4 27 6 23 8 1 28 18 3 9 19 25 2 24 20 22 11 26 17 13 21 
0 31 12 7 15 29 30 14 10 5 16 4 27 6 23 8 1 11 22 9 19 3 18 28 25 2 24 20 26 17 13 21 
0 31 12 7 15 29 30 14 10 5 16 4 27 6 23 8 1 9 19 11 22 3 18 28 25 2 24 20 26 17 13 21 
0 31 12 7 15 29 30 14 10 5 16 4 27 6 23 8 11 22 20 24 2 25 28 18 3 19 9 1 26 17 13 21 
0 31 10 7 15 29 30 14 12 5 16 4 27 6 23 8 1 9 19 3 18 28 25 2 24 20 22 11 26 17 13 21 
0 31 12 7 15 6 30 14 8 5 16 4 10 29 9 27 1 23 19 3 18 28 25 2 24 20 22 11 26 17 13 21 
0 31 12 7 15 29 30 14 10 5 16 4 28 27 23 8 1 6 19 3 18 9 25 2 24 20 22 11 26 17 13 21 
0 31 12 7 15 29 30 14 10 5 16 4 27 6 23 8 1 9 19 3 18 28 25 26 11 22 20 24 2 17 13 21 
0 31 12 7 15 29 30 14 10 5 16 4 28 27 23 8 1 6 19 3 18 9 25 2 24 20 22 11 26 17 13 21 
0 31 12 7 15 11 22 20 24 2 25 28 18 3 19 9 1 8 23 6 27 4 16 5 10 14 30 29 26 17 13 21 
0 31 12 7 15 29 30 14 10 5 16 4 27 6 23 8 1 9 20 3 17 28 25 2 24 19 22 11 26 18 13 21 
0 31 12 7 15 29 30 14 10 5 16 4 27 6 23 8 1 9 20 3 17 28 25 2 24 19 22 11 26 18 13 21 
0 31 12 7 15 29 30 14 10 5 16 4 27 6 23 8 1 9 20 3 17 28 25 2 24 19 22 11 26 18 13 21 
0 31 13 17 26 11 22 20 24 2 25 28 18 3 19 9 1 8 23 12 7 15 29 30 14 10 5 16 4 27 6 21 
0 31 12 7 15 25 28 18 3 19 9 1 8 23 6 27 4 16 5 10 14 30 29 2 24 20 22 11 26 17 13 21 
0 31 12 7 15 29 30 8 10 5 16 4 23 6 27 14 1 9 19 3 18 28 25 2 24 20 22 11 26 17 13 21 
0 31 12 7 15 29 30 14 10 5 16 4 27 6 23 8 1 9 19 3 11 22 20 24 2 25 28 18 26 17 13 21 
0 31 12 7 15 29 30 14 10 5 16 4 27 6 23 8 1 9 19 3 18 28 2 22 24 20 25 11 26 17 13 21 
0 31 12 7 15 29 30 14 10 5 16 4 27 6 23 19 18 9 8 28 1 3 25 2 24 20 22 11 26 17 13 21 
0 31 12 7 15 29 30 14 10 5 16 4 27 6 23 19 18 9 8 28 1 3 25 2 24 20 22 11 26 17 13 21 
0 31 12 7 15 29 30 14 10 5 16 4 27 9 23 8 19 6 1 25 28 18 3 2 24 20 22 11 26 17 13 21 
0 31 12 7 15 29 30 14 10 5 16 4 27 6 23 8 1 13 17 9 19 3 18 28 25 2 24 20 22 11 26 21 
0 31 12 7 15 29 30 14 10 5 16 4 27 6 23 8 1 9 19 3 18 28 25 2 24 20 22 13 17 26 11 21 
0 31 12 7 15 29 30 14 10 5 16 4 27 6 23 8 1 9 19 13 17 3 18 28 25 2 24 20 22 11 26 21 
0 31 12 7 15 29 30 14 10 5 16 4 27 6 23 8 1 9 11 3 18 28 25 19 24 20 22 2 26 17 13 21 
0 31 12 7 15 29 30 14 10 5 16 4 27 6 23 8 1 9 11 3 18 28 25 19 24 20 22 2 26 17 13 21 
0 31 12 7 15 29 30 14 3 19 9 1 8 23 6 27 4 16 5 10 18 28 25 2 24 20 22 11 26 17 13 21 
0 31 12 7 15 29 30 14 10 5 16 4 27 23 6 8 1 11 22 9 19 3 18 28 25 2 24 20 26 17 13 21 
0 31 12 7 15 29 30 14 10 5 16 4 27 6 23 8 1 9 19 3 11 24 25 2 28 20 22 18 26 17 13 21 
0 31 12 7 15 29 25 28 18 3 19 9 1 8 23 6 27 4 16 5 10 14 30 2 24 20 22 11 26 17 13 21 
0 31 12 7 15 29 25 28 18 3 19 9 1 8 23 6 27 4 16 5 10 14 30 2 24 20 22 11 26 17 13 21 
0 31 12 7 15 29 30 14 10 5 16 4 27 6 23 11 22 20 24 2 25 28 18 3 19 9 1 8 26 17 13 21 
0 31 12 7 15 29 30 14 10 5 16 4 27 6 3 8 25 9 23 19 18 28 1 2 24 20 22 11 26 17 13 21 
0 31 12 7 15 29 30 14 10 5 16 4 27 6 3 8 25 9 23 19 18 28 1 2 24 20 22 11 26 17 13 21 
0 31 12 7 15 29 30 14 10 5 16 4 27 25 18 3 19 9 1 8 23 6 28 2 24 20 22 11 26 17 13 21 
0 31 12 7 15 29 30 14 10 5 16 4 27 6 23 8 1 9 19 3 26 11 22 20 24 2 25 28 18 17 13 21 
0 31 12 7 15 29 30 14 10 5 16 4 26 11 22 20 24 2 25 28 18 3 19 9 1 8 23 6 27 17 13 21 
0 31 12 7 15 29 30 14 10 5 16 4 27 6 23 8 1 9 19 11 22 20 24 2 25 28 18 3 26 17 13 21 
0 31 12 7 15 29 30 14 10 5 16 4 27 6 23 8 1 9 19 13 3 18 28 25 2 24 20 22 11 26 17 21 
0 31 12 7 15 29 30 14 10 5 16 4 27 6 23 8 1 9 19 3 18 28 25 11 22 20 24 2 26 17 13 21 
0 31 12 7 15 29 30 14 10 5 16 4 27 6 23 8 1 9 11 20 18 28 25 3 24 2 22 19 26 17 13 21 
0 31 12 7 15 29 30 14 10 5 16 4 27 9 23 1 3 6 19 18 2 28 25 8 24 20 22 11 26 17 13 21 
0 31 12 18 3 19 9 1 8 23 6 27 4 16 5 10 14 30 29 15 7 28 25 2 24 20 22 11 26 17 13 21 
0 31 12 7 15 29 30 3 19 9 1 8 23 6 27 4 16 5 10 14 18 28 25 2 24 20 22 11 26 17 13 21 
0 31 30 7 15 29 12 14 10 5 16 4 27 25 28 18 3 19 9 1 8 23 6 2 24 20 22 11 26 17 13 21 
0 31 30 7 15 29 12 14 10 5 16 4 27 25 28 18 3 19 9 1 8 23 6 2 24 20 22 11 26 17 13 21 
0 31 30 7 15 29 12 14 10 5 16 4 27 25 28 18 3 19 9 1 8 23 6 2 24 20 22 11 26 17 13 21 
0 31 12 7 15 29 30 14 10 5 16 4 27 6 23 28 25 9 19 3 18 8 1 2 24 20 22 11 26 17 13 21 
0 31 12 7 18 3 19 9 1 8 23 6 27 4 16 5 10 14 30 29 15 28 25 2 24 20 22 11 26 17 13 21 
0 31 12 7 4 29 6 14 8 5 23 15 27 30 16 10 1 9 19 3 18 28 25 2 24 20 22 11 26 17 13 21 
0 31 12 7 4 29 6 14 8 5 23 15 27 30 16 10 1 9 19 3 18 28 25 2 24 20 22 11 26 17 13 21 
0 31 12 7 4 29 6 14 8 5 23 15 27 30 16 10 1 9 19 3 18 28 25 2 24 20 22 11 26 17 13 21 
0 31 12 7 18 3 19 9 1 8 23 6 27 4 16 5 10 14 30 15 29 28 25 2 24 20 22 11 26 17 13 21 
0 31 12 7 15 29 30 1 10 6 16 23 27 5 4 8 14 9 19 3 18 28 25 2 24 20 22 11 26 17 13 21 
0 31 12 7 1 29 3 14 10 5 16 4 27 6 9 8 15 23 19 30 18 28 25 2 24 20 22 11 26 17 13 21 
0 31 12 7 15 29 30 1 10 6 16 23 27 5 4 8 14 9 19 3 18 28 25 2 24 20 22 11 26 17 13 21 
0 31 12 7 15 29 30 14 10 16 5 4 27 6 23 8 1 9 28 3 18 25 19 2 24 20 22 11 26 17 13 21 
0 31 12 7 15 29 30 14 10 5 16 4 27 6 23 18 1 9 25 3 8 28 19 2 22 24 20 11 26 17 13 21 
0 31 12 7 15 29 30 14 10 16 5 4 27 6 23 8 1 9 28 3 18 25 19 2 24 20 22 11 26 17 13 21 
0 31 12 7 15 29 30 14 10 5 16 4 27 6 28 18 3 19 9 1 8 23 25 2 24 20 22 11 26 17 13 21 
0 31 12 7 15 29 30 14 10 5 16 4 27 8 23 24 1 9 19 20 18 28 25 2 6 3 22 11 26 17 13 21 
0 31 13 17 26 11 22 20 24 2 25 28 18 3 19 9 1 8 23 12 7 15 29 30 14 10 5 16 4 27 6 21 
0 31 13 17 26 11 22 20 24 2 25 28 18 3 19 9 1 8 23 12 7 15 29 30 14 10 5 16 4 27 6 21 
0 31 12 7 15 29 30 14 10 5 16 4 27 6 23 8 1 9 19 3 18 28 25 2 24 13 17 26 11 22 20 21 
0 31 12 7 15 29 30 14 10 5 16 4 27 6 23 8 1 9 19 3 18 28 25 2 24 13 17 26 11 22 20 21 
0 31 12 7 15 29 30 14 10 5 16 4 27 6 23 8 1 28 2 3 18 9 19 25 24 20 22 11 26 17 13 21 
0 31 12 7 15 29 30 14 10 5 16 4 27 6 23 8 1 28 2 3 18 9 19 25 24 20 22 11 26 17 13 21 
0 31 12 7 15 29 30 14 10 5 16 4 27 6 23 8 1 9 19 13 17 26 11 22 20 24 2 25 28 18 3 21 
0 31 12 7 15 29 30 14 10 8 16 4 24 6 27 18 9 1 19 3 5 28 25 2 23 20 22 11 26 17 13 21 
0 31 12 7 15 29 30 14 10 2 25 28 18 3 19 9 1 8 23 6 27 4 16 5 24 20 22 11 26 17 13 21 
0 31 12 7 15 29 30 14 10 2 25 28 18 3 19 9 1 8 23 6 27 4 16 5 24 20 22 11 26 17 13 21 
0 31 12 7 15 29 30 14 10 5 16 4 27 6 23 8 1 9 19 3 18 28 25 2 24 20 22 11 13 17 26 21 
0 31 12 7 15 29 30 14 10 5 16 4 27 6 23 8 1 9 19 3 18 28 25 2 24 20 22 17 26 11 13 21 
0 31 12 7 15 29 30 14 10 5 16 4 27 6 23 8 1 9 19 3 18 28 25 2 24 20 22 11 13 17 26 21 
0 31 12 7 15 29 30 14 10 5 16 4 27 6 23 8 1 9 19 3 11 22 25 2 24 20 18 28 26 17 13 21 
0 31 20 24 2 25 28 18 3 19 9 1 8 23 6 27 4 16 5 10 14 30 29 15 7 12 22 11 26 17 13 21 
0 31 12 7 15 29 30 14 10 5 16 4 27 6 23 8 1 9 19 3 11 22 25 2 24 20 18 28 26 17 13 21 
0 31 12 7 15 29 30 14 10 5 16 4 27 6 23 8 1 9 19 28 18 3 25 2 24 20 22 11 26 17 13 21 
0 31 12 7 15 29 30 14 10 5 16 4 27 6 23 8 1 9 19 3 18 28 25 2 26 20 22 17 24 11 13 21 
0 31 12 7 15 29 30 14 10 5 16 4 27 6 23 11 22 20 24 2 25 28 18 3 19 9 1 8 26 17 13 21 
0 31 12 7 15 29 30 14 10 5 16 4 27 6 23 11 22 20 24 8 1 9 19 3 18 28 2 25 26 17 13 21 
0 31 12 7 15 29 30 14 10 5 16 4 27 6 23 11 22 20 24 8 1 9 19 3 18 28 25 2 26 17 13 21 
0 31 12 7 15 29 30 14 8 5 16 4 27 6 10 23 1 18 19 3 25 28 9 2 24 20 22 11 26 17 13 21 
0 31 26 11 22 20 24 2 25 28 18 3 19 9 1 8 23 6 27 4 16 5 10 14 30 29 15 7 12 17 13 21 
0 31 12 7 15 29 30 14 10 5 16 4 1 22 23 8 27 9 2 3 18 28 25 19 24 20 6 11 26 17 13 21 
0 31 12 7 15 29 30 14 10 5 16 4 1 22 23 8 27 9 2 3 18 28 25 19 24 20 6 11 26 17 13 21 
0 31 12 7 15 29 30 14 10 5 16 4 1 22 23 8 27 9 2 3 18 28 25 19 24 20 6 11 26 17 13 21 
0 31 12 7 15 29 30 14 10 5 16 4 27 6 23 25 1 9 8 3 18 28 19 2 24 20 22 11 26 17 13 21 
0 31 12 7 15 29 30 14 10 5 16 4 27 6 23 8 1 2 19 3 18 28 25 9 24 20 22 11 26 17 13 21 
0 31 12 7 15 29 30 14 10 5 16 4 27 6 23 8 1 9 20 3 18 28 22 2 24 19 25 11 26 17 13 21 
0 31 12 7 15 29 30 14 10 5 16 4 27 6 23 8 1 9 20 3 18 28 22 2 24 19 25 11 26 17 13 21 
0 31 12 7 15 29 30 14 10 5 16 4 27 6 23 8 1 9 20 3 18 28 22 2 24 19 25 11 26 17 13 21 
0 31 12 7 15 29 30 14 10 5 16 4 27 6 23 8 24 9 19 28 18 3 25 2 1 20 22 11 26 17 13 21 
0 31 12 7 15 29 30 14 10 5 16 4 27 6 23 8 24 9 19 28 18 3 25 2 1 20 22 11 26 17 13 21 
0 31 12 7 15 29 30 14 10 5 16 4 27 6 23 8 1 9 19 24 28 18 3 25 2 20 22 11 26 17 13 21 
0 31 12 7 15 29 30 14 10 5 16 4 27 6 23 8 1 20 19 3 28 18 25 24 2 9 22 11 26 17 13 21 
0 31 12 7 15 29 30 14 10 5 16 4 27 6 23 8 1 9 19 22 3 28 25 18 24 20 2 11 26 17 13 21 
0 31 12 7 15 29 30 14 10 5 16 4 27 6 23 20 24 2 25 28 18 3 19 9 1 8 22 11 26 17 13 21 
0 31 12 7 22 20 24 2 25 28 18 3 19 9 1 8 23 6 27 4 16 5 10 14 30 29 15 11 26 17 13 21 
0 31 12 7 22 20 24 2 25 28 18 3 19 9 1 8 23 6 27 4 16 5 10 14 30 29 15 11 26 17 13 21 
0 31 12 7 15 29 30 14 10 5 16 4 27 6 23 8 1 9 19 3 18 28 25 2 24 17 26 11 22 20 13 21 
0 31 12 7 15 29 30 14 10 5 16 4 27 6 23 18 1 9 28 3 8 19 25 2 24 20 22 11 26 17 13 21 
0 31 12 7 15 29 30 14 10 5 16 4 27 6 23 8 1 9 11 22 20 24 2 25 28 18 3 19 26 17 13 21 
0 31 12 7 15 29 30 14 10 5 16 4 27 6 23 8 1 9 19 3 18 28 25 22 20 24 2 11 26 17 13 21 
0 31 12 7 15 29 30 14 10 5 16 4 27 6 23 8 1 9 18 20 19 25 2 28 24 3 22 11 26 17 13 21 
0 31 12 7 17 26 11 22 18 24 25 2 28 20 3 19 9 1 8 23 6 27 4 16 5 10 14 30 29 15 13 21 
0 31 12 7 15 29 30 14 10 5 16 4 27 6 23 8 1 9 19 3 18 28 25 2 13 20 22 11 26 17 24 21 
0 31 12 7 15 29 30 14 10 5 16 4 27 6 23 8 1 9 19 3 18 28 25 2 13 20 22 11 26 17 24 21 
0 31 12 22 20 24 2 25 28 18 3 19 9 1 8 23 6 27 4 16 5 10 14 30 29 15 7 11 26 17 13 21 
0 31 12 7 15 29 30 14 10 5 16 17 26 11 22 20 24 2 25 28 18 3 19 9 1 8 23 6 27 4 13 21 
0 31 12 7 15 29 4 27 10 5 16 19 14 6 23 8 1 9 30 3 18 28 25 2 24 20 22 11 26 17 13 21 
0 31 12 7 15 29 30 14 10 5 16 4 3 6 23 24 1 9 11 27 18 28 8 2 25 20 22 19 26 17 13 21 
0 31 12 7 15 29 30 14 10 5 16 4 27 6 23 8 1 9 13 19 3 18 28 25 2 24 20 22 11 26 17 21 
0 31 12 7 15 29 30 14 10 5 16 4 27 6 23 8 1 9 13 19 3 18 28 25 2 24 20 22 11 26 17 21 
0 31 12 7 15 29 30 14 10 5 16 4 27 6 25 28 18 3 19 9 1 8 23 2 24 20 22 11 26 17 13 21 
0 31 12 7 15 29 30 14 10 5 16 4 27 6 25 28 18 3 19 9 1 8 23 2 24 20 22 11 26 17 13 21 
0 31 12 7 15 29 30 14 10 5 16 4 27 6 23 8 1 9 19 3 18 28 25 2 24 17 26 11 22 20 13 21 
0 31 12 7 15 29 30 14 10 5 16 4 27 6 23 8 1 9 19 3 18 28 25 2 24 17 26 11 22 20 13 21 
0 31 12 7 15 29 30 14 10 5 16 4 27 6 23 8 1 9 19 3 18 28 11 26 24 20 22 25 2 17 13 21 
0 31 12 7 15 29 30 14 2 25 28 18 3 19 9 1 8 23 6 27 4 16 5 10 24 20 22 11 26 17 13 21 
0 31 12 7 15 29 30 14 10 5 16 4 27 6 23 8 1 9 19 3 18 28 11 22 20 24 2 25 26 17 13 21 
0 31 12 7 15 29 20 24 2 25 28 18 3 19 9 1 8 23 6 27 4 16 5 10 14 30 22 11 26 17 13 21 
0 31 12 7 15 29 30 14 10 5 16 4 27 6 23 11 22 20 24 2 25 28 18 3 19 9 1 8 26 17 13 21 
0 31 12 7 15 29 30 14 10 5 16 4 27 6 23 8 1 9 19 3 18 11 22 20 24 2 25 28 26 17 13 21 
0 31 12 6 15 29 30 14 23 5 16 4 27 19 10 8 1 9 7 18 3 28 25 2 24 20 22 11 26 17 13 21 
0 31 12 7 15 29 30 14 10 5 16 4 27 6 23 8 1 9 19 3 18 28 22 2 24 20 25 11 26 17 13 21 
0 31 12 7 15 29 30 14 2 25 19 18 3 28 9 1 8 23 6 27 4 16 5 10 24 20 22 11 26 17 13 21 
0 31 12 7 15 29 30 14 10 5 16 4 27 6 23 8 1 9 19 3 18 11 22 20 24 2 25 28 26 17 13 21 
0 31 12 7 15 29 30 14 10 5 16 4 27 6 23 8 1 9 19 3 18 11 22 20 24 2 25 28 26 17 13 21 
0 31 12 7 15 29 30 14 10 5 16 4 27 6 23 8 1 9 19 26 18 28 25 2 24 20 22 11 3 17 13 21 
0 31 12 7 15 29 30 14 10 5 16 4 27 6 23 8 1 9 19 26 18 28 25 2 24 20 22 11 3 17 13 21 
0 31 12 7 15 29 17 26 11 22 20 24 2 25 28 18 3 19 9 1 8 23 6 27 4 16 5 10 14 30 13 21 
0 31 12 27 4 16 5 10 14 30 29 15 7 6 23 8 1 9 19 3 18 28 25 11 24 20 22 2 26 17 13 21 
0 31 12 27 4 16 5 10 14 30 29 15 7 6 23 8 1 9 19 3 18 28 25 11 24 20 22 2 26 17 13 21 
0 31 12 7 15 29 30 14 10 5 16 4 27 6 22 20 24 2 25 28 18 3 19 9 1 8 23 11 26 17 13 21 
0 31 12 7 15 29 30 14 10 5 16 4 27 6 22 20 24 2 25 28 18 3 19 9 1 8 23 11 26 17 13 21 
0 31 12 7 15 29 30 14 16 5 10 4 27 6 23 8 1 9 19 3 18 28 25 2 24 20 17 26 11 22 13 21 
0 31 12 7 15 29 30 28 18 3 19 9 1 8 23 6 27 4 16 5 10 14 25 2 24 20 22 11 26 17 13 21 
0 31 12 7 15 29 30 14 10 5 16 4 27 6 23 8 1 9 19 17 26 11 22 20 2 25 28 18 3 24 13 21 
0 31 12 7 15 29 30 14 10 5 16 4 27 6 23 8 1 9 19 13 3 18 28 25 2 24 20 22 11 26 17 21 
0 31 12 7 15 29 30 14 10 5 16 4 27 6 23 8 1 9 19 24 2 25 28 11 18 20 22 3 26 17 13 21 
0 24 2 25 28 18 19 3 9 1 8 23 6 27 4 16 5 10 14 30 29 15 7 12 31 20 22 11 26 17 13 21 
0 31 12 7 15 29 30 14 10 5 19 4 18 6 23 8 1 9 16 3 27 28 25 2 24 20 22 11 26 17 13 21 
0 31 12 7 15 29 30 14 10 5 16 4 27 6 23 8 1 9 19 17 26 3 18 28 25 2 24 20 22 11 13 21 
0 31 12 7 15 29 30 14 10 5 16 4 27 6 23 24 2 25 28 18 3 19 9 1 8 20 22 11 26 17 13 21 
0 31 23 7 15 5 30 14 27 29 16 4 12 6 10 8 1 9 19 3 18 28 25 2 24 20 22 11 26 17 13 21 
0 31 23 7 15 5 30 14 27 29 16 4 12 6 10 8 1 9 19 3 18 28 25 2 24 20 22 11 26 17 13 21 
0 31 12 7 15 29 30 14 10 5 16 4 27 2 25 28 18 3 19 9 1 8 23 6 24 20 22 11 26 17 13 21 
0 31 12 7 15 29 30 17 26 11 22 20 24 2 25 28 18 3 19 9 1 8 23 6 27 4 16 5 10 14 13 21 
0 31 12 7 15 29 30 14 23 5 19 4 27 6 10 8 1 9 16 3 18 28 25 2 24 20 22 11 26 17 13 21 
0 31 12 7 15 29 30 14 10 5 16 4 27 6 20 24 2 25 28 18 3 19 9 1 8 23 22 11 26 17 13 21 
0 31 12 7 15 29 30 14 10 5 16 4 27 6 23 8 1 9 19 3 18 28 25 2 24 20 22 13 17 26 11 21 
0 31 12 7 15 29 30 14 10 5 16 4 27 6 23 8 1 9 19 13 17 26 11 22 20 24 2 25 28 18 3 21 
0 31 12 7 15 29 30 14 10 5 16 4 27 6 23 8 1 9 19 3 18 28 25 2 24 17 26 11 22 20 13 21 
0 31 12 7 15 29 30 14 10 5 16 4 27 6 23 8 1 9 19 3 26 11 22 20 24 2 25 28 18 17 13 21 
0 31 12 7 15 29 30 5 8 23 6 27 4 16 1 10 14 9 19 3 18 28 25 2 24 20 22 11 26 17 13 21 
0 31 12 28 18 3 19 9 1 8 23 6 27 4 16 5 10 14 30 29 15 7 25 2 24 20 22 11 26 17 13 21 
0 31 12 28 18 3 19 9 1 8 23 6 27 4 16 5 10 14 30 29 15 7 25 2 24 20 22 11 26 17 13 21 
0 31 12 7 27 29 14 30 23 5 16 4 15 6 10 8 1 9 19 3 18 28 25 2 24 20 22 11 26 17 13 21 
0 31 12 7 15 29 30 14 10 5 16 4 27 6 23 8 1 9 19 3 18 28 25 2 24 20 22 11 13 17 26 21 
0 31 12 7 15 29 30 14 10 5 16 4 27 6 23 8 1 9 19 3 18 28 25 2 24 20 22 11 13 17 26 21 
0 31 12 7 15 29 30 14 10 5 16 4 27 6 23 8 1 9 19 3 18 28 25 2 24 20 22 11 13 17 26 21 
0 31 12 7 15 1 30 6 10 5 16 4 27 14 23 8 29 9 19 3 18 28 25 2 24 20 22 11 26 17 13 21 
0 31 12 7 15 29 30 14 10 5 16 4 27 6 23 8 1 9 19 3 18 28 25 2 24 20 22 11 13 17 26 21 
0 31 12 7 15 29 30 14 10 5 16 4 27 6 23 8 1 9 19 3 18 28 25 2 24 20 22 11 13 17 26 21 
0 31 12 7 15 29 30 14 10 5 16 4 27 6 23 8 1 9 13 19 3 18 28 25 2 24 20 22 11 26 17 21 
0 31 12 7 15 29 30 14 10 5 11 22 20 24 2 25 28 18 3 19 9 1 8 23 6 27 4 16 26 17 13 21 
0 31 12 7 15 29 30 14 10 5 16 4 27 6 23 8 1 9 19 28 18 3 25 22 24 20 2 11 26 17 13 21 
0 31 12 7 15 29 30 14 10 5 16 4 27 6 23 8 1 9 19 28 18 3 25 22 24 20 2 11 26 17 13 21 
0 31 12 7 15 29 30 14 10 5 16 4 27 6 23 8 1 9 19 28 18 3 25 22 24 20 2 11 26 17 13 21 
0 31 12 7 15 29 30 14 10 5 16 4 27 6 23 8 1 9 19 28 18 3 25 22 24 20 2 11 26 17 13 21 
0 31 12 7 15 29 30 14 10 5 16 4 27 6 23 8 1 9 19 28 18 3 25 22 24 20 2 11 26 17 13 21 
0 31 12 7 15 29 30 14 10 5 16 4 27 6 23 8 1 9 19 3 18 28 25 11 22 20 24 2 26 17 13 21 
0 15 29 12 31 7 30 14 10 5 16 4 28 6 3 8 1 9 19 23 18 27 25 2 24 20 22 11 26 17 13 21 
0 15 29 12 31 7 30 14 10 5 16 4 28 6 3 8 1 9 19 27 23 18 25 2 24 20 22 11 26 17 13 21 
0 31 12 7 15 29 30 14 10 5 16 18 3 19 9 1 8 25 23 4 27 28 6 2 24 20 22 11 26 17 13 21 
0 31 12 7 15 29 30 14 10 5 16 18 3 19 9 1 8 25 23 4 27 28 6 2 24 20 22 11 26 17 13 21 
0 31 18 3 19 9 1 8 23 6 27 4 16 5 10 14 30 29 15 7 12 28 25 2 24 20 22 11 26 17 13 21 
0 31 12 7 15 29 30 14 10 5 16 13 17 26 11 22 20 24 2 25 28 18 3 19 9 1 8 23 6 27 4 21 
0 31 12 7 15 29 30 14 10 5 16 4 27 6 23 8 1 9 19 13 17 26 11 22 20 24 2 25 28 18 3 21 
0 31 12 7 15 29 30 14 10 5 16 4 27 6 23 8 1 9 19 3 18 28 26 2 24 25 22 11 20 17 13 21 
0 31 12 2 25 28 18 3 19 9 1 8 23 6 27 4 16 5 10 7 15 29 30 14 24 20 22 11 26 17 13 21 
0 31 12 7 15 29 30 14 10 5 16 4 27 6 23 8 1 9 19 3 18 28 25 2 24 20 17 11 26 22 13 21 
0 31 12 7 15 29 30 14 10 5 16 4 27 6 23 8 1 9 19 3 18 28 25 24 20 2 22 11 26 17 13 21 
0 31 12 7 15 29 30 14 10 5 16 4 27 6 23 8 1 9 19 3 18 28 25 24 20 2 22 11 26 17 13 21 
0 31 12 7 15 29 30 14 10 5 16 4 27 6 23 8 3 9 19 18 1 28 25 2 24 20 22 11 26 17 13 21 
0 31 12 7 15 29 30 14 10 5 16 4 27 6 23 8 3 9 19 18 1 28 25 2 24 20 22 11 26 17 13 21 
0 31 12 7 15 29 30 14 10 5 16 4 27 6 23 8 1 9 19 26 24 22 20 11 2 25 28 18 3 17 13 21 
0 31 12 7 15 29 30 14 10 5 16 4 27 6 23 8 1 9 19 3 18 28 22 20 24 2 25 11 26 17 13 21 
0 31 12 7 15 29 13 17 26 11 22 20 24 2 25 28 18 3 19 9 1 8 23 6 27 4 16 5 10 14 30 21 
0 31 12 7 15 29 30 14 10 5 16 4 27 6 23 8 1 9 19 13 17 26 11 22 20 24 2 25 28 18 3 21 
0 31 12 7 15 29 30 14 10 5 16 4 27 6 23 8 1 9 19 3 18 28 25 11 24 20 22 26 2 17 13 21 
0 31 12 7 15 29 30 14 10 5 16 4 27 6 23 8 1 9 19 3 18 28 25 11 24 20 22 26 2 17 13 21 
0 31 12 7 15 29 30 14 10 5 13 17 26 11 22 20 24 2 25 28 18 3 19 9 1 8 23 6 27 4 16 21 
0 31 12 7 15 29 30 14 10 5 16 4 27 6 23 8 1 9 19 13 17 26 11 22 20 24 2 25 28 18 3 21 
0 31 12 7 15 29 30 14 10 5 16 4 27 6 23 8 1 9 26 3 18 24 25 2 28 20 22 11 19 17 13 21 
0 31 12 7 15 29 30 14 10 26 11 22 20 24 2 25 28 18 3 19 9 1 8 23 6 27 4 16 5 17 13 21 
0 31 12 7 15 29 13 17 26 11 22 20 24 2 25 28 18 3 19 9 1 8 23 6 27 4 16 5 10 14 30 21 
0 31 12 7 15 29 30 14 10 5 16 4 27 6 23 8 1 9 19 13 17 26 11 22 20 24 2 25 28 18 3 21 
0 31 12 7 15 29 30 14 10 5 16 4 27 6 23 8 1 9 26 19 3 13 17 11 22 20 24 2 25 28 18 21 
0 31 12 7 15 29 30 14 10 5 16 4 27 6 23 8 1 9 19 3 18 28 25 2 24 20 17 26 11 22 13 21 
0 31 12 7 15 29 30 14 10 5 16 4 27 6 23 8 1 9 19 22 20 24 2 25 28 18 3 11 26 17 13 21 
0 31 12 7 15 29 30 14 10 5 16 4 27 6 23 8 1 9 19 3 18 28 25 2 24 20 22 11 13 17 26 21 
0 31 12 7 15 29 30 14 10 5 16 4 27 6 23 8 1 9 19 3 18 28 25 2 24 20 22 11 13 17 26 21 
0 31 12 7 15 29 30 14 10 5 16 4 27 6 23 8 1 9 19 3 18 28 26 11 22 20 24 2 25 17 13 21 
0 31 12 7 15 29 30 14 10 5 16 4 27 6 23 8 1 9 19 3 18 28 25 2 24 20 13 17 26 11 22 21 
0 31 12 7 15 29 30 14 10 5 16 4 27 6 23 8 1 9 19 3 18 28 25 2 24 20 13 17 26 11 22 21 
0 31 12 7 15 29 30 14 10 5 16 4 27 6 23 8 1 9 19 3 18 28 25 17 26 11 22 20 24 2 13 21 
0 31 12 7 15 29 30 14 10 5 16 4 27 6 23 8 1 9 19 3 18 28 25 17 26 11 22 20 24 2 13 21 
0 31 12 7 15 29 30 14 10 5 16 4 27 6 23 8 1 9 19 3 18 28 25 17 26 11 22 20 24 2 13 21 
0 31 12 7 15 4 16 14 10 5 30 29 27 6 23 8 1 9 19 22 20 24 2 25 28 18 3 11 26 17 13 21 
0 31 12 7 15 29 30 14 10 5 16 4 27 6 23 8 1 9 19 3 18 28 25 2 24 20 22 13 17 26 11 21 
0 31 12 7 15 29 30 14 10 5 16 4 27 6 23 8 1 9 25 28 18 3 19 2 24 20 22 11 26 17 13 21 
0 31 12 7 15 29 30 14 10 5 16 4 27 6 23 8 1 9 19 3 18 28 17 26 11 22 20 24 2 25 13 21 
0 31 12 7 15 29 30 14 10 5 16 4 27 6 23 8 1 9 19 3 18 28 17 26 11 22 20 24 2 25 13 21 
0 31 12 7 15 29 8 14 4 5 18 10 27 16 20 30 1 9 19 3 6 28 25 2 24 23 22 11 26 17 13 21 
0 31 12 7 15 29 30 14 10 5 16 4 27 6 23 8 1 25 19 9 3 18 28 2 24 20 22 11 26 17 13 21 
0 31 12 7 15 13 1 8 23 6 27 4 16 5 10 14 30 29 9 19 3 18 28 25 2 24 20 22 11 26 17 21 
0 31 12 7 15 29 30 14 10 5 16 4 27 26 11 22 20 24 2 25 28 18 3 19 9 1 8 23 6 17 13 21 
0 6 27 4 16 5 10 14 30 29 15 7 12 31 23 8 25 9 19 3 18 28 1 2 24 20 22 11 26 17 13 21 
0 31 12 7 15 29 30 14 10 5 16 4 22 20 24 2 25 28 18 3 19 9 1 8 23 6 27 11 26 17 13 21 
0 31 12 7 15 29 30 14 10 5 16 4 27 6 23 8 1 9 19 3 18 28 25 20 26 11 22 2 24 17 13 21 
0 31 12 7 15 29 30 14 10 5 16 4 27 6 26 11 22 20 24 2 25 28 18 3 19 9 1 8 23 17 13 21 
0 31 12 7 15 29 17 26 11 22 20 24 2 25 28 18 3 19 9 1 8 23 6 27 4 16 5 10 14 30 13 21 
0 31 12 7 15 29 30 14 10 5 16 4 27 6 23 8 1 9 19 3 18 28 25 2 24 17 26 11 22 20 13 21 
0 31 12 7 15 29 30 14 10 5 16 4 27 6 23 18 1 9 19 28 2 3 25 8 24 20 22 11 26 17 13 21 
0 31 12 7 15 29 30 14 10 5 16 4 27 6 23 18 1 9 19 28 2 3 25 8 24 20 22 11 26 17 13 21 
0 31 12 7 15 29 30 14 3 9 1 4 27 6 23 5 16 8 19 10 18 25 28 2 24 20 22 11 26 17 13 21 
0 31 12 7 15 29 30 14 3 9 1 4 27 6 23 5 16 8 19 10 18 25 28 2 24 20 22 11 26 17 13 21 
0 31 12 7 15 29 30 14 10 5 16 4 27 6 23 8 1 9 19 3 18 28 25 26 24 20 22 11 2 17 13 21 
0 31 12 7 15 29 30 14 10 5 16 17 26 11 22 20 24 2 25 28 18 3 19 9 1 8 23 6 27 4 13 21 
0 31 12 7 15 29 30 14 10 5 16 4 27 6 23 8 1 9 19 3 18 11 22 20 24 2 25 28 26 17 13 21 
0 31 12 7 15 29 30 14 10 5 16 4 27 6 23 8 1 18 19 25 9 28 3 2 24 20 22 11 26 17 13 21 
0 31 12 7 15 29 30 14 10 5 16 4 27 6 23 8 1 18 19 25 9 28 3 2 24 20 22 11 26 17 13 21 
0 31 12 7 15 29 30 14 10 5 16 4 27 6 23 8 1 9 19 3 18 17 26 11 22 20 24 2 25 28 13 21 
0 31 12 7 15 29 30 14 10 5 16 4 27 6 23 8 25 28 19 3 18 9 1 2 24 20 22 11 26 17 13 21 
0 31 12 7 15 28 18 3 19 9 1 8 4 27 6 23 16 5 10 14 30 29 25 2 24 20 22 11 26 17 13 21 
0 31 12 7 15 29 30 14 10 5 16 4 27 6 23 8 1 2 19 3 24 28 25 9 18 20 22 11 26 17 13 21 
0 31 12 7 15 29 30 14 10 2 25 28 18 3 19 9 1 8 23 6 27 4 16 5 24 20 22 11 26 17 13 21 
0 31 12 7 15 29 30 14 10 5 16 4 27 9 28 8 1 23 19 3 18 6 25 2 24 20 22 11 26 17 13 21 
0 31 5 30 15 29 7 14 10 16 12 4 27 6 23 8 1 9 19 3 18 28 25 2 24 20 22 11 26 17 13 21 
0 31 12 7 15 29 30 14 10 5 16 4 27 6 23 8 1 26 11 9 19 3 18 28 25 2 24 20 22 17 13 21 
0 31 12 7 15 29 30 14 9 5 16 4 27 6 8 23 10 1 19 3 18 28 25 2 24 20 22 11 26 17 13 21 
0 31 12 7 15 29 30 14 9 5 16 4 27 6 8 23 10 1 19 3 18 28 25 2 24 20 22 11 26 17 13 21 
0 31 12 7 15 29 30 14 10 5 16 4 27 6 23 8 1 26 11 9 19 3 18 28 25 2 24 20 22 17 13 21 
0 31 12 7 15 29 30 14 10 5 16 4 27 6 23 8 1 9 19 3 18 28 25 2 17 26 11 22 20 24 13 21 
0 31 12 7 15 29 30 14 10 5 16 4 27 6 23 8 1 9 19 3 18 28 25 2 17 26 11 22 20 24 13 21 
0 31 12 7 15 29 30 14 10 5 16 4 27 6 23 8 1 25 28 18 3 19 9 2 24 20 22 11 26 17 13 21 
0 31 12 7 15 29 30 14 10 5 16 4 27 6 23 8 1 9 19 3 17 26 11 22 20 24 2 25 28 18 13 21 
0 20 24 2 25 28 18 3 19 9 1 8 23 6 27 4 16 5 10 14 30 29 15 7 12 31 22 11 26 17 13 21 
0 31 12 7 15 29 30 14 10 5 16 4 27 6 23 8 1 9 19 3 17 26 11 22 20 24 2 25 28 18 13 21 
0 31 12 7 15 29 30 14 10 5 16 4 20 24 2 25 28 18 3 19 9 1 8 23 6 27 22 11 26 17 13 21 
0 31 12 7 15 29 30 14 10 5 16 4 20 24 2 25 28 18 3 19 9 1 8 23 6 27 22 11 26 17 13 21 
0 31 12 7 15 29 30 14 10 5 16 4 27 6 23 8 1 9 19 3 18 28 11 22 20 24 2 25 26 17 13 21 
0 31 12 7 15 29 30 14 10 5 16 4 27 6 23 8 1 9 19 3 18 28 25 2 24 20 22 11 13 17 26 21 
0 31 12 7 15 13 17 26 11 22 20 24 2 25 28 18 3 19 9 29 30 14 10 5 16 4 27 6 23 8 1 21 
0 31 12 7 15 29 30 14 10 5 16 4 27 6 23 8 1 9 19 3 18 28 25 2 13 17 26 11 22 20 24 21 
0 31 12 7 15 13 17 26 11 22 20 24 2 25 28 18 3 19 9 29 30 14 10 5 16 4 27 6 23 8 1 21 
0 31 12 7 15 29 30 14 10 5 16 4 27 6 23 8 25 9 22 1 19 3 18 28 2 24 20 11 26 17 13 21 
0 31 12 5 15 29 30 4 10 7 16 14 27 6 23 8 1 9 19 3 18 28 25 2 24 20 22 11 26 17 13 21 
0 31 12 7 15 13 17 26 11 22 20 24 2 25 28 18 3 19 9 1 8 23 6 27 4 16 5 10 14 30 29 21 
0 31 12 7 15 13 17 26 11 22 20 24 2 25 28 18 3 19 9 29 30 14 10 5 16 4 27 6 23 8 1 21 
0 31 12 7 15 29 30 14 10 5 16 4 27 6 23 8 28 18 3 19 9 1 25 2 24 20 22 11 26 17 13 21 
0 31 12 7 15 29 30 14 10 5 16 4 27 6 23 8 1 9 19 3 18 28 25 2 24 13 17 26 11 22 20 21 
0 31 12 7 15 29 30 14 10 5 16 4 27 6 23 8 1 9 19 3 18 28 25 2 24 13 17 26 11 22 20 21 
0 31 12 7 15 29 30 14 10 5 16 4 27 6 23 8 1 9 19 3 18 28 25 2 24 20 22 13 26 17 11 21 
0 31 12 7 15 13 17 26 11 22 20 24 2 25 28 18 3 19 9 29 30 14 10 5 16 4 27 6 23 8 1 21 
0 31 12 7 15 1 30 14 10 5 16 4 9 23 8 6 29 27 19 3 18 28 25 2 24 20 22 11 26 17 13 21 
0 31 12 7 15 29 30 14 10 5 16 4 27 6 23 8 1 9 19 13 17 26 11 22 20 24 2 25 28 18 3 21 
0 31 12 7 15 29 30 14 10 5 16 4 27 6 23 8 1 9 19 3 18 28 25 2 24 20 22 17 26 11 13 21 
0 31 12 7 15 29 30 14 10 5 16 4 27 6 25 28 18 3 19 9 1 8 23 2 24 20 22 11 26 17 13 21 
0 31 12 7 15 29 30 14 10 5 16 4 27 6 23 8 1 9 25 28 18 3 19 2 24 20 22 11 26 17 13 21 
0 31 12 7 15 29 30 14 10 5 16 9 27 4 23 8 6 20 19 3 18 28 25 2 24 1 22 11 26 17 13 21 
0 31 12 7 15 29 30 14 10 5 16 4 27 6 23 8 1 9 19 25 18 28 3 2 24 20 22 11 26 17 13 21 
0 31 14 7 6 29 30 12 10 5 16 4 27 15 23 8 1 9 20 24 2 25 28 18 3 19 22 11 26 17 13 21 
0 31 12 18 3 19 9 1 8 23 6 27 4 16 5 10 14 30 29 15 7 28 25 2 24 20 22 11 26 17 13 21 
0 31 12 18 3 19 9 1 8 23 6 27 4 16 5 10 14 30 29 15 7 28 25 2 24 20 22 11 26 17 13 21 
0 31 12 7 15 8 23 6 27 4 16 5 10 14 30 29 1 9 19 3 18 11 25 2 24 20 22 28 26 17 13 21 
0 13 17 26 11 22 20 24 2 25 28 18 3 19 9 1 8 23 6 31 12 7 15 29 30 14 10 5 16 4 27 21 
0 13 17 26 11 22 20 24 2 25 28 18 3 19 9 1 8 23 6 31 12 7 15 29 30 14 10 5 16 4 27 21 
0 31 12 7 15 29 30 14 10 5 16 4 27 6 23 8 1 9 19 3 17 26 11 22 20 24 2 25 28 18 13 21 
0 31 12 7 15 29 30 14 10 5 16 4 27 6 23 8 1 9 19 3 18 28 25 2 24 17 26 11 22 20 13 21 
0 31 12 7 15 29 30 14 10 5 16 4 27 6 23 8 1 9 19 3 18 28 25 2 24 20 22 11 13 17 26 21 
0 31 12 7 15 29 30 14 10 5 9 4 27 6 23 8 3 16 19 1 18 22 28 2 24 20 25 11 26 17 13 21 
0 13 17 26 11 22 20 24 2 25 28 18 3 19 9 1 8 23 6 31 12 7 15 29 30 14 10 5 16 4 27 21 
0 13 17 26 11 22 20 24 2 25 28 18 3 19 9 1 8 23 6 31 12 7 15 29 30 14 10 5 16 4 27 21 
0 13 17 26 11 22 20 24 2 25 28 18 3 19 9 1 8 23 6 31 12 7 15 29 30 14 10 5 16 4 27 21 
0 13 17 26 11 22 20 24 2 25 28 18 3 19 9 1 8 23 6 31 12 7 15 29 30 14 10 5 16 4 27 21 
0 31 12 7 15 29 30 14 10 5 16 4 27 6 23 8 1 9 13 19 3 18 28 25 2 24 20 22 11 26 17 21 
0 31 12 7 15 29 30 14 10 5 16 4 27 6 23 8 1 9 19 13 3 18 28 25 2 24 20 22 11 26 17 21 
0 31 12 7 15 29 30 14 10 5 16 4 27 6 23 8 1 9 19 3 18 28 25 2 24 20 22 13 17 26 11 21 
0 31 12 7 15 29 30 14 10 5 16 4 28 18 3 19 9 1 8 23 6 27 25 2 24 20 22 11 26 17 13 21 
0 31 12 7 15 29 30 14 10 5 16 4 27 6 23 8 1 9 2 24 20 28 25 19 3 18 22 11 26 17 13 21 
0 31 12 7 15 29 30 14 10 5 16 4 27 6 23 8 1 9 19 3 17 26 11 22 20 24 2 25 28 18 13 21 
0 31 12 7 15 29 30 14 28 18 3 19 9 1 8 23 6 27 4 16 5 10 25 2 24 20 22 11 26 17 13 21 
0 31 12 7 15 29 30 14 10 5 16 4 27 6 23 8 1 9 19 3 17 26 11 22 20 24 2 25 28 18 13 21 
0 31 12 7 15 29 30 14 10 5 16 4 27 22 20 24 2 25 28 18 3 19 9 1 8 23 6 11 26 17 13 21 
0 31 12 7 15 29 30 14 10 5 16 4 27 6 23 8 1 17 26 9 19 3 18 28 25 2 24 20 22 11 13 21 
0 31 12 7 15 29 30 14 10 5 16 4 27 6 23 8 1 9 19 3 18 28 24 25 2 17 26 11 22 20 13 21 
0 31 12 7 15 29 30 14 10 5 16 4 27 6 23 8 1 9 19 3 18 28 24 25 2 17 26 11 22 20 13 21 
0 17 26 11 22 20 24 2 25 28 18 3 19 9 1 8 23 6 27 31 12 7 15 29 30 14 10 5 16 4 13 21 
0 31 12 7 15 29 30 14 10 5 16 4 27 6 23 8 1 9 26 3 18 28 25 2 24 20 22 11 19 17 13 21 
0 31 12 26 11 22 20 24 2 25 28 18 3 19 9 1 8 23 6 27 4 16 5 10 14 30 29 15 7 17 13 21 
0 31 12 26 11 22 20 24 2 25 28 18 3 19 9 1 8 23 6 27 4 16 5 10 14 30 29 15 7 17 13 21 
0 31 12 26 11 22 20 24 2 25 28 18 3 19 9 1 8 23 6 27 4 16 5 10 14 30 29 15 7 17 13 21 
0 31 12 26 11 22 20 24 2 25 28 18 3 19 9 1 8 23 6 27 4 16 5 10 14 30 29 15 7 17 13 21 
0 31 12 7 15 29 30 14 10 5 13 17 26 11 22 20 24 2 25 28 18 3 19 9 1 8 23 6 27 4 16 21 
0 31 12 7 15 29 30 14 10 5 13 17 26 11 22 20 24 2 25 28 18 3 19 9 1 8 23 6 27 4 16 21 
0 31 12 7 15 29 30 14 10 5 16 4 27 6 23 8 1 9 19 13 17 26 11 22 20 24 2 25 28 18 3 21 
0 31 12 7 15 29 30 14 10 5 16 4 27 6 23 8 1 9 26 19 3 18 28 25 2 24 20 22 11 17 13 21 
0 31 12 7 15 29 30 14 10 5 16 4 27 6 23 8 1 9 19 3 18 13 17 26 11 22 20 24 2 25 28 21 
0 31 12 7 15 13 17 26 11 22 20 24 2 25 28 18 3 19 9 1 8 23 6 27 4 16 5 10 14 30 29 21 
0 31 12 7 15 29 30 14 10 5 16 4 27 6 23 20 24 2 25 28 18 3 19 9 1 8 22 11 26 17 13 21 
0 31 12 7 15 29 30 14 8 5 1 4 27 6 23 3 10 9 19 16 18 28 25 2 24 20 22 11 26 17 13 21 
0 31 12 7 15 29 30 14 8 5 1 4 27 6 23 3 10 9 19 16 18 28 25 2 24 20 22 11 26 17 13 21 
0 31 12 7 15 29 30 14 10 5 16 4 27 6 23 8 1 9 19 3 18 17 26 11 22 20 24 2 25 28 13 21 
0 31 12 7 15 29 30 14 10 5 16 4 27 6 23 8 1 9 19 3 18 17 26 11 22 20 24 2 25 28 13 21 
0 31 13 17 26 11 22 20 24 2 25 28 18 3 19 9 1 8 23 12 7 15 29 30 14 10 5 16 4 27 6 21 
0 31 13 17 26 11 22 20 24 2 25 28 18 3 19 9 1 8 23 12 7 15 29 30 14 10 5 16 4 27 6 21 
0 31 12 7 15 29 30 14 10 5 16 1 27 23 6 4 2 9 19 3 18 28 25 8 24 20 22 11 26 17 13 21 
0 31 12 7 15 29 30 14 10 5 16 1 27 23 6 4 2 9 19 3 18 28 25 8 24 20 22 11 26 17 13 21 
0 31 12 7 15 29 30 14 10 5 16 4 27 6 23 8 1 9 19 3 18 26 11 22 20 24 2 25 28 17 13 21 
0 31 12 7 15 29 30 14 10 5 16 4 27 6 23 8 1 9 19 3 18 26 11 22 20 24 2 25 28 17 13 21 
0 31 12 7 15 29 30 14 10 5 16 4 27 6 23 8 1 9 19 3 18 28 17 26 11 22 20 24 2 25 13 21 
0 31 12 7 15 29 30 14 10 5 16 4 27 6 23 8 1 9 19 3 18 28 17 26 11 22 20 24 2 25 13 21 
0 31 12 7 15 29 30 14 10 5 16 4 27 6 23 8 1 9 19 3 18 28 20 22 24 25 26 11 2 17 13 21 
0 31 12 7 15 29 30 14 25 28 18 3 19 9 1 8 23 6 27 4 16 5 10 2 24 20 22 11 26 17 13 21 
0 31 13 17 26 11 22 20 24 2 25 28 18 3 19 9 1 8 23 12 7 15 29 30 14 10 5 16 4 27 6 21 
0 31 12 7 15 29 30 14 10 5 16 4 27 6 23 8 1 17 26 9 19 3 18 28 25 2 24 20 22 11 13 21 
0 31 12 7 15 29 30 2 25 28 18 3 19 9 1 8 23 6 27 4 16 5 10 14 24 20 22 11 26 17 13 21 
0 31 12 7 15 29 30 14 10 5 16 4 27 6 23 8 1 9 19 17 26 3 18 28 25 2 24 20 22 11 13 21 
0 31 12 7 15 29 30 14 10 5 16 4 27 6 25 28 18 3 19 9 1 8 23 2 24 20 22 11 26 17 13 21 
0 31 12 7 15 29 30 14 10 5 16 4 27 6 23 8 1 9 19 13 17 26 11 22 20 24 2 25 28 18 3 21 
0 31 12 7 15 29 30 14 10 5 16 4 27 24 23 8 6 9 19 3 18 1 28 2 25 20 22 11 26 17 13 21 
0 31 12 7 15 29 30 14 10 5 16 20 24 2 25 28 18 3 19 9 1 8 23 6 27 4 22 11 26 17 13 21 
0 31 12 7 15 29 30 14 10 5 16 4 27 6 23 8 1 18 19 22 9 28 25 2 20 24 3 11 26 17 13 21 
0 31 12 7 15 29 30 14 10 5 16 4 27 6 23 8 1 9 19 3 18 28 25 2 24 20 22 13 17 26 11 21 
0 31 12 7 15 29 30 14 24 2 25 28 18 3 19 9 1 8 23 6 27 4 16 5 10 20 22 11 26 17 13 21 
0 31 12 7 25 28 18 3 19 9 1 8 23 6 27 4 16 5 10 14 30 29 15 2 24 20 22 11 26 17 13 21 
0 31 12 7 25 28 18 3 19 9 1 8 23 6 27 4 16 5 10 14 30 29 15 2 24 20 22 11 26 17 13 21 
0 31 12 7 25 28 18 3 19 9 1 8 23 6 27 4 16 5 10 14 30 29 15 2 24 20 22 11 26 17 13 21 
0 31 13 17 26 11 22 20 24 2 25 28 18 3 19 9 1 8 23 12 7 15 29 30 14 10 5 16 4 27 6 21 
0 31 12 7 15 29 30 14 10 5 16 4 27 6 23 8 1 9 19 3 18 22 20 24 2 25 28 11 26 17 13 21 
0 31 12 7 15 29 28 18 3 19 9 1 8 23 6 27 4 16 5 10 14 30 25 2 24 20 22 11 26 17 13 21 
0 31 12 7 19 29 4 14 10 5 30 16 27 18 23 1 8 15 9 3 6 28 25 2 24 20 22 11 26 17 13 21 
0 31 12 7 15 29 30 14 10 5 16 4 27 6 23 28 8 17 19 3 18 20 25 2 24 1 22 9 26 11 13 21 
0 31 12 7 15 29 30 14 10 5 16 4 27 6 23 28 8 17 19 1 9 3 18 25 2 24 20 22 11 26 13 21 
0 31 12 7 15 29 30 14 10 5 16 4 27 6 23 28 8 17 19 1 9 3 18 25 2 24 20 22 11 26 13 21 
0 31 12 7 15 29 30 14 10 5 16 4 27 6 23 28 8 17 19 1 9 3 18 25 2 24 20 22 11 26 13 21 
0 31 12 7 15 29 30 14 10 5 16 4 27 6 23 28 8 17 19 1 9 3 18 25 2 24 20 22 11 26 13 21 
0 31 12 7 15 29 30 14 10 5 16 4 27 6 23 28 8 17 19 1 9 3 18 25 2 24 20 22 11 26 13 21 
0 31 12 7 15 29 30 14 10 5 16 4 27 6 23 28 8 17 19 1 9 3 18 25 2 24 20 22 11 26 13 21 
0 31 12 7 15 29 30 14 10 5 16 4 27 6 23 28 8 17 19 1 9 3 18 25 2 24 20 22 11 26 13 21 
0 31 12 7 15 29 30 14 10 5 16 4 27 6 23 28 8 17 19 1 9 3 18 25 2 24 20 22 11 26 13 21 
0 31 12 7 15 29 30 14 10 5 16 4 27 6 23 28 8 17 19 1 9 3 18 25 2 24 20 22 11 26 13 21 
0 31 12 7 15 29 30 14 10 5 16 4 27 6 23 28 8 17 19 1 9 3 18 25 2 24 20 22 11 26 13 21 
0 31 12 7 15 29 30 14 10 5 16 4 27 6 23 28 8 17 19 1 9 3 18 25 2 24 20 22 11 26 13 21 
0 31 12 7 15 29 30 14 10 5 16 4 27 6 23 28 8 17 19 1 9 3 18 25 2 24 20 22 11 26 13 21 
0 31 12 7 15 29 30 14 10 5 16 4 27 6 23 28 8 17 19 1 9 3 18 25 2 24 20 22 11 26 13 21 
0 31 12 7 15 29 30 14 10 5 16 4 27 6 23 28 8 17 19 1 9 3 18 25 2 24 20 22 11 26 13 21 
0 31 12 7 15 29 30 14 10 5 16 4 27 6 23 28 8 17 19 1 9 3 18 25 2 24 20 22 11 26 13 21 
0 31 12 7 15 29 30 14 10 5 16 4 27 6 23 28 8 17 19 1 9 3 18 25 2 24 20 22 11 26 13 21 
0 31 12 7 15 29 30 14 10 5 16 4 27 6 23 28 8 17 19 1 9 3 18 25 2 24 20 22 11 26 13 21 
0 31 12 7 15 29 30 14 10 5 16 4 27 6 23 28 8 17 19 1 9 3 18 25 2 24 20 22 11 26 13 21 
0 31 12 7 15 29 30 14 10 5 16 4 27 6 23 28 8 17 19 1 9 3 18 25 2 24 20 22 11 26 13 21 
0 31 12 7 15 29 30 14 10 5 16 4 27 6 23 28 8 17 19 1 9 3 18 25 2 24 20 22 11 26 13 21 
0 31 12 7 15 29 30 14 10 5 16 4 27 6 23 28 8 17 19 1 9 3 18 25 2 24 20 22 11 26 13 21 
0 31 12 7 15 29 30 14 10 5 16 4 27 6 23 28 8 17 19 1 9 3 18 25 2 24 20 22 11 26 13 21 
0 31 12 7 15 29 30 14 10 5 16 4 27 6 23 28 8 17 19 1 9 3 18 25 2 24 20 22 11 26 13 21 
0 31 12 7 15 29 30 14 10 5 16 4 27 6 23 28 8 17 19 1 9 3 18 25 2 24 20 22 11 26 13 21 
0 31 12 7 15 29 30 14 10 5 16 4 27 6 23 28 8 17 19 1 9 3 18 25 2 24 20 22 11 26 13 21 
0 31 12 7 15 29 30 14 10 5 16 4 27 6 23 28 8 17 19 1 9 3 18 25 2 24 20 22 11 26 13 21 
0 31 12 7 15 29 30 14 10 5 16 4 27 6 23 28 8 17 19 1 9 3 18 25 2 24 20 22 11 26 13 21 
0 31 12 7 15 29 30 14 10 5 16 4 27 6 23 28 8 17 19 1 9 3 18 25 2 24 20 22 11 26 13 21 
0 31 12 7 15 29 30 14 10 5 16 4 27 6 23 28 8 17 19 1 9 3 18 25 2 24 20 22 11 26 13 21 
0 31 12 7 15 29 30 14 10 5 16 4 27 6 23 28 8 17 19 1 9 3 18 25 2 24 20 22 11 26 13 21 
0 31 12 7 15 29 30 14 10 5 16 4 27 6 23 8 1 9 19 28 17 3 18 25 2 24 20 22 11 26 13 21 
0 31 12 7 15 29 30 14 10 5 16 4 27 3 23 25 1 9 19 6 18 28 8 2 24 20 22 11 26 17 13 21 
0 31 12 7 15 29 30 14 10 5 16 4 27 3 23 25 1 9 19 6 18 28 8 2 24 20 22 11 26 17 13 21 
0 31 12 7 15 13 17 26 18 28 25 2 24 20 22 11 3 19 9 29 30 14 10 5 16 4 27 6 23 8 1 21 
0 31 12 7 15 13 17 26 18 28 25 2 24 20 22 11 3 19 9 29 30 14 10 5 16 4 27 6 23 8 1 21 
0 31 12 7 15 13 17 26 18 28 25 2 24 20 22 11 3 19 9 29 30 14 10 5 16 4 27 6 23 8 1 21 
0 31 12 7 30 14 15 29 10 5 16 4 27 6 23 8 1 9 19 3 18 28 22 2 20 24 25 11 26 17 13 21 
0 31 12 7 30 14 15 29 10 5 16 4 27 6 23 8 1 9 19 3 18 28 22 2 20 24 25 11 26 17 13 21 
0 31 12 7 15 13 17 26 18 28 25 2 24 20 22 11 3 19 9 29 30 14 10 5 16 4 27 6 23 8 1 21 
0 31 12 7 15 13 17 26 18 28 25 2 24 20 22 11 3 19 9 29 30 14 10 5 16 4 27 6 23 8 1 21 
0 31 12 7 15 29 30 14 10 5 16 4 27 11 22 20 24 2 25 28 18 3 19 9 1 8 23 6 26 17 13 21 
0 31 12 7 15 29 30 14 10 5 16 4 27 6 23 8 2 25 28 18 3 19 9 1 24 20 22 11 26 17 13 21 
0 31 12 7 15 29 20 24 2 25 28 18 3 19 9 1 8 23 6 27 4 16 5 10 14 30 22 11 26 17 13 21 
0 31 12 7 15 29 20 24 2 25 28 18 3 19 9 1 8 23 6 27 4 16 5 10 14 30 22 11 26 17 13 21 
0 31 12 7 15 29 30 14 10 5 8 4 3 6 23 16 1 9 18 27 19 28 25 2 24 20 22 11 26 17 13 21 
0 31 12 7 15 29 30 14 10 5 16 4 27 22 20 24 2 25 28 18 3 19 9 1 8 23 6 11 26 17 13 21 
0 31 12 7 15 29 30 14 3 19 9 1 8 23 6 27 4 16 5 10 18 28 25 2 24 20 22 11 26 17 13 21 
0 31 12 7 15 29 30 14 10 5 16 4 27 6 23 8 1 9 17 26 11 22 20 24 2 25 28 18 3 19 13 21 
0 31 12 7 15 29 30 14 10 5 16 4 27 6 23 8 1 9 19 24 2 25 28 18 3 20 17 26 11 22 13 21 
0 31 12 7 15 29 30 14 10 5 16 4 27 6 23 8 1 9 19 24 2 25 28 18 3 20 17 26 11 22 13 21 
0 31 12 18 3 19 9 1 8 23 6 27 4 16 5 10 14 30 29 15 7 28 25 2 24 20 22 11 26 17 13 21 
0 31 12 7 15 29 30 14 10 5 16 4 27 6 23 8 1 9 19 24 2 25 28 18 3 20 17 26 11 22 13 21 
0 31 12 7 15 29 30 14 10 5 16 4 27 6 23 8 1 9 19 13 17 26 11 22 20 24 3 18 28 25 2 21 
0 31 12 7 15 29 30 14 10 5 16 4 27 6 23 8 1 9 19 3 18 28 25 2 24 20 13 17 26 11 22 21 
0 31 12 7 15 29 30 14 10 5 16 4 27 6 23 8 1 9 19 3 18 28 25 2 24 20 13 17 26 11 22 21 
0 31 12 7 15 29 30 14 10 5 16 4 20 24 2 25 28 18 3 19 9 1 8 23 6 27 22 11 26 17 13 21 
0 31 12 7 15 29 30 14 10 5 16 4 27 6 23 8 1 9 19 17 26 11 22 20 24 2 25 28 18 3 13 21 
0 31 12 7 15 29 30 14 10 20 24 2 25 28 18 3 19 9 1 8 23 6 27 4 16 5 22 11 26 17 13 21 
0 31 12 7 15 29 30 14 10 5 16 11 22 20 24 2 25 28 18 3 19 9 1 8 23 6 27 4 26 17 13 21 
0 31 12 7 15 29 9 14 10 5 16 4 27 6 25 8 1 30 19 3 18 28 23 2 24 20 22 11 26 17 13 21 
0 31 12 7 15 29 30 14 10 22 20 24 2 25 28 18 3 19 9 1 8 23 6 27 4 16 5 11 26 17 13 21 
0 31 12 7 15 29 30 14 10 17 26 11 22 20 24 2 25 28 18 3 19 9 1 8 23 6 27 4 16 5 13 21 
0 31 12 7 15 29 30 14 10 17 26 11 22 20 24 2 25 28 18 3 19 9 1 8 23 6 27 4 16 5 13 21 
0 31 12 7 15 29 30 14 10 5 16 4 27 6 23 22 20 24 2 25 28 18 3 19 9 1 8 11 26 17 13 21 
0 31 26 11 22 20 24 2 25 28 18 3 19 9 1 8 23 6 27 4 16 5 10 14 30 29 15 7 12 17 13 21 
0 31 12 7 15 29 30 14 10 5 16 4 27 6 23 8 1 9 19 3 18 28 20 2 24 25 22 11 26 17 13 21 
0 31 12 7 15 29 30 14 26 11 22 20 24 2 25 28 18 3 19 9 1 8 23 6 27 4 16 5 10 17 13 21 
0 31 12 7 15 29 30 14 10 5 25 28 18 3 19 9 1 8 23 6 27 4 16 2 24 20 22 11 26 17 13 21 
0 31 12 7 15 29 30 14 10 5 16 4 27 6 23 8 1 9 19 3 18 28 20 24 2 25 22 11 26 17 13 21 
0 31 12 7 15 29 30 14 10 5 16 4 27 6 23 8 1 9 19 3 18 28 20 24 2 25 22 11 26 17 13 21 
0 31 12 7 15 29 30 14 10 5 16 9 27 6 1 8 25 4 19 3 18 28 23 2 24 20 22 11 26 17 13 21 
0 31 12 7 15 29 30 14 10 5 16 9 27 6 1 8 25 4 19 3 18 28 23 2 24 20 22 11 26 17 13 21 
0 31 12 7 15 29 30 14 10 5 16 13 17 26 11 22 20 24 2 25 28 18 3 19 9 1 8 23 6 27 4 21 
0 31 12 7 15 29 30 14 10 5 16 13 17 26 11 22 20 24 2 25 28 18 3 19 9 1 8 23 6 27 4 21 
0 28 18 3 19 9 1 8 23 6 27 4 16 5 10 14 30 29 15 7 12 31 25 2 24 20 22 11 26 17 13 21 
0 31 12 7 15 29 30 14 10 5 16 4 27 6 23 28 18 3 19 9 1 8 25 2 24 20 22 11 26 17 13 21 
0 31 12 7 15 29 30 14 10 5 16 4 27 6 23 8 1 9 19 13 17 26 11 22 20 24 2 25 28 18 3 21 
0 31 12 7 15 29 30 14 10 5 16 4 27 6 23 8 1 9 19 3 18 28 25 2 24 20 13 17 26 11 22 21 
0 31 12 7 15 29 30 14 10 3 19 9 8 1 23 6 27 4 16 5 2 28 25 18 24 20 22 11 26 17 13 21 
0 31 12 7 15 29 30 14 10 3 19 9 8 1 23 6 27 4 16 5 2 28 25 18 24 20 22 11 26 17 13 21 
0 31 12 7 15 29 30 6 4 5 16 10 27 14 23 11 22 20 24 2 25 28 18 3 19 9 1 8 26 17 13 21 
0 31 12 7 15 29 30 6 4 5 16 10 27 14 23 11 22 20 24 2 25 28 18 3 19 9 1 8 26 17 13 21 
0 31 12 7 15 29 30 14 10 5 16 4 27 17 26 11 22 20 24 2 25 28 18 3 19 9 1 8 23 6 13 21 
0 31 12 7 15 29 30 14 10 5 16 4 27 6 23 8 1 9 19 3 18 28 25 26 24 20 22 11 2 17 13 21 
0 31 12 7 15 29 30 14 28 18 3 19 9 1 8 23 6 27 4 16 5 10 25 2 24 20 22 11 26 17 13 21 
0 31 12 7 15 29 30 14 28 18 3 19 9 1 8 23 6 27 4 16 5 10 25 2 24 20 22 11 26 17 13 21 
0 31 12 7 15 29 30 14 10 5 16 4 27 6 23 8 1 9 19 3 18 28 25 2 17 26 11 22 20 24 13 21 
0 31 12 7 15 29 30 14 10 5 16 4 3 19 13 9 1 8 23 27 6 18 28 25 2 24 20 22 11 26 17 21 
0 31 12 7 15 29 30 14 10 5 16 4 3 19 13 9 1 8 23 27 6 18 28 25 2 24 20 22 11 26 17 21 
0 31 12 7 15 29 30 14 10 5 16 4 3 19 13 9 1 8 23 27 6 18 28 25 2 24 20 22 11 26 17 21 
0 31 12 7 15 29 30 14 10 5 16 4 3 19 13 9 1 8 23 27 6 18 28 25 2 24 20 22 11 26 17 21 
0 31 12 7 19 29 30 14 27 5 16 4 10 6 23 8 1 9 15 3 18 28 25 2 24 20 22 11 26 17 13 21 
0 31 12 7 19 29 30 14 27 5 16 4 10 6 23 8 1 9 15 3 18 28 25 2 24 20 22 11 26 17 13 21 
0 31 12 7 15 29 30 14 10 5 17 26 11 22 20 24 2 25 28 18 3 19 9 1 8 23 6 27 4 16 13 21 
0 31 12 7 19 29 30 14 27 5 16 4 10 6 23 8 1 9 15 3 18 28 25 2 24 20 22 11 26 17 13 21 
0 31 12 7 19 29 30 14 27 5 16 4 10 6 23 8 1 9 15 3 18 28 25 2 24 20 22 11 26 17 13 21 
0 31 12 7 15 29 30 14 10 5 16 4 27 6 23 8 1 2 19 3 18 28 25 9 24 20 22 11 26 17 13 21 
0 31 12 7 15 29 30 14 10 5 9 27 4 6 23 20 24 16 19 3 18 28 25 2 1 8 22 11 26 17 13 21 
0 31 12 7 15 29 30 14 10 5 16 4 27 6 23 8 1 9 19 3 13 18 28 25 2 24 20 22 11 26 17 21 
0 31 12 7 15 29 30 14 10 5 16 4 27 6 23 8 1 9 19 3 13 18 28 25 2 24 20 22 11 26 17 21 
0 31 12 7 15 29 30 14 10 5 16 4 27 6 23 8 1 9 19 3 13 18 28 25 2 24 20 22 11 26 17 21 
0 31 12 7 15 29 30 14 10 5 16 4 27 6 23 8 1 9 19 26 11 22 20 24 2 25 28 18 3 17 13 21 
0 31 12 7 15 29 30 9 10 5 16 25 27 4 23 20 8 14 19 3 18 28 6 2 24 1 22 11 26 17 13 21 
0 31 12 7 15 29 30 14 10 5 16 4 27 11 22 24 2 28 18 6 23 8 1 9 19 3 25 20 26 17 13 21 
0 31 12 7 15 29 30 14 10 5 16 4 27 6 23 8 1 9 19 3 18 28 25 26 11 22 20 24 2 17 13 21 
0 31 12 7 15 29 30 14 10 5 16 4 27 6 23 8 1 9 19 3 18 28 25 26 11 22 20 24 2 17 13 21 
0 31 12 7 15 29 30 14 10 5 16 4 27 6 23 8 1 9 19 3 18 28 25 26 11 22 20 24 2 17 13 21 
0 31 12 7 15 29 30 14 10 5 16 4 27 6 23 8 1 9 19 3 18 28 25 26 11 22 20 24 2 17 13 21 
0 31 12 7 15 29 23 6 27 4 16 5 10 14 30 8 1 17 26 9 19 3 18 28 25 2 24 20 22 11 13 21 
0 31 12 7 15 29 23 6 27 4 16 5 10 14 30 8 1 17 26 9 19 3 18 28 25 2 24 20 22 11 13 21 
0 31 12 7 15 29 23 6 27 4 16 5 10 14 30 8 1 17 26 9 19 3 18 28 25 2 24 20 22 11 13 21 
0 31 12 7 15 29 30 14 10 5 16 4 27 6 26 11 22 20 24 2 25 28 18 3 19 9 1 8 23 17 13 21 
0 31 12 7 15 29 23 6 27 4 16 5 10 14 30 8 1 17 26 9 19 3 18 28 25 2 24 20 22 11 13 21 
0 31 12 7 15 29 28 18 3 19 9 1 8 23 6 27 4 16 5 10 14 30 25 2 24 20 22 13 11 17 26 21 
0 31 12 7 15 29 28 18 3 19 9 1 8 23 6 27 4 16 5 30 14 10 25 2 24 20 22 11 26 17 13 21 
0 31 12 7 15 29 30 14 10 5 16 4 27 6 23 8 1 9 19 3 18 28 25 2 24 20 22 13 17 26 11 21 
0 31 12 7 15 29 30 14 10 5 16 4 27 6 23 8 1 9 19 3 18 22 28 2 24 20 25 11 26 17 13 21 
0 31 12 7 15 29 13 17 26 11 22 20 24 2 25 28 18 3 19 9 1 8 23 6 27 4 16 5 10 14 30 21 
0 31 12 7 15 29 30 14 10 5 16 4 27 20 8 23 1 22 19 9 6 24 2 25 28 18 3 11 26 17 13 21 
0 31 12 7 15 29 30 14 10 5 16 26 11 22 20 24 2 25 28 18 3 19 9 1 8 23 6 27 4 17 13 21 
0 26 11 22 20 24 2 25 28 18 3 19 9 1 8 23 6 27 4 16 5 10 14 30 29 15 7 12 31 17 13 21 
0 31 12 7 15 29 30 14 10 5 16 4 27 6 20 24 2 25 28 18 3 19 9 1 8 23 22 11 26 17 13 21 
0 31 12 7 15 29 30 14 10 5 16 4 27 6 20 24 2 25 28 18 3 19 9 1 8 23 22 11 26 17 13 21 
0 31 12 7 15 29 30 14 10 5 16 4 27 6 20 24 2 25 28 18 3 19 9 1 8 23 22 11 26 17 13 21 
0 31 12 7 15 29 30 14 10 5 16 4 27 6 23 8 1 9 19 3 13 17 26 11 22 20 24 2 25 28 18 21 
0 31 12 7 15 29 30 14 10 5 16 4 27 6 23 8 1 9 19 3 13 17 26 11 22 20 24 2 25 28 18 21 
0 31 12 7 15 29 23 6 27 4 16 5 10 14 30 8 1 17 26 9 19 3 18 28 25 2 24 20 22 11 13 21 
0 31 12 7 15 29 30 14 10 5 16 4 27 6 23 8 1 9 19 24 25 2 28 22 20 3 18 11 26 17 13 21 
0 31 13 17 26 11 22 20 24 2 25 28 18 3 19 9 1 8 23 12 7 15 29 30 14 10 5 16 4 27 6 21 
0 31 12 7 15 6 30 14 10 5 16 4 27 9 28 8 1 29 19 3 18 23 25 2 24 20 22 11 26 17 13 21 
0 31 12 7 15 29 30 14 10 5 16 4 27 6 23 8 1 9 19 3 18 28 25 2 24 20 22 13 17 26 11 21 
0 31 12 7 15 29 30 14 10 5 16 4 27 6 23 8 1 9 19 3 18 28 25 22 24 20 2 11 26 17 13 21 
0 31 13 17 26 11 22 20 24 2 25 28 18 3 19 9 1 8 23 12 7 15 29 30 14 10 5 16 4 27 6 21 
0 31 12 7 15 29 30 14 10 5 16 4 27 6 23 8 1 9 19 3 18 28 25 2 24 20 13 17 26 11 22 21 
0 31 12 7 15 17 26 11 22 20 24 2 25 28 18 3 19 9 1 8 23 6 27 4 16 5 10 14 30 29 13 21 
0 31 12 7 15 29 30 14 10 5 16 4 27 6 23 8 1 9 19 3 18 24 26 2 25 20 22 11 28 17 13 21 
0 31 12 7 15 29 30 14 10 5 16 4 27 6 23 8 1 9 19 3 18 28 25 2 24 20 22 13 17 26 11 21 
0 31 12 7 15 29 30 14 10 5 16 4 27 6 23 8 1 9 19 3 2 28 24 18 25 20 22 11 26 17 13 21 
0 31 12 7 15 29 30 14 10 5 16 4 27 6 23 8 1 9 19 3 2 28 24 18 25 20 22 11 26 17 13 21 
0 31 12 7 15 29 30 14 10 5 16 4 27 6 23 8 1 9 19 3 18 20 2 25 24 28 22 11 26 17 13 21 
0 31 12 7 15 29 30 14 10 5 16 4 27 6 23 8 1 9 19 3 18 20 2 25 24 28 22 11 26 17 13 21 
0 31 12 7 15 29 30 14 10 5 16 4 27 6 23 2 25 28 18 3 19 9 1 8 24 20 22 11 26 17 13 21 
0 31 12 7 3 29 30 4 10 24 2 25 28 18 15 19 9 1 8 23 6 27 14 16 5 20 22 11 26 17 13 21 
0 31 12 7 3 29 30 4 10 24 2 25 28 18 15 19 9 1 8 23 6 27 14 16 5 20 22 11 26 17 13 21 
0 31 12 7 15 29 30 14 10 5 16 4 27 6 23 8 1 9 19 11 22 20 24 2 25 28 18 3 26 17 13 21 
0 31 12 7 15 29 30 14 10 5 16 4 27 6 23 8 1 9 19 13 17 26 11 22 20 24 2 25 28 18 3 21 
0 31 12 7 15 29 30 14 10 5 16 4 27 28 23 8 1 9 18 3 19 6 25 2 24 20 22 11 26 17 13 21 
0 31 12 7 15 29 30 14 10 5 16 4 27 28 23 8 1 9 18 3 19 6 25 2 24 20 22 11 26 17 13 21 
0 31 12 7 15 29 30 14 10 5 16 4 27 28 23 8 1 9 18 3 19 6 25 2 24 20 22 11 26 17 13 21 
0 31 12 7 15 25 28 18 3 19 9 1 8 23 6 27 4 16 5 10 14 30 29 2 24 20 22 11 26 17 13 21 
0 31 12 7 15 25 28 18 3 19 9 1 8 23 6 27 4 16 5 10 14 30 29 2 24 20 22 11 26 17 13 21 
0 31 12 7 15 29 30 14 10 5 16 4 27 6 23 8 1 9 19 11 3 18 28 25 2 24 20 22 26 17 13 21 
0 31 12 7 15 29 30 14 10 5 16 4 27 6 23 8 1 9 19 3 18 28 25 2 24 20 22 26 13 17 11 21 
0 31 12 7 15 29 30 14 10 5 16 4 27 6 23 8 1 9 19 3 18 28 26 11 22 20 24 2 25 17 13 21 
0 31 12 6 15 29 30 14 10 5 16 4 9 7 23 8 1 22 20 24 2 25 28 18 3 19 27 11 26 17 13 21 
0 31 12 7 15 29 30 14 10 5 16 4 27 6 23 8 1 9 19 3 18 28 11 22 20 24 2 25 26 17 13 21 
0 31 12 6 15 29 30 14 10 5 16 4 9 7 23 8 1 22 20 27 19 3 18 28 25 2 24 11 26 17 13 21 
0 31 12 7 15 29 30 14 10 5 16 4 27 6 1 17 26 11 22 23 8 9 19 3 18 28 25 2 24 20 13 21 
0 31 12 7 30 29 15 14 10 5 16 4 27 6 23 8 1 9 19 17 26 11 22 3 18 28 25 2 24 20 13 21 
0 31 12 7 15 18 3 19 9 1 8 23 6 27 4 16 5 10 14 30 29 28 25 2 24 20 22 11 26 17 13 21 
0 31 12 7 15 29 30 14 10 6 16 8 27 5 23 4 1 9 20 3 18 28 25 2 24 19 22 11 26 17 13 21 
0 31 12 7 15 29 30 14 10 5 16 4 27 6 13 17 26 11 22 20 24 2 25 28 18 3 19 9 1 8 23 21 
0 31 12 7 15 29 30 14 10 5 16 4 27 6 13 17 26 11 22 20 24 2 25 28 18 3 19 9 1 8 23 21 
0 31 12 7 24 2 25 28 18 3 19 9 1 8 23 6 27 4 16 5 10 14 30 29 15 20 22 11 26 17 13 21 
