3.82467
3.82467
3.82467
3.82467
3.82467
3.82467
3.82467
3.42607
3.42607
3.42607
3.42607
3.42607
3.42607
3.42607
3.28265
3.2303
3.2303
3.04491
2.88304
2.88304
2.88304
2.82638
2.82638
2.7714
2.7714
2.7714
2.63252
2.63252
2.5876
2.47872
2.47872
2.29402
2.28894
2.22464
2.22464
2.22464
2.18134
2.10783
2.09239
2.0431
2.0431
2.02231
1.94648
1.93087
1.89168
1.89168
1.66708
1.66708
1.66708
1.66708
1.66708
1.66708
1.63789
1.53453
1.53453
1.49353
1.45508
1.45508
1.45508
1.4423
1.43909
1.43909
1.37494
1.36237
1.36237
1.31332
1.31332
1.28776
1.28776
1.28776
1.24338
1.24338
1.24338
1.21783
1.21783
1.21514
1.19331
1.19331
1.17617
1.17617
1.06883
1.06883
1.06883
1.06883
1.0651
1.0651
1.0651
1.0651
1.0651
1.0651
1.0633
1.03531
1.01761
1.01761
1.01761
1.01761
1.01761
1.01761
1.01761
1.01761
1.01761
1.01761
1.01761
1.01761
1.01761
1.01761
1.01761
1.01761
1.01761
1.01761
1.01761
1.01761
1.01761
1.0133
1.0133
1.0133
1.0133
1.00817
1.00817
1.00817
1.00817
1.00817
1.00817
1.00817
1.00817
1.00817
0.993521
0.993521
0.976736
0.976736
0.976736
0.976736
0.976736
0.976736
0.976736
0.976736
0.976736
0.976736
0.976736
0.976736
0.976736
0.976736
0.976736
0.976736
0.976736
0.976736
0.976736
0.976736
0.976736
0.975573
0.975573
0.975573
0.975573
0.967468
0.967468
0.967468
0.967468
0.967468
0.967468
0.967468
0.967468
0.967468
0.967468
0.967468
0.967468
0.967468
0.967468
0.967468
0.967468
0.967468
0.967468
0.967468
0.967468
0.967468
0.967468
0.967468
0.967468
0.967468
0.967468
0.967468
0.967468
0.967468
0.967468
0.967468
0.967468
0.967468
0.967468
0.967468
0.967468
0.967468
0.967468
0.967468
0.967468
0.967468
0.967468
0.967468
0.967468
0.967468
0.967468
0.967468
0.967468
0.967468
0.967468
0.967468
0.967468
0.967468
0.967468
0.967468
0.967468
0.967468
0.967468
0.967468
0.967468
0.967468
0.967468
0.967468
0.967468
0.967468
0.967468
0.967468
0.967468
0.967468
0.967468
0.967468
0.967468
0.967468
0.967468
0.967468
0.967468
0.967468
0.967468
0.967468
0.967468
0.967468
0.967468
0.967468
0.967468
0.967468
0.967468
0.967468
0.967468
0.967468
0.967468
0.967468
0.967468
0.967468
0.967468
0.967468
0.967468
0.967468
0.967468
0.967468
0.967468
0.967468
0.967468
0.967468
0.967468
0.967468
0.967468
0.967468
0.967468
0.967468
0.967468
0.967468
0.967468
0.967468
0.967468
0.967468
0.967468
0.967468
0.967468
0.967468
0.967468
0.967468
0.967468
0.967468
0.967468
0.967468
0.967468
0.967468
0.967468
0.967468
0.967468
0.967468
0.967468
0.967468
0.967468
0.967468
0.967468
0.967468
0.967468
0.967468
0.967468
0.967468
0.967468
0.967468
0.967468
0.967468
0.967468
0.874951
0.874951
0.874951
0.874951
0.874951
0.874951
0.874951
0.874951
0.874951
0.874951
0.874951
0.874951
0.874951
0.874951
0.874951
0.874951
0.874951
0.874951
0.874951
0.874951
0.874951
0.874951
0.874951
0.874951
0.874951
0.874951
0.874951
0.874951
0.874951
0.874951
0.874951
0.874951
0.874951
0.874951
0.874951
0.874951
0.874951
0.874951
0.874951
0.874951
0.874951
0.874951
0.874951
0.874951
0.874951
0.874951
0.874951
0.874951
0.874951
0.874951
0.874951
0.874951
0.874951
0.874951
0.874951
0.874951
0.874951
0.874951
0.874951
0.874951
0.874951
0.874951
0.874951
0.874951
0.874951
0.874951
0.874951
0.874951
0.874951
0.874951
0.874951
0.874951
0.874951
0.874951
0.874951
0.874951
0.874951
0.874951
0.874951
0.874951
0.874951
0.874951
0.874951
0.874951
0.874951
0.874951
0.874951
0.874951
0.874951
0.874951
0.874951
0.874951
0.874951
0.874951
0.874951
0.874951
0.874951
0.874951
0.874951
0.874951
0.874951
0.874951
0.874951
0.874951
0.874951
0.874951
0.874951
0.874951
0.874951
0.874951
0.874951
0.874951
0.874951
0.874951
0.874951
0.874951
0.874951
0.874951
0.874951
0.874951
0.874951
0.874951
0.874951
0.874951
0.874951
0.874951
0.874951
0.874951
0.874951
0.874951
0.874951
0.874951
0.874951
0.874951
0.874951
0.874951
0.874951
0.874951
0.874951
0.874951
0.874951
0.874951
0.874951
0.874951
0.874951
0.874951
0.874951
0.874951
0.874951
0.874951
0.757508
0.757508
0.757508
0.757508
0.757508
0.757508
0.757508
0.757508
0.757508
0.757508
0.757508
0.757508
0.757508
0.757508
0.757508
0.757508
0.757508
0.757508
0.757508
0.757508
0.757508
0.757508
0.757508
0.757508
0.757508
0.757508
0.757508
0.757508
0.757508
0.757508
0.757508
0.757508
0.757508
0.757508
0.757508
0.757508
0.757508
0.757508
0.757508
0.757508
0.757508
0.757508
0.757508
0.757508
0.757508
0.757508
0.757508
0.757508
0.757508
0.757508
0.757508
0.757508
0.757508
0.757508
0.757508
0.757508
0.757508
0.757508
0.757508
0.757508
0.757508
0.757508
0.757508
0.757508
0.757508
0.757508
0.757508
0.757508
0.757508
0.757508
0.757508
0.757508
0.757508
0.757508
0.757508
0.757508
0.757508
0.757508
0.757508
0.757508
0.757508
0.757508
0.757508
0.757508
0.757508
0.757508
0.757508
0.757508
0.757508
0.757508
0.757508
0.757508
0.757508
0.757508
0.757508
0.757508
0.757508
0.757508
0.757508
0.757508
0.757508
0.757508
0.757508
0.757508
0.757508
0.757508
0.757508
0.757508
0.757508
0.757508
0.757508
0.757508
0.757508
0.757508
0.757508
0.757508
0.757508
0.757508
0.757508
0.757508
0.757508
0.757508
0.757508
0.757508
0.757508
0.757508
0.757508
0.757508
0.757508
0.757508
0.757508
0.757508
0.757508
0.757508
0.757508
0.757508
0.757508
0.757508
0.757508
0.757508
0.757508
0.757508
0.757508
0.757508
0.757508
0.757508
0.757508
0.757508
0.757508
0.757508
0.757508
0.757508
0.757508
0.757508
0.757508
0.757508
0.757508
0.757508
0.757508
0.757508
0.757508
0.757508
0.757508
0.757508
0.757508
0.757508
0.757508
0.757508
0.757508
0.757508
0.757508
0.757508
0.757508
0.757508
0.757508
0.757508
0.757508
0.757508
0.757508
0.757508
0.757508
0.757508
0.757508
0.757508
0.757508
0.757508
0.757508
0.757508
0.757508
0.757508
0.757508
0.757508
0.757508
0.757508
0.757508
0.757508
0.757508
0.757508
0.757508
0.757508
0.757508
0.757508
0.757508
0.757508
0.757508
0.757508
0.757508
0.757508
0.757508
0.757508
0.757508
0.757508
0.757508
0.757508
0.757508
0.757508
0.757508
0.757508
0.757508
0.757508
0.757508
0.757508
0.757508
0.757508
0.757508
0.757508
0.757508
0.757508
0.757508
0.757508
0.757508
0.757508
0.757508
0.757508
0.757508
0.757508
0.757508
0.757508
0.757508
0.757508
0.757508
0.757508
0.757508
0.757508
0.757508
0.757508
0.757508
0.757508
0.757508
0.757508
0.757508
0.757508
0.757508
0.757508
0.757508
0.757508
0.757508
0.757508
0.757508
0.757508
0.757508
0.757508
0.757508
0.757508
0.757508
0.757508
0.757508
0.757508
0.757508
0.757508
0.757508
0.757508
0.757508
0.757508
0.757508
0.757508
0.757508
0.757508
0.757508
0.757508
0.757508
0.757508
0.757508
0.757508
0.757508
0.757508
0.757508
0.757508
0.757508
0.757508
0.757508
0.757508
0.757508
0.757508
0.757508
0.757508
0.757508
0.757508
0.757508
0.757508
0.757508
0.757508
0.757508
0.757508
0.757508
0.757508
0.757508
0.757508
0.757508
0.757508
0.757508
0.757508
0.757508
0.757508
0.757508
0.757508
0.757508
0.757508
0.757508
0.757508
0.757508
0.757508
0.757508
0.757508
0.757508
0.757508
0.757508
0.757508
0.757508
0.757508
0.757508
0.757508
0.757508
0.757508
0.757508
0.757508
0.757508
0.757508
0.757508
0.757508
0.757508
0.757508
0.757508
0.757508
0.757508
0.757508
0.757508
0.757508
0.757508
0.757508
0.757508
0.757508
0.757508
0.757508
0.757508
0.757508
0.757508
0.757508
0.757508
0.757508
0.757508
0.757508
0.757508
0.757508
0.757508
0.757508
0.757508
0.757508
0.757508
0.757508
0.757508
0.757508
0.757508
0.757508
0.757508
0.757508
0.757508
0.757508
0.757508
0.757508
0.757508
0.757508
0.757508
0.757508
0.757508
0.757508
0.757508
0.757508
0.757508
0.757508
0.757508
0.757508
0.757508
0.757508
0.757508
0.757508
0.757508
0.757508
0.757508
0.757508
0.757508
0.757508
0.757508
0.757508
0.757508
0.757508
0.757508
0.757508
0.757508
0.757508
0.757508
0.757508
0.757508
0.757508
0.757508
0.757508
0.757508
0.757508
0.757508
0.757508
0.757508
0.757508
0.757508
0.757508
0.757508
0.757508
0.757508
0.757508
0.757508
0.757508
0.757508
0.757508
0.757508
0.757508
0.757508
0.757508
0.757508
0.757508
0.757508
0.757508
0.757508
0.757508
0.757508
0.757508
0.757508
0.757508
0.757508
0.757508
0.757508
0.757508
0.757508
0.757508
0.757508
0.757508
0.757508
0.757508
0.757508
0.757508
0.757508
0.757508
0.757508
0.757508
0.757508
0.757508
0.757508
0.757508
0.757508
0.757508
0.757508
0.757508
0.757508
0.757508
0.757508
0.757508
0.757508
0.757508
0.757508
0.757508
0.757508
0.757508
0.757508
0.757508
0.757508
0.757508
0.757508
0.757508
0.757508
0.757508
0.757508
0.757508
0.757508
0.757508
0.757508
0.757508
0.757508
0.757508
0.757508
0.757508
0.757508
0.757508
0.757508
0.757508
0.757508
0.757508
0.757508
0.757508
0.757508
0.757508
0.757508
0.757508
0.757508
0.757508
0.757508
0.757508
0.757508
0.757508
0.757508
0.757508
0.757508
0.757508
0.757508
0.757508
0.757508
0.757508
0.757508
0.757508
0.757508
0.757508
0.757508
0.757508
0.757508
0.757508
0.757508
0.757508
0.757508
0.757508
0.757508
0.757508
0.757508
0.757508
0.757508
0.757508
0.757508
0.757508
0.757508
0.757508
0.757508
0.757508
0.757508
0.757508
0.757508
