6.98992
6.59029
6.23797
5.91016
5.62518
5.30434
5.01545
4.7878
4.60506
4.46803
4.34951
4.27196
4.1734
4.06182
3.93094
3.7978
3.70588
3.63627
3.57953
3.52965
3.48143
3.44226
3.39193
3.33145
3.27122
3.17053
3.05721
2.96995
2.89762
2.83984
2.79975
2.76017
2.68669
2.59338
2.48157
2.39461
2.32334
2.26823
2.24187
2.2118
2.19161
2.15777
2.11907
2.09036
2.06514
2.03785
1.99383
1.9591
1.9234
1.88389
1.84422
1.80139
1.76935
1.73014
1.69768
1.66847
1.64646
1.61643
1.58247
1.55786
1.52977
1.50677
1.48852
1.47006
1.4508
1.43965
1.42566
1.40347
1.37573
1.35603
1.34043
1.32148
1.3062
1.29606
1.28114
1.26503
1.24364
1.22633
1.21886
1.21646
1.21327
1.20626
1.19519
1.18306
1.17493
1.15756
1.13236
1.10908
1.10201
1.08859
1.06696
1.06499
1.06466
1.0643
1.06355
1.06148
1.05751
1.05348
1.05217
1.05089
1.05014
1.04952
1.04834
1.04685
1.04458
1.0437
1.0422
1.0406
1.04036
1.0399
1.03917
1.03802
1.03631
1.03366
1.03091
1.02733
1.0238
1.02043
1.01714
1.01346
1.01316
1.013
1.01262
1.01196
1.01061
1.00858
1.00814
1.00813
1.00805
1.00804
1.00797
1.00791
1.00769
1.00728
1.00639
1.00505
1.0027
1.00217
1.00216
1.00212
1.00211
1.00204
1.002
1.00193
1.00174
1.00141
1.00075
0.999618
0.998892
0.998803
0.998753
0.998703
0.998649
0.998553
0.998518
0.998464
0.998351
0.998266
0.99793
0.997397
0.996596
0.995441
0.995408
0.995408
0.995401
0.995401
0.995401
0.995384
0.995384
0.995384
0.995384
0.995384
0.995388
0.995388
0.995283
0.995267
0.995267
0.995233
0.995233
0.995193
0.995136
0.995141
0.995084
0.995084
0.995027
0.99502
0.995009
0.995009
0.99502
0.995012
0.994973
0.994973
0.99494
0.99494
0.99494
0.99494
0.994906
0.994906
0.994867
0.994849
0.99484
0.994819
0.994763
0.994756
0.994756
0.994746
0.994741
0.994741
0.994672
0.994655
0.994675
0.994675
0.994675
0.994682
0.994697
0.994704
0.994686
0.994686
0.994689
0.994713
0.994713
0.994689
0.994682
0.994716
0.994699
0.994733
0.994709
0.994709
0.994713
0.994674
0.994691
0.994691
0.994671
0.994671
0.994624
0.994631
0.994602
0.994602
0.994602
0.994598
0.994539
0.994546
0.994563
0.99453
0.994491
0.994529
0.994529
0.994522
0.994556
0.994526
0.994509
0.994519
0.99452
0.994488
0.994526
0.994526
0.994491
0.994491
0.994489
0.994489
0.994432
0.994442
0.99442
0.994444
0.994484
0.994484
0.994484
0.994484
0.994501
0.994518
0.994517
0.994551
0.994551
0.994551
0.994567
0.99451
0.994493
0.994453
0.994453
0.994397
0.99439
0.99439
0.994408
0.99439
0.994373
0.994355
0.994372
0.994355
0.994354
0.994315
0.994315
0.994281
0.994281
0.994206
0.994213
0.99422
0.994198
0.994198
0.994215
0.994082
0.994042
0.994042
0.993981
0.993991
0.994008
0.994026
0.994009
0.99399
0.994007
0.994
0.994
0.99396
0.993977
0.993977
0.993966
0.993949
0.993966
0.993966
0.99391
0.993917
0.993898
0.993854
0.993819
0.993814
0.993797
0.993725
0.993737
0.993737
0.993737
0.993792
0.993775
0.993775
0.993792
0.993771
0.993753
0.993771
0.993764
0.993764
0.993782
0.993759
0.993759
0.993759
0.993759
0.993759
0.993759
0.993741
0.993702
0.993662
0.993662
0.99368
0.99368
0.99368
0.993697
0.993697
0.993657
0.993639
0.993582
0.993582
0.993582
0.993542
0.993537
0.993533
0.993472
0.993472
0.993455
0.993455
0.993485
0.993485
0.993485
0.993523
0.993516
0.993494
0.993494
0.993494
0.993516
0.993494
0.993511
0.993511
0.993511
0.993497
0.993497
0.993457
0.993427
0.993365
0.993365
0.993365
0.993344
0.993322
0.993261
0.993244
0.993205
0.993205
0.993187
0.99313
0.993091
0.993091
0.993047
0.993025
0.993018
0.993011
0.993011
0.993018
0.993025
0.992986
0.992986
0.992986
0.992986
0.992929
0.992946
0.992963
0.992963
0.993002
0.993002
0.993042
0.993042
0.993042
0.993021
0.992981
0.992981
0.992981
0.992925
0.992908
0.992901
0.992918
0.992878
0.992878
0.992885
0.992879
0.99284
0.99284
0.992783
0.992783
0.992805
0.992783
0.992744
0.992704
0.992687
0.992687
0.992648
0.992631
0.992528
0.992528
0.992511
0.992528
0.992475
0.992491
0.992538
0.992498
0.992498
0.992263
0.992263
0.9923
0.99226
0.992251
0.992251
0.992232
0.992193
0.992193
0.992232
0.99221
0.992192
0.992152
0.99217
0.992163
0.992124
0.992084
0.992045
0.992045
0.992045
0.992005
0.991961
0.991885
0.991852
0.991862
0.991918
0.991878
0.991776
0.99176
0.991816
0.991856
0.991831
0.991881
0.991904
0.991904
0.991865
0.991875
0.991882
0.991903
0.991903
0.99192
0.99188
0.991863
0.991903
0.991982
0.991982
0.991903
0.991885
0.99188
0.991886
0.991886
0.991846
0.991886
0.991825
0.991808
0.991768
0.991768
0.991825
0.991808
0.991785
0.991785
0.991768
0.991768
0.991712
0.991712
0.991712
0.991705
0.991699
0.991733
0.991733
0.991733
0.991716
0.991716
0.991739
0.991699
0.991716
0.99166
0.991699
0.991756
0.991756
0.991716
0.991677
0.991677
0.99166
0.991603
0.991613
0.991653
0.991574
0.991581
0.991581
0.99166
0.991562
0.991562
0.991548
0.991587
0.991604
0.991565
0.991565
0.991582
0.991572
0.991533
0.99151
0.99155
0.991589
0.991589
0.991589
0.991589
0.991589
0.991612
0.991612
0.991595
0.991476
0.991437
0.991397
0.991414
0.991454
0.991454
0.991493
0.991493
0.991493
0.991517
0.991517
0.991556
0.991556
0.991539
0.991539
0.991522
0.991539
0.991556
0.991596
0.991596
0.991517
0.991517
0.991437
0.991477
0.991477
0.991494
0.991494
0.991533
0.991555
0.991515
0.991515
0.991454
0.991432
0.991454
0.991454
0.991454
0.991398
0.991415
0.991408
0.991408
0.991368
0.991368
0.991385
0.991385
0.991346
0.991306
0.991306
0.991346
0.991346
0.991299
0.991253
0.991213
0.991195
0.991235
0.991267
0.991267
0.991257
0.991225
0.991225
0.991247
0.991322
0.99125
0.99125
0.99125
0.99121
0.99117
0.991152
0.991192
0.991152
0.9912
0.991081
0.991024
0.991006
0.990948
0.990948
0.990948
0.990948
0.990869
0.990829
0.990829
0.990846
0.990886
0.990886
0.990886
0.990925
0.990903
0.990823
0.990767
0.990784
0.990784
0.990726
0.990687
0.99067
0.99063
0.99063
0.990709
0.99067
0.990569
0.990586
0.990604
0.990626
0.990705
0.990705
0.990723
0.990723
0.990723
0.990744
0.990744
0.990706
0.990706
0.990666
0.990627
0.990644
0.990546
0.990467
0.99041
0.990291
0.990284
0.990284
0.990241
0.990248
0.990209
0.990187
0.990187
0.990166
0.990103
0.990143
0.990182
0.990222
0.990262
0.990182
0.990182
0.990024
0.990006
0.989967
0.989932
0.990004
0.990076
0.989997
0.989975
0.989914
0.989954
0.989914
0.989954
0.989858
0.989851
0.989754
0.989754
0.989793
0.98981
0.98985
0.98985
0.989827
0.989946
0.989946
0.989913
0.989874
0.98992
0.98992
0.989881
0.989881
0.989824
0.989807
0.989807
0.989886
0.989807
0.989841
0.989874
0.989834
0.989785
0.989745
0.989785
0.989864
0.989903
0.989841
0.989881
0.989899
0.989842
0.989825
0.989865
0.989865
0.989905
0.989865
0.989825
0.989871
0.98965
0.989305
0.988737
0.987648
0.986125
0.981754
0.974214
0.966051
0.964996
0.964992
0.964961
0.964862
0.964644
0.964326
0.963603
0.962802
0.96259
0.962342
0.962341
0.962341
0.962341
0.962341
0.962341
0.962341
0.962341
0.962341
0.962341
0.962341
0.962341
0.962341
0.962341
0.962341
0.962341
0.962341
0.962341
0.962341
0.962341
0.962341
0.962341
0.962341
0.962341
0.962341
0.962341
0.962341
0.962341
0.962341
0.962341
0.962341
0.962341
0.962341
0.962341
0.962341
0.962341
0.962341
0.962341
0.962341
0.962341
0.962341
0.962341
0.962341
0.962341
0.962341
0.962341
0.962341
0.962341
0.962341
0.962341
0.962341
0.962341
0.962341
0.962341
0.962341
0.962341
0.962341
0.962341
0.962341
0.962341
0.962341
0.962341
0.962341
0.962341
0.962341
0.962341
0.962341
0.962341
0.962341
0.962341
0.962341
0.962341
0.962341
0.962341
0.962341
0.962341
0.962341
0.962341
0.962341
0.962341
0.962341
0.962341
0.962341
0.962341
0.962341
0.962341
0.962341
0.962341
0.962341
0.962341
0.962341
0.962341
0.962341
0.962341
0.962341
0.962341
0.962341
0.962341
0.962341
0.962341
0.962341
0.962341
0.962341
0.962341
0.962341
0.962341
0.962341
0.962341
0.962341
0.962341
0.962341
0.962341
0.962341
0.962341
0.962341
0.962341
0.962341
0.962341
0.962341
0.962341
0.962341
0.962341
0.962341
0.962341
0.962341
0.962341
0.962341
0.962341
0.962341
0.962341
0.962341
0.962341
0.962341
0.962341
0.962341
0.962341
0.962341
0.962341
0.962341
0.962341
0.962341
0.962341
0.962341
0.962341
0.962341
0.962341
0.962341
0.962341
0.962341
0.962341
0.962341
0.962341
0.962341
0.962341
0.962341
0.962341
0.962341
0.962341
0.962341
0.962341
0.962341
0.962341
0.962341
0.962341
0.962341
0.962341
0.962341
0.962341
0.962341
0.962341
0.962341
0.962341
0.962341
0.962341
0.962341
0.962341
0.962341
0.962341
0.962341
0.962341
0.962341
0.962341
0.962341
0.962341
0.962341
0.962341
0.962341
0.962341
0.962341
0.962341
0.962341
0.962341
0.962341
0.962341
0.962341
0.962341
0.962341
0.962341
0.962341
0.962341
0.962341
0.962341
0.962341
0.961931
0.961931
0.961931
0.961931
0.961931
0.961931
0.961931
0.961931
0.961931
0.961931
0.961931
0.961931
0.961931
0.961931
0.961931
0.961931
0.961931
0.961931
0.961931
0.961931
0.961931
0.961931
0.961931
0.961931
0.961931
0.961931
0.961931
0.961931
0.961931
0.961931
0.961931
0.961931
0.961931
0.961931
0.961931
