0 19 28 9 11 8 2 17 16 22 7 14 26 10 13 15 21 6 4 31 25 29 18 12 20 5 3 23 1 24 30 27 
0 15 12 28 17 18 10 11 23 19 1 21 2 16 22 7 30 26 27 25 3 5 9 13 8 24 29 4 6 31 20 14 
0 15 12 28 17 18 10 11 23 19 1 21 2 16 22 7 30 26 27 25 3 5 9 13 8 24 29 4 6 31 20 14 
0 3 28 22 12 13 14 31 26 16 8 5 25 15 11 29 30 19 7 18 9 24 6 1 17 2 21 4 10 27 20 23 
0 9 11 5 31 16 6 17 19 21 2 1 25 22 15 14 27 3 8 30 4 23 18 29 7 12 24 26 10 20 13 28 
0 6 29 1 18 15 12 19 17 30 10 24 28 23 8 4 31 2 25 3 20 5 13 22 9 7 21 27 11 14 26 16 
0 2 11 23 7 6 25 10 28 4 8 15 27 17 31 12 14 1 3 9 5 13 20 30 29 24 18 22 21 19 16 26 
0 2 11 23 7 6 25 10 28 4 8 15 27 17 31 12 14 1 3 9 5 13 20 30 29 24 18 22 21 19 16 26 
0 2 11 23 7 6 25 10 28 4 8 15 27 17 31 12 14 1 3 9 5 13 20 30 29 24 18 22 21 19 16 26 
0 3 16 13 12 15 11 29 14 19 4 27 30 18 23 9 25 28 26 22 17 6 24 21 2 5 31 7 1 10 20 8 
0 3 16 13 12 15 11 29 14 19 4 27 30 18 23 9 25 28 26 22 17 6 24 21 2 5 31 7 1 10 20 8 
0 31 20 22 11 24 10 30 6 17 12 14 21 23 27 29 13 16 15 8 25 5 9 4 18 19 2 3 1 28 26 7 
0 28 24 19 20 2 16 30 10 14 15 27 18 9 1 17 4 5 3 31 22 11 6 12 23 7 29 13 8 21 25 26 
0 28 24 19 20 2 16 30 10 14 15 27 18 9 1 17 4 5 3 31 22 11 6 12 23 7 29 13 8 21 25 26 
0 28 24 19 20 2 16 30 10 14 15 27 18 9 1 17 4 5 3 31 22 11 6 12 23 7 29 13 8 21 25 26 
0 6 3 13 19 29 1 21 17 31 20 2 25 4 18 24 28 22 26 15 7 27 23 16 14 12 11 10 30 8 5 9 
0 5 19 11 26 4 27 30 16 25 2 7 10 15 8 1 6 29 14 3 13 21 17 31 20 18 24 28 22 12 23 9 
0 5 19 11 26 4 27 30 16 25 2 7 10 15 8 1 6 29 14 3 13 21 17 31 20 18 24 28 22 12 23 9 
0 28 24 19 20 2 16 30 10 14 15 27 18 9 1 17 4 5 3 11 26 25 7 8 6 29 13 21 31 22 12 23 
0 28 24 19 20 2 16 30 10 14 15 27 18 9 1 17 4 5 3 11 26 25 7 8 6 29 13 21 31 22 12 23 
0 31 20 22 11 24 10 30 6 21 13 17 12 29 23 27 16 14 7 28 19 2 15 18 9 1 4 5 3 26 25 8 
0 31 20 22 11 24 10 30 6 21 13 17 12 29 23 27 16 14 7 28 19 2 15 18 9 1 4 5 3 26 25 8 
0 31 20 22 11 24 10 30 6 21 13 17 12 29 23 27 16 14 7 28 19 2 15 18 9 1 4 5 3 26 25 8 
0 31 12 17 6 30 10 24 11 22 20 21 13 29 27 23 16 14 7 3 1 19 28 25 4 18 2 26 5 15 9 8 
0 6 3 13 31 29 1 21 5 9 8 7 14 16 27 23 12 10 30 11 26 22 2 24 18 4 25 28 20 19 17 15 
0 6 3 13 31 29 1 21 5 9 8 7 14 16 27 23 12 10 30 11 26 22 2 24 18 4 25 28 20 19 17 15 
0 6 3 13 31 29 1 21 5 9 8 7 14 16 27 23 12 10 30 11 26 22 2 24 18 4 25 28 20 19 17 15 
0 6 3 13 31 29 15 7 14 16 27 23 12 30 10 11 26 22 2 5 8 4 17 21 28 24 18 25 20 1 19 9 
0 31 20 22 11 24 10 30 6 21 13 17 12 29 23 27 16 14 7 3 1 19 28 25 4 18 2 26 5 9 8 15 
0 31 20 22 11 24 10 30 6 21 13 17 12 29 23 27 16 14 7 3 1 19 28 25 4 18 2 26 5 9 8 15 
0 31 20 22 11 24 10 30 6 14 16 27 23 29 12 17 13 21 7 18 8 15 4 3 1 19 2 25 5 28 26 9 
0 6 3 13 19 29 1 21 17 11 20 2 25 4 18 24 28 22 26 31 27 23 12 10 30 16 14 7 5 8 15 9 
0 31 20 22 11 24 10 30 7 14 16 27 23 29 12 17 13 21 6 3 1 19 28 25 4 18 2 26 9 5 8 15 
0 18 25 28 20 19 1 3 10 30 6 21 13 17 12 16 23 27 14 29 7 4 15 8 5 31 24 2 22 26 11 9 
0 31 7 4 15 8 5 14 16 27 23 29 12 17 13 18 25 28 20 19 1 3 10 30 6 21 24 2 22 26 11 9 
0 31 5 8 15 7 4 14 27 16 23 29 12 17 13 21 6 30 10 20 22 11 24 3 1 19 28 25 18 2 26 9 
0 31 5 8 15 4 7 14 16 27 23 29 12 17 13 21 6 30 10 20 22 11 24 3 28 18 25 2 26 1 19 9 
0 31 5 8 15 4 7 14 16 27 23 29 12 17 13 21 6 30 10 3 24 1 20 22 25 11 19 2 26 28 18 9 
0 31 5 8 15 4 7 14 16 27 23 29 12 17 13 21 6 30 10 3 24 1 20 22 25 11 19 2 26 28 18 9 
0 31 5 8 15 4 7 14 16 27 23 29 12 17 13 21 6 30 10 20 22 11 24 3 26 1 19 2 25 28 18 9 
0 31 5 8 15 7 4 14 10 26 11 24 3 27 16 23 29 12 17 13 21 6 30 22 20 1 19 2 25 28 18 9 
0 31 5 8 4 15 7 14 16 27 23 29 12 17 13 26 22 20 11 21 6 30 10 3 24 1 19 2 25 28 18 9 
0 31 5 8 15 7 4 14 10 30 6 21 13 17 12 29 23 11 24 3 27 16 20 22 26 1 19 2 25 28 18 9 
0 31 5 8 15 7 4 14 10 30 6 21 13 17 12 29 23 11 24 3 27 16 20 22 26 1 19 2 25 28 18 9 
0 31 30 10 14 29 21 15 22 5 6 7 13 17 12 4 23 16 27 3 19 24 11 20 8 26 1 2 25 28 18 9 
0 31 5 8 15 7 4 14 10 30 6 21 13 17 12 29 23 16 27 22 3 19 24 11 20 26 1 2 25 28 18 9 
0 31 7 15 8 5 4 14 10 30 6 21 13 17 12 29 23 16 27 3 24 11 20 28 26 1 22 2 25 19 18 9 
0 7 31 4 15 10 30 5 14 16 27 23 29 12 17 13 21 6 8 19 24 20 11 22 25 2 3 1 26 28 18 9 
0 31 7 15 8 5 4 14 10 30 12 21 23 29 6 17 13 16 27 19 1 26 22 20 11 24 3 2 25 28 18 9 
0 31 7 4 15 10 30 5 14 16 27 23 29 12 17 13 21 6 8 3 19 1 26 22 20 2 24 11 25 28 18 9 
0 31 5 8 15 7 4 14 10 30 6 21 17 13 12 29 23 25 2 24 11 20 22 26 1 19 3 27 16 28 18 9 
0 31 7 15 8 5 4 14 10 30 6 21 13 17 12 29 23 16 2 25 27 24 11 20 22 26 1 19 3 28 18 9 
0 31 4 11 20 22 26 1 19 3 27 16 23 29 12 17 13 21 6 30 10 14 5 7 15 8 24 2 25 28 18 9 
0 31 11 22 26 1 19 3 8 6 21 17 13 12 29 23 27 16 14 5 30 10 4 15 7 20 24 2 25 28 18 9 
0 18 28 25 2 24 20 11 22 26 1 19 3 14 29 21 6 13 17 12 23 27 16 8 5 30 10 4 15 7 31 9 
0 31 7 15 4 10 30 5 14 16 27 23 29 12 24 17 21 6 8 19 13 20 11 22 26 1 3 2 25 28 18 9 
0 31 7 15 4 10 30 5 14 16 27 23 29 12 13 17 21 6 8 1 3 19 26 22 20 24 2 11 25 28 18 9 
0 31 7 15 4 23 30 5 14 16 27 10 29 12 13 17 21 6 8 22 20 3 19 1 11 26 24 2 25 28 18 9 
0 31 7 15 4 10 30 14 5 16 27 23 29 13 12 17 21 8 6 1 19 3 20 22 11 26 24 2 25 28 18 9 
0 31 7 15 30 10 4 5 14 16 27 23 29 12 20 11 22 26 1 19 3 8 6 21 17 13 24 25 2 28 18 9 
0 31 7 15 4 19 30 12 14 16 27 6 29 5 10 13 21 23 8 1 17 3 20 22 11 26 24 2 25 28 18 9 
0 31 7 15 4 19 30 12 14 16 27 6 29 5 10 13 21 23 8 1 17 3 20 22 11 26 24 2 25 28 18 9 
0 31 7 27 4 10 16 5 14 30 15 25 2 24 26 11 22 20 3 19 1 8 6 21 17 13 12 29 23 28 18 9 
0 31 7 15 4 10 30 14 5 16 27 23 2 24 20 11 22 26 1 29 12 13 17 21 6 8 19 3 25 28 18 9 
0 31 7 15 4 10 30 5 1 16 27 23 29 14 13 17 21 12 8 6 19 3 20 11 26 22 24 2 25 28 18 9 
0 31 7 15 4 10 30 5 17 13 12 29 23 27 16 14 21 1 8 6 19 3 20 11 26 22 24 2 25 28 18 9 
0 31 7 15 4 10 30 5 17 13 12 29 23 27 16 14 21 1 8 6 19 3 20 11 26 22 24 2 25 28 18 9 
0 31 7 27 4 10 16 5 14 30 15 23 29 12 13 17 21 6 8 11 24 3 20 1 26 2 19 22 25 28 18 9 
0 31 7 15 4 5 30 10 14 16 26 11 20 3 19 6 8 1 21 17 13 12 29 23 27 22 24 2 25 28 18 9 
0 31 7 15 30 10 4 5 14 16 27 29 23 12 13 21 17 1 8 26 11 20 3 19 6 22 24 2 25 28 18 9 
0 31 24 22 26 11 20 3 19 6 8 1 21 17 13 12 29 23 27 16 14 10 30 5 4 15 7 2 25 28 18 9 
0 31 24 22 26 11 20 3 19 6 8 1 21 17 13 12 29 23 27 16 14 10 30 5 4 15 7 2 25 28 18 9 
0 31 7 15 30 10 4 5 22 26 11 20 3 19 6 8 1 21 17 13 12 29 23 27 16 14 24 2 25 28 18 9 
0 31 7 15 30 10 4 5 22 26 11 20 3 19 6 8 1 21 17 13 12 29 23 27 16 14 24 2 25 28 18 9 
0 31 7 15 30 10 4 5 22 26 11 20 3 19 6 8 1 21 17 13 12 29 23 27 16 14 24 2 25 28 18 9 
0 31 7 15 4 10 17 5 14 16 27 23 29 12 21 13 30 1 8 6 19 3 20 11 26 22 24 2 25 28 18 9 
0 31 7 15 4 5 30 10 14 16 27 23 29 12 21 17 13 2 8 6 19 25 18 28 3 1 24 22 26 11 20 9 
0 31 7 15 30 10 4 5 14 16 27 23 29 12 21 13 17 1 8 2 6 19 25 18 28 3 24 22 26 11 20 9 
0 31 7 15 30 10 4 5 14 16 27 23 29 12 21 13 17 1 8 2 6 19 25 18 28 3 24 22 26 11 20 9 
0 31 7 15 30 10 4 5 14 16 27 26 22 24 2 25 28 18 6 8 1 17 13 21 12 29 23 11 20 3 19 9 
0 31 7 15 30 10 4 5 14 16 27 23 29 12 21 13 17 1 8 22 6 18 28 25 2 24 26 11 20 3 19 9 
0 31 7 15 30 10 4 5 14 16 27 23 29 12 21 13 17 1 8 25 6 18 28 2 24 22 26 11 20 3 19 9 
0 31 7 15 30 10 4 5 14 16 27 23 29 12 21 13 17 1 8 6 18 24 25 2 22 28 26 11 20 3 19 9 
0 31 7 15 30 10 4 5 14 16 27 23 29 12 21 13 17 1 8 6 25 18 3 28 19 2 24 22 26 11 20 9 
0 31 7 15 30 5 4 10 14 25 28 18 3 19 6 8 1 17 13 21 12 29 23 27 16 2 24 22 26 11 20 9 
0 31 7 15 30 10 14 5 4 16 27 23 29 12 21 13 17 1 8 6 19 3 18 28 26 2 24 22 25 11 20 9 
0 31 7 15 30 5 4 10 13 16 29 23 27 12 21 8 17 1 14 6 19 3 18 28 25 2 24 22 26 11 20 9 
0 31 7 15 30 5 4 10 13 16 29 23 27 12 21 8 17 1 14 6 19 3 18 28 25 2 24 22 26 11 20 9 
0 31 7 15 30 5 4 10 13 16 29 23 27 12 21 8 17 1 14 6 19 3 18 28 25 2 24 22 26 11 20 9 
0 31 7 15 30 5 4 10 13 16 29 23 27 12 21 8 17 1 14 6 19 3 18 28 25 2 24 22 26 11 20 9 
0 31 7 15 30 10 14 5 4 16 27 23 1 8 17 13 21 12 29 6 19 25 18 28 22 2 24 3 26 11 20 9 
0 31 7 15 30 10 14 5 4 16 27 23 1 8 17 13 21 12 29 6 19 25 18 28 22 2 24 3 26 11 20 9 
0 31 7 15 30 10 14 5 4 16 18 3 19 6 8 1 17 13 21 27 23 29 12 28 25 2 24 22 26 11 20 9 
0 31 7 15 30 10 14 5 4 16 18 3 19 6 8 1 17 13 21 27 23 29 12 28 25 2 24 22 26 11 20 9 
0 31 7 15 30 14 10 5 16 21 27 23 4 12 29 13 3 1 19 8 6 17 18 28 25 2 24 22 26 11 20 9 
0 31 7 15 4 10 30 5 14 16 27 23 29 12 21 13 17 1 11 18 3 19 6 8 28 25 2 24 22 26 20 9 
0 31 7 15 30 14 10 5 4 16 27 23 29 12 21 13 17 1 8 19 6 3 18 28 22 20 24 25 26 11 2 9 
0 31 7 15 30 14 10 5 4 16 27 23 29 12 21 13 17 1 8 19 6 3 18 28 22 20 24 25 26 11 2 9 
0 31 7 15 30 14 10 5 4 16 27 1 17 24 22 26 13 21 12 23 29 8 6 19 3 18 28 25 2 11 20 9 
0 31 7 15 30 14 10 5 16 4 27 25 28 18 3 6 8 19 1 17 13 21 12 29 23 2 24 22 26 11 20 9 
0 31 7 15 30 14 10 5 22 24 2 25 28 18 3 6 8 19 1 17 13 21 12 29 23 27 4 16 26 11 20 9 
0 31 7 15 25 28 18 3 6 8 19 1 17 13 21 12 29 23 27 4 16 5 10 14 30 2 24 22 26 11 20 9 
0 31 7 15 30 14 10 5 22 24 2 25 28 18 3 6 8 19 1 17 13 21 12 29 23 27 4 16 26 11 20 9 
0 31 7 15 30 14 10 5 16 4 27 23 29 12 21 13 1 17 19 20 11 26 22 25 2 24 28 18 3 6 8 9 
0 31 7 15 30 14 10 5 16 4 27 23 29 12 21 28 25 2 24 22 26 11 20 19 1 17 13 18 3 6 8 9 
0 31 7 15 30 14 10 5 16 4 27 23 29 12 21 28 25 2 24 22 26 11 20 19 1 17 13 18 3 6 8 9 
0 31 7 15 30 14 10 5 16 4 3 18 28 25 2 24 22 26 11 27 23 29 12 21 13 17 1 19 8 6 20 9 
0 31 7 15 30 14 10 5 16 4 27 23 29 12 21 13 17 1 19 11 26 22 24 2 25 28 18 3 6 8 20 9 
0 31 7 15 30 14 10 5 17 13 21 12 29 23 27 4 16 1 8 19 6 18 28 25 2 24 22 26 11 20 3 9 
0 31 7 15 30 14 10 5 16 4 3 18 28 25 2 24 22 26 11 27 23 29 12 21 13 17 1 19 20 6 8 9 
0 31 7 15 30 14 10 5 16 4 27 21 29 12 23 13 17 1 19 8 6 18 28 25 2 24 22 26 11 20 3 9 
0 31 7 15 30 14 10 5 16 4 27 19 29 12 8 13 17 1 23 21 6 18 28 25 2 24 22 26 11 20 3 9 
0 31 7 15 29 14 30 5 16 27 4 12 10 23 21 13 17 1 8 19 6 18 28 25 2 24 22 26 11 20 3 9 
0 29 23 27 4 16 5 10 14 30 15 7 31 12 21 13 22 1 19 8 6 18 28 17 24 2 25 26 11 20 3 9 
0 31 7 15 23 27 4 16 5 10 14 30 29 12 21 28 18 6 8 19 1 17 13 25 2 24 22 26 11 20 3 9 
0 31 7 15 30 14 10 5 16 4 27 23 29 12 21 13 17 1 19 8 6 3 22 2 25 24 26 18 28 11 20 9 
0 31 7 15 30 14 10 5 16 4 27 23 29 12 21 13 17 1 19 8 6 3 22 2 25 24 26 18 28 11 20 9 
0 29 23 27 4 16 5 10 14 30 17 3 19 1 20 13 21 12 31 7 15 11 26 22 24 2 25 28 18 6 8 9 
0 29 23 27 4 16 5 10 14 30 17 3 19 1 20 13 21 12 31 7 15 11 26 22 24 2 25 28 18 6 8 9 
0 29 23 27 4 16 5 10 14 30 17 3 19 1 20 13 21 12 31 7 15 11 26 22 24 2 25 28 18 6 8 9 
0 31 7 15 23 27 4 16 5 10 14 30 29 12 21 13 17 24 19 20 3 11 1 22 26 2 25 28 18 6 8 9 
0 31 7 15 23 27 4 16 5 10 14 12 29 30 20 13 17 1 19 3 21 11 26 22 24 2 25 28 18 6 8 9 
0 12 7 16 31 27 4 15 5 10 23 30 29 14 21 13 17 1 19 3 20 11 26 22 24 2 25 28 18 6 8 9 
0 31 7 15 23 27 4 16 5 10 14 30 29 26 20 13 11 1 19 3 12 17 21 22 24 2 25 28 18 6 8 9 
0 31 7 15 23 27 4 16 5 10 14 30 29 12 21 13 17 1 19 3 20 11 2 22 24 26 25 28 18 6 8 9 
0 31 7 15 23 27 4 24 5 10 14 30 29 12 21 13 17 1 19 11 3 20 26 22 16 2 25 28 18 6 8 9 
0 31 7 15 23 27 4 16 5 10 14 30 29 12 24 13 17 20 19 3 1 11 26 22 21 2 25 28 18 6 8 9 
0 29 30 14 10 5 16 4 27 23 15 7 31 12 21 13 17 1 19 24 20 3 11 26 22 2 25 28 18 6 8 9 
0 29 30 14 10 5 16 4 27 23 15 7 31 12 21 13 17 1 19 3 20 11 2 26 24 25 22 28 18 6 8 9 
0 29 30 14 10 5 16 4 27 23 15 7 31 12 21 13 17 2 24 22 26 11 20 3 19 1 25 28 18 6 8 9 
0 29 30 14 10 5 16 17 13 21 12 31 7 15 23 27 4 1 19 3 20 11 26 22 24 2 25 28 18 6 8 9 
0 29 30 14 10 5 16 4 27 23 15 7 31 12 21 13 17 1 19 3 20 11 26 22 24 2 6 28 8 18 25 9 
0 29 30 14 10 5 16 4 27 23 15 7 31 12 21 13 17 1 19 3 20 11 26 22 24 2 6 28 8 18 25 9 
0 29 30 14 10 5 16 4 27 23 15 7 17 12 21 13 31 26 19 25 20 11 1 22 24 2 3 28 18 6 8 9 
0 29 30 14 10 5 16 4 27 23 15 7 31 12 21 13 17 1 19 26 25 20 11 22 24 2 3 28 18 6 8 9 
0 29 30 14 10 5 16 4 27 23 15 7 17 13 21 12 31 26 11 1 19 3 20 22 24 2 25 28 18 6 8 9 
0 15 23 27 4 16 5 10 21 30 29 7 31 12 14 13 17 1 19 3 11 20 26 22 24 2 25 28 18 6 8 9 
0 15 23 27 4 16 5 10 21 30 29 7 31 12 14 13 17 1 19 3 11 20 26 22 24 2 25 28 18 6 8 9 
0 25 2 24 22 26 11 20 3 19 1 17 13 21 12 31 7 29 30 14 10 5 16 4 27 23 15 28 18 6 8 9 
0 15 23 27 4 16 5 10 14 30 29 7 31 12 21 13 17 1 19 3 20 11 2 26 24 22 25 28 18 6 8 9 
0 15 23 27 4 16 5 10 14 30 29 7 22 26 11 20 3 19 1 17 13 21 12 31 24 2 25 28 18 6 8 9 
0 15 23 27 4 16 5 10 14 30 29 7 31 12 21 13 17 1 19 22 3 20 11 26 24 2 25 28 18 6 8 9 
0 15 23 27 4 16 5 10 14 30 29 7 31 12 18 6 28 25 2 24 22 26 11 20 3 19 1 17 13 21 8 9 
0 15 23 27 4 16 5 10 14 30 29 7 31 12 21 13 17 1 22 19 20 11 26 24 3 2 25 28 18 6 8 9 
0 15 23 27 4 16 5 10 14 30 29 7 31 12 21 24 22 26 11 20 3 19 1 17 13 2 25 28 18 6 8 9 
0 15 7 27 16 31 5 10 14 21 29 23 4 12 30 13 17 1 19 3 20 11 26 22 24 2 25 28 18 6 8 9 
0 15 7 27 16 31 5 10 14 21 29 23 4 12 30 13 17 1 19 3 20 11 26 22 24 2 25 28 18 6 8 9 
0 15 23 27 4 16 5 10 14 30 29 7 31 25 2 24 22 26 11 20 3 19 1 17 13 21 12 28 18 6 8 9 
0 15 23 27 4 16 5 10 14 30 29 7 31 25 2 24 22 26 11 20 3 19 1 17 13 21 12 28 18 6 8 9 
0 7 29 30 14 10 5 16 4 27 23 15 31 12 21 13 17 1 19 3 20 11 28 25 2 24 22 26 18 6 8 9 
0 15 23 27 4 16 5 10 14 30 29 7 31 12 21 13 17 1 19 3 20 11 26 25 24 2 22 28 18 6 8 9 
0 15 29 30 14 10 5 16 4 27 23 7 31 12 21 13 17 1 19 3 20 11 25 22 26 2 24 28 18 6 8 9 
0 15 29 30 14 10 5 16 4 27 23 7 31 12 21 13 17 1 19 3 20 11 25 22 26 2 24 28 18 6 8 9 
0 7 29 30 14 10 5 16 4 27 23 15 31 12 21 13 17 1 19 3 20 11 2 22 24 26 25 28 18 6 8 9 
0 7 29 30 14 10 5 16 4 27 23 15 31 12 21 13 17 1 19 3 20 11 6 18 28 25 2 24 22 26 8 9 
0 7 29 30 14 10 5 16 4 27 23 15 31 12 21 13 17 1 19 3 20 11 6 18 28 25 2 24 22 26 8 9 
0 15 29 30 14 10 5 16 4 27 23 7 31 12 21 13 17 1 19 3 20 11 26 25 24 22 2 28 18 6 8 9 
0 15 29 30 14 10 5 16 4 27 23 7 31 12 21 28 25 2 24 22 26 11 20 3 19 1 17 13 18 6 8 9 
0 15 23 27 4 16 5 10 14 30 28 25 2 24 22 26 11 20 3 19 8 1 17 13 21 12 31 7 29 18 6 9 
0 15 29 30 14 10 5 16 4 23 31 7 6 12 13 17 27 1 19 8 21 18 28 25 2 24 22 26 11 20 3 9 
0 15 29 30 14 10 5 16 4 23 31 7 6 12 13 17 27 1 19 8 21 18 28 25 2 24 22 26 11 20 3 9 
0 29 30 14 10 5 16 18 28 25 2 24 22 26 11 20 3 19 1 15 4 27 23 7 31 12 21 13 17 6 8 9 
0 7 26 11 20 3 19 1 17 13 21 12 31 15 29 30 14 10 5 16 4 27 23 22 24 2 25 28 18 6 8 9 
0 7 26 11 20 3 19 1 17 13 21 12 31 15 29 30 14 10 5 16 4 27 23 22 24 2 25 28 18 6 8 9 
0 15 29 30 14 10 5 25 2 24 22 26 11 20 3 19 1 17 13 21 12 31 7 23 27 4 16 28 18 6 8 9 
0 7 23 27 4 10 16 5 14 30 29 15 8 6 18 28 25 2 24 22 26 11 3 19 20 1 17 13 21 12 31 9 
0 7 23 27 25 20 3 19 1 11 15 21 12 31 13 29 30 14 10 5 16 4 17 22 24 2 26 28 18 6 8 9 
0 7 23 27 4 16 5 10 14 30 29 15 31 12 21 13 17 1 19 25 20 3 11 22 24 2 26 28 18 6 8 9 
0 7 23 27 4 16 5 10 14 30 29 15 31 12 21 13 17 1 19 25 20 3 11 22 24 2 26 28 18 6 8 9 
0 7 23 27 4 16 5 10 14 30 29 15 25 2 24 22 26 11 20 3 19 1 17 13 21 12 31 28 18 6 8 9 
0 7 23 27 4 14 5 10 16 19 29 15 31 13 21 12 17 1 30 3 20 11 26 22 24 2 25 28 18 6 8 9 
0 7 23 27 4 14 5 10 16 19 29 15 31 13 21 12 17 1 30 3 20 11 26 22 24 2 25 28 18 6 8 9 
0 7 23 27 4 14 5 10 16 19 29 15 31 13 21 12 17 1 30 3 20 11 26 22 24 2 25 28 18 6 8 9 
0 7 23 27 4 16 5 10 14 30 29 15 25 2 24 22 26 11 20 3 19 1 17 13 21 12 31 28 18 6 8 9 
0 7 23 27 4 16 5 10 14 30 29 15 31 3 21 12 17 1 13 19 20 11 26 22 24 2 25 28 18 6 8 9 
0 7 23 27 4 16 5 10 14 30 29 15 31 12 21 13 17 1 19 3 20 11 26 25 2 24 22 28 6 18 8 9 
0 7 23 27 4 16 5 10 14 30 24 22 26 11 20 3 19 1 17 13 21 12 31 15 29 2 25 28 18 6 8 9 
0 7 23 27 4 16 5 10 14 30 24 22 26 11 20 3 19 1 17 13 21 12 31 15 29 2 25 28 18 6 8 9 
0 7 23 27 4 16 5 10 14 30 29 15 31 12 21 13 17 25 24 3 20 11 26 22 19 2 1 28 18 6 8 9 
0 7 23 27 4 16 5 10 14 30 29 15 31 12 21 13 17 25 24 3 20 11 26 22 19 2 1 28 18 6 8 9 
0 7 23 27 4 16 5 10 3 19 1 17 13 21 12 31 15 29 30 14 20 11 26 22 24 2 25 28 18 6 8 9 
0 7 23 27 4 16 5 10 3 19 1 17 13 21 12 31 15 29 30 14 20 11 26 22 24 2 25 28 18 6 8 9 
0 29 30 14 10 5 16 20 27 18 28 25 2 24 22 26 11 4 3 7 23 15 31 12 21 13 17 1 19 6 8 9 
0 7 23 27 4 16 5 10 14 30 3 15 31 21 12 13 19 1 29 17 20 11 26 22 24 2 25 28 18 6 8 9 
0 7 23 27 4 16 5 10 14 30 3 15 31 21 12 13 19 1 29 17 20 11 26 22 24 2 25 28 18 6 8 9 
0 7 23 27 4 16 5 10 14 30 29 15 31 12 21 13 17 1 19 3 20 11 18 28 25 2 24 22 26 6 8 9 
0 7 23 27 4 16 5 10 14 30 29 15 31 12 21 13 17 1 19 18 28 26 22 24 2 25 11 20 3 6 8 9 
0 7 23 27 4 16 5 10 14 30 29 15 31 12 21 13 17 1 19 3 20 11 26 22 8 2 25 28 18 6 24 9 
0 7 23 27 4 16 5 10 14 30 29 15 31 12 21 13 17 1 19 8 28 18 6 25 2 20 11 26 22 24 3 9 
0 7 23 27 4 18 28 25 2 24 22 26 11 20 3 19 1 17 13 16 5 29 10 30 14 15 31 12 21 6 8 9 
0 7 23 27 4 18 28 25 2 24 22 26 11 20 3 19 1 17 13 16 5 29 10 30 14 15 31 12 21 6 8 9 
0 7 23 27 4 16 5 10 14 30 29 19 31 12 21 1 17 13 15 3 20 11 26 22 24 2 25 28 18 6 8 9 
0 7 23 27 4 18 28 25 2 24 22 26 11 20 3 19 1 17 13 16 5 10 14 30 29 15 31 12 21 6 8 9 
0 7 23 27 4 16 5 10 14 30 29 15 31 12 21 13 17 1 19 3 20 11 26 22 24 2 25 6 18 28 8 9 
0 7 23 27 4 16 5 10 11 20 3 19 1 17 13 21 12 31 15 29 30 14 26 22 24 2 25 28 18 6 8 9 
0 7 23 27 4 16 5 10 14 30 29 15 31 12 21 13 17 24 19 3 6 11 26 22 1 2 20 28 18 25 8 9 
0 7 23 27 4 16 5 10 14 30 29 15 31 12 21 13 17 1 19 24 3 6 11 26 22 2 20 28 18 25 8 9 
0 7 23 27 4 16 5 10 14 30 29 15 31 12 21 13 17 1 19 24 3 6 11 26 22 2 20 28 18 25 8 9 
0 7 23 27 4 16 5 10 14 30 29 15 31 12 21 13 17 1 19 24 3 6 11 26 22 2 20 28 18 25 8 9 
0 7 23 27 4 16 5 10 14 30 29 15 31 12 21 13 17 1 19 24 3 6 11 26 22 2 20 28 18 25 8 9 
0 7 23 27 4 16 5 10 14 30 29 15 20 3 19 1 17 13 21 12 31 11 26 22 24 2 25 28 18 6 8 9 
0 7 23 27 4 16 5 10 14 30 29 15 20 3 19 1 17 13 21 12 31 11 26 22 24 2 25 28 18 6 8 9 
0 7 23 27 4 16 5 10 14 30 29 15 31 12 17 13 21 1 24 18 28 19 2 25 22 26 11 20 3 6 8 9 
0 7 23 27 4 16 5 10 14 30 29 15 31 12 21 13 17 1 19 3 20 11 26 25 2 24 22 28 18 6 8 9 
0 7 23 27 4 16 5 10 14 17 13 21 12 31 15 29 30 1 19 3 20 11 26 22 24 2 25 28 18 6 8 9 
0 7 23 27 4 16 5 10 14 17 13 21 12 31 15 29 30 1 19 3 20 11 26 22 24 2 25 28 18 6 8 9 
0 7 23 27 4 16 5 10 14 30 29 15 31 12 21 13 17 1 26 3 8 11 19 22 24 2 25 28 18 6 20 9 
0 7 23 27 4 16 5 10 14 30 29 15 31 12 21 13 17 1 26 3 8 11 19 22 24 2 25 28 18 6 20 9 
0 7 23 27 4 16 5 10 14 30 29 15 31 12 21 13 17 1 26 3 8 11 19 22 24 2 25 28 18 6 20 9 
0 7 23 27 4 16 5 10 14 30 29 15 31 12 3 13 17 1 19 21 20 11 26 22 24 2 25 28 18 6 8 9 
0 7 23 27 4 16 5 10 14 30 29 15 31 12 3 13 17 1 19 21 20 11 26 22 24 2 25 28 18 6 8 9 
0 7 23 27 4 16 5 10 14 30 29 15 31 12 24 22 26 11 3 19 20 1 17 13 21 2 25 28 18 6 8 9 
0 7 23 27 4 16 5 10 14 30 29 15 31 12 24 22 26 11 3 19 20 1 17 13 21 2 25 28 18 6 8 9 
0 7 23 27 4 16 5 10 14 30 29 15 31 12 3 13 17 1 19 21 20 11 26 22 24 2 25 28 18 6 8 9 
0 7 23 27 4 16 5 21 12 31 15 29 30 14 10 13 17 1 19 3 20 11 26 22 24 2 25 28 18 6 8 9 
0 7 23 12 4 16 5 27 14 30 15 29 31 10 21 13 17 1 19 3 20 11 26 22 24 2 25 28 18 6 8 9 
0 7 23 27 4 16 5 10 14 30 29 15 31 12 21 13 17 1 19 22 28 24 2 26 18 25 11 20 3 6 8 9 
0 7 23 27 19 1 17 13 21 12 31 15 29 30 14 10 5 16 4 11 26 22 24 2 25 28 18 20 3 6 8 9 
0 7 23 27 19 1 17 13 21 12 31 15 29 30 14 10 5 16 4 11 26 22 24 2 25 28 18 20 3 6 8 9 
0 7 23 27 4 16 5 10 14 30 29 15 31 12 25 2 24 22 26 11 20 3 19 1 17 13 21 28 18 6 8 9 
0 7 23 27 4 18 28 25 2 24 22 26 11 20 3 13 1 12 19 16 10 5 14 30 29 15 31 17 21 6 8 9 
0 7 23 27 4 18 28 25 2 24 22 26 11 20 3 13 1 12 19 16 10 5 14 30 29 15 31 17 21 6 8 9 
0 7 23 27 14 16 5 17 13 30 29 24 31 12 21 4 10 1 19 15 20 11 26 22 3 2 25 28 18 6 8 9 
0 7 23 27 4 18 28 25 2 24 22 26 11 20 3 19 1 17 13 16 5 10 14 30 29 15 31 12 21 6 8 9 
0 7 23 27 4 18 28 25 2 24 22 26 11 20 3 19 1 17 13 16 5 10 14 30 29 15 31 12 21 6 8 9 
0 7 23 27 4 16 5 10 14 30 29 15 31 12 21 13 17 1 19 3 20 11 26 18 28 25 2 24 22 6 8 9 
0 7 23 27 4 21 12 31 15 29 30 14 10 5 16 13 17 1 19 3 20 11 26 22 24 2 25 28 18 6 8 9 
0 7 23 27 4 16 5 10 14 30 29 15 31 12 21 25 17 1 19 8 6 18 28 13 2 24 22 26 11 20 3 9 
0 7 23 27 4 16 5 10 14 30 29 15 31 12 21 25 17 1 19 8 6 18 28 13 2 24 22 26 11 20 3 9 
0 7 23 27 4 16 5 10 14 30 29 15 31 12 21 25 17 1 19 8 6 18 28 13 2 24 22 26 11 20 3 9 
0 7 23 27 4 16 5 10 14 30 29 15 31 12 21 25 17 1 19 8 6 18 28 13 2 24 22 26 11 20 3 9 
0 7 23 27 4 18 28 25 2 24 22 26 11 20 3 19 1 17 13 16 5 10 14 30 29 15 31 12 21 6 8 9 
0 7 23 27 4 16 5 10 14 30 29 15 31 12 21 3 17 1 11 28 13 20 26 22 24 2 25 19 18 6 8 9 
0 7 23 27 4 16 5 10 14 30 29 15 24 12 21 13 17 1 19 3 20 6 26 22 11 2 25 28 18 31 8 9 
0 7 23 27 4 16 5 10 14 30 29 15 11 20 3 19 1 17 13 21 12 31 26 22 24 2 25 28 18 6 8 9 
0 7 23 27 4 16 5 10 14 30 29 15 31 12 21 13 3 1 19 25 20 11 26 17 24 2 22 28 18 6 8 9 
0 7 23 27 4 16 5 10 14 30 29 15 31 12 21 13 3 1 19 25 20 11 26 17 24 2 22 28 18 6 8 9 
0 7 23 27 4 16 5 10 14 30 29 15 31 12 21 13 3 1 19 25 20 11 26 17 24 2 22 28 18 6 8 9 
0 7 23 27 4 16 5 10 14 30 29 12 31 15 21 13 17 1 26 3 20 22 19 11 24 2 25 28 18 6 8 9 
0 7 23 27 4 16 5 10 14 30 29 15 31 12 21 13 17 1 19 3 25 20 11 26 24 2 22 28 18 6 8 9 
0 7 23 27 4 16 5 10 14 30 29 15 31 12 21 13 17 1 19 3 20 11 26 22 28 24 8 2 18 6 25 9 
0 7 23 27 4 18 28 25 2 24 22 26 11 20 3 19 1 17 13 16 5 10 14 30 29 15 31 12 21 6 8 9 
0 7 23 27 4 16 5 10 14 30 29 15 31 11 20 3 19 1 17 13 21 12 26 22 24 2 25 28 18 6 8 9 
0 7 23 27 4 16 5 10 14 1 29 15 31 21 12 13 17 30 19 18 28 25 2 24 22 26 11 20 3 6 8 9 
0 7 23 6 18 28 25 2 24 22 26 11 20 3 19 1 17 13 4 27 21 16 5 10 14 30 29 15 31 12 8 9 
0 7 23 27 4 16 5 10 14 3 29 15 31 13 21 12 17 1 19 30 20 11 26 22 24 2 25 28 18 6 8 9 
0 7 23 27 4 16 5 10 12 30 29 19 31 14 21 15 17 1 13 3 20 11 26 22 24 2 25 28 18 6 8 9 
0 7 23 27 4 16 5 10 12 30 29 19 31 14 21 15 17 1 13 3 20 11 26 22 24 2 25 28 18 6 8 9 
0 7 23 27 4 16 5 10 14 30 29 15 31 12 21 26 22 24 2 13 17 1 19 3 20 11 25 28 18 6 8 9 
0 7 23 27 4 16 5 10 14 30 29 15 31 12 21 26 22 24 2 13 17 1 19 3 20 11 25 28 18 6 8 9 
0 7 29 30 14 10 5 16 4 27 18 26 22 24 2 25 28 11 20 23 15 31 12 21 13 17 1 19 3 6 8 9 
0 7 23 27 4 16 5 10 14 30 29 15 31 12 21 13 17 1 19 3 20 11 22 25 24 2 26 28 18 6 8 9 
0 7 29 30 14 10 5 16 4 27 18 26 22 24 2 25 28 11 20 23 15 31 12 21 13 17 1 19 3 6 8 9 
0 7 29 30 14 10 5 16 4 27 18 26 22 24 2 25 28 11 20 23 15 31 12 21 13 17 1 19 3 6 8 9 
0 7 23 27 4 16 5 10 14 30 29 15 3 12 31 1 17 13 19 21 20 11 26 22 24 2 25 28 18 6 8 9 
0 7 23 27 4 16 5 10 14 30 29 15 31 12 21 13 17 1 19 3 20 26 25 11 24 2 22 28 18 6 8 9 
0 7 23 27 4 16 5 10 14 30 29 15 31 12 21 13 17 1 19 3 20 25 2 24 22 26 11 28 18 6 8 9 
0 7 23 30 4 16 14 10 15 27 29 5 21 12 31 13 17 1 19 3 2 24 22 26 11 20 25 28 18 6 8 9 
0 7 23 27 4 16 5 10 14 30 29 15 31 12 20 11 17 1 19 3 21 13 26 22 24 2 25 28 18 6 8 9 
0 7 23 27 4 16 5 10 14 30 29 15 31 12 21 13 17 1 19 3 20 11 26 2 24 22 25 28 18 6 8 9 
0 7 23 27 4 18 28 25 2 24 22 26 11 20 3 19 1 17 13 16 5 10 14 30 29 15 31 12 21 6 8 9 
0 7 23 27 4 16 5 10 14 30 29 15 31 12 21 13 17 1 19 3 20 2 22 26 24 11 25 28 18 6 8 9 
0 7 23 27 4 16 5 10 14 30 29 15 31 12 21 13 17 18 19 1 28 25 2 24 22 26 11 20 3 6 8 9 
0 7 23 27 4 18 28 25 2 24 22 26 11 20 3 19 1 17 13 16 5 10 14 30 29 15 31 12 21 6 8 9 
0 7 23 27 18 28 25 2 24 22 26 11 20 3 19 1 17 21 16 4 13 5 10 14 30 29 15 31 12 6 8 9 
0 7 23 27 4 18 28 25 2 24 22 26 11 20 3 14 10 5 16 13 17 1 19 30 29 15 31 12 21 6 8 9 
0 7 23 27 4 16 5 10 14 30 25 2 24 22 26 11 20 3 19 1 17 13 21 12 31 15 29 28 18 6 8 9 
0 7 23 27 4 16 5 10 14 30 29 15 31 12 21 11 17 1 19 3 20 13 26 22 24 2 25 28 18 6 8 9 
0 7 23 27 4 16 5 10 14 30 29 15 31 12 21 11 17 1 19 3 20 13 26 22 24 2 25 28 18 6 8 9 
0 7 23 27 4 16 5 10 14 30 29 15 31 12 20 13 17 21 26 3 1 11 19 22 24 2 25 28 18 6 8 9 
0 7 23 27 4 16 5 10 14 30 29 15 31 12 21 11 17 1 19 3 20 13 26 22 24 2 25 28 18 6 8 9 
0 7 23 27 4 16 5 10 14 30 29 15 31 12 21 11 17 1 19 3 20 13 26 22 24 2 25 28 18 6 8 9 
0 7 23 27 4 16 5 10 14 30 29 15 31 12 21 13 17 1 19 3 20 11 26 22 24 2 25 8 6 18 28 9 
0 7 5 16 4 27 23 10 14 30 29 15 31 12 21 13 17 11 8 20 3 19 1 26 22 24 2 25 28 18 6 9 
0 7 5 16 4 27 23 10 14 30 29 15 31 12 21 13 17 11 8 20 3 19 1 26 22 24 2 25 28 18 6 9 
0 7 23 27 4 16 25 10 14 30 29 15 31 12 21 13 17 1 19 3 20 11 26 22 24 2 5 28 18 6 8 9 
0 7 23 27 4 16 5 10 14 30 29 15 31 12 21 13 17 1 19 22 20 11 3 24 26 2 25 28 18 6 8 9 
0 7 23 27 4 3 24 1 17 13 21 12 31 15 29 30 14 10 5 16 11 20 19 22 26 2 25 28 18 6 8 9 
0 24 22 26 11 20 3 19 1 17 13 21 12 31 15 29 30 14 10 5 16 4 27 23 7 2 25 28 18 6 8 9 
0 24 22 26 11 20 3 19 1 17 13 21 12 31 15 29 30 14 10 5 16 4 27 23 7 2 25 28 18 6 8 9 
0 7 23 27 4 18 28 25 2 24 22 26 11 20 3 19 1 17 13 16 5 10 14 30 29 15 31 12 21 6 8 9 
0 7 23 27 4 16 5 10 14 30 29 15 31 12 19 11 17 21 20 3 1 25 26 22 24 2 13 28 18 6 8 9 
0 7 23 27 4 16 5 10 14 30 29 15 31 12 21 22 26 11 20 3 19 1 17 13 24 2 25 28 18 6 8 9 
0 7 23 27 4 18 28 25 2 24 22 26 11 20 3 19 1 17 13 16 5 10 14 30 29 15 31 12 21 6 8 9 
0 7 23 27 4 16 5 10 14 30 29 15 31 12 21 13 17 1 19 18 28 25 2 24 22 26 6 3 20 11 8 9 
0 7 23 27 4 16 5 10 14 30 19 15 31 1 21 13 17 12 18 29 28 25 2 24 22 26 11 20 3 6 8 9 
0 7 23 27 4 16 5 10 14 30 29 15 31 11 21 13 17 20 19 26 1 12 3 22 24 2 25 28 18 6 8 9 
0 7 23 27 4 16 5 10 14 30 29 15 31 11 21 13 17 20 19 26 1 12 3 22 24 2 25 28 18 6 8 9 
0 7 23 27 4 18 28 25 2 24 22 26 11 20 3 19 1 17 13 16 5 10 14 30 29 15 31 12 21 6 8 9 
0 7 23 27 4 16 5 10 14 30 29 15 31 12 21 13 17 1 19 3 20 26 25 18 24 2 11 28 22 6 8 9 
0 7 23 27 4 16 5 10 14 30 29 15 31 12 26 11 20 3 19 1 17 13 21 22 24 2 25 28 18 6 8 9 
0 7 23 27 4 16 5 10 14 30 29 15 31 12 21 13 17 1 22 3 20 11 19 26 24 2 25 28 18 6 8 9 
0 7 23 27 4 16 5 10 14 30 29 15 31 12 2 24 22 26 11 20 3 19 1 17 13 21 25 28 18 6 8 9 
0 7 23 27 4 16 5 10 14 30 29 17 31 19 21 13 15 12 1 3 20 11 26 22 24 2 25 28 18 6 8 9 
0 7 23 27 4 16 5 10 14 30 29 17 31 19 21 13 15 12 1 3 20 11 26 22 24 2 25 28 18 6 8 9 
0 7 23 27 4 16 5 10 14 30 29 15 31 22 26 11 20 3 19 1 17 13 21 12 24 2 25 28 18 6 8 9 
0 7 23 27 4 16 5 29 14 30 10 31 21 15 12 26 11 20 3 19 1 17 13 22 24 2 25 28 18 6 8 9 
0 7 23 27 4 16 5 29 14 30 10 31 21 15 12 26 11 20 3 19 1 17 13 22 24 2 25 28 18 6 8 9 
0 7 23 27 4 16 5 10 14 13 21 12 31 15 29 30 17 1 19 3 20 11 26 22 24 2 25 28 18 6 8 9 
0 7 23 27 4 16 5 20 3 19 1 17 13 21 12 31 15 29 30 14 10 2 26 11 24 22 25 28 18 6 8 9 
0 7 23 27 4 16 5 20 3 19 1 17 13 21 12 31 15 29 30 14 10 2 26 11 24 22 25 28 18 6 8 9 
0 7 23 27 4 16 5 10 14 30 29 15 31 12 11 20 3 19 1 17 13 21 26 22 24 2 25 28 18 6 8 9 
0 7 23 27 4 16 5 10 14 30 29 15 31 12 21 13 17 1 19 3 20 11 26 6 18 28 25 2 24 22 8 9 
0 7 23 27 4 16 17 13 21 12 31 15 29 30 14 10 5 1 19 3 20 11 26 22 24 2 25 28 18 6 8 9 
0 7 23 27 4 16 5 10 14 30 29 15 31 12 17 13 22 1 18 3 20 11 26 21 24 2 25 28 19 6 8 9 
0 7 23 27 4 16 5 10 14 30 29 15 31 12 21 13 17 1 19 26 20 11 25 24 22 2 3 28 18 6 8 9 
0 7 23 27 4 16 5 10 14 30 29 15 31 12 21 13 17 1 19 26 20 11 25 24 22 2 3 28 18 6 8 9 
0 7 23 27 4 18 28 25 2 24 22 26 11 20 3 19 1 17 13 16 5 10 14 30 29 15 31 12 21 6 8 9 
0 7 23 27 4 16 5 10 14 30 29 15 31 12 21 25 28 18 6 19 1 17 13 2 24 22 26 11 20 3 8 9 
0 7 23 26 11 20 3 19 1 17 13 21 12 31 15 29 30 14 10 5 16 4 27 22 24 2 25 28 18 6 8 9 
0 7 23 26 11 20 3 19 1 17 13 21 12 31 15 29 30 14 10 5 16 4 27 22 24 2 25 28 18 6 8 9 
0 7 23 26 11 20 3 19 1 17 13 21 12 31 15 29 30 14 10 5 16 4 27 22 24 2 25 28 18 6 8 9 
0 7 15 29 30 14 10 5 16 4 6 27 23 8 19 3 24 2 25 31 12 21 13 17 1 20 11 26 22 28 18 9 
0 7 23 27 4 16 5 10 14 30 25 2 24 22 26 11 20 3 19 1 17 13 21 12 31 15 29 28 18 6 8 9 
0 7 23 27 4 18 28 25 2 24 22 26 11 20 3 19 1 17 21 12 31 15 29 30 14 10 5 16 13 6 8 9 
0 7 23 27 4 16 5 10 14 30 29 15 31 12 21 13 19 1 26 3 24 11 25 22 20 2 17 28 18 6 8 9 
0 7 23 27 4 16 5 10 14 30 29 15 31 12 21 13 19 1 26 3 24 11 25 22 20 2 17 28 18 6 8 9 
0 7 23 27 4 16 5 10 14 30 29 15 31 12 21 13 19 1 26 17 18 28 25 2 24 3 8 6 9 20 22 11 
0 7 23 27 4 16 5 10 14 30 29 15 31 12 21 13 17 1 19 3 20 11 26 25 24 2 22 28 18 6 8 9 
0 7 23 27 4 16 5 10 14 30 29 15 31 12 21 13 17 1 19 3 20 11 26 25 24 2 22 28 18 6 8 9 
0 7 23 27 4 16 5 10 14 30 29 15 31 12 21 13 17 1 19 3 20 11 26 25 24 2 22 28 18 6 8 9 
0 7 29 30 14 22 24 2 25 28 18 27 4 16 5 10 26 11 20 23 15 31 12 21 13 17 1 19 3 6 8 9 
0 7 29 30 14 22 24 2 25 28 18 27 4 16 5 10 26 11 20 23 15 31 12 21 13 17 1 19 3 6 8 9 
0 7 23 27 4 16 5 10 14 30 29 15 31 12 21 13 17 1 19 3 20 11 25 2 24 22 26 28 18 6 8 9 
0 7 23 27 4 16 5 10 14 30 29 15 31 12 21 13 17 1 19 3 20 11 25 2 24 22 26 28 18 6 8 9 
0 7 23 27 4 16 5 10 14 30 29 15 31 12 21 28 25 2 24 22 26 11 20 3 19 1 17 13 18 6 8 9 
0 7 23 27 4 16 5 10 14 30 25 15 31 12 21 13 17 1 19 18 28 29 2 24 22 26 11 20 3 6 8 9 
0 7 23 27 4 16 5 10 14 30 25 15 31 12 21 13 17 1 19 18 28 29 2 24 22 26 11 20 3 6 8 9 
0 7 23 27 4 16 5 10 14 30 25 15 31 12 21 13 17 1 19 18 28 29 2 24 22 26 11 20 3 6 8 9 
0 7 23 27 4 16 5 10 14 30 29 15 31 22 8 18 28 25 2 24 19 1 17 13 21 12 26 11 20 3 6 9 
0 7 23 27 4 16 5 10 14 30 29 15 31 22 8 18 28 25 2 24 19 1 17 13 21 12 26 11 20 3 6 9 
0 7 23 27 4 16 5 10 14 30 29 15 31 12 21 13 17 1 8 22 18 28 25 2 24 19 26 6 20 3 11 9 
0 7 23 27 4 16 5 10 14 30 29 15 31 12 21 13 17 1 28 18 25 19 2 24 22 26 11 20 3 6 8 9 
0 7 23 27 4 16 5 10 14 30 29 15 31 12 21 13 17 1 19 11 28 25 2 24 22 26 18 20 3 6 8 9 
0 7 23 27 4 16 5 10 14 30 29 15 31 12 21 13 17 1 19 11 28 25 2 24 22 26 18 20 3 6 8 9 
0 7 23 27 4 16 5 10 14 30 29 2 24 22 26 11 20 3 19 1 17 13 21 12 31 15 25 28 18 6 8 9 
0 7 23 27 4 16 5 10 14 30 29 2 24 22 26 11 20 3 19 1 17 13 21 12 31 15 25 28 18 6 8 9 
0 7 23 27 4 16 5 10 14 30 29 15 31 12 2 24 22 26 11 20 3 19 1 17 13 21 25 28 18 6 8 9 
0 7 23 27 4 16 5 10 14 30 29 15 31 12 2 24 22 26 11 20 3 19 1 17 13 21 25 28 18 6 8 9 
0 7 23 27 4 16 5 10 14 30 29 15 31 12 2 24 22 26 11 20 3 19 1 17 13 21 25 28 18 6 8 9 
0 7 23 27 4 16 5 10 14 30 29 15 31 12 21 13 17 1 19 3 20 11 26 22 24 2 8 28 18 6 25 9 
0 7 23 27 4 18 28 25 2 24 22 26 11 20 3 19 1 17 13 16 5 10 14 30 29 15 31 12 21 6 8 9 
0 7 23 27 4 16 5 10 14 30 29 15 31 12 21 13 28 25 2 24 22 26 11 20 3 19 1 17 18 6 8 9 
0 7 23 27 4 18 28 25 2 24 22 26 11 20 3 19 1 17 13 16 5 10 14 30 29 15 31 12 21 6 8 9 
0 7 23 27 4 16 5 10 14 30 29 15 31 12 21 28 17 1 19 18 13 24 2 25 22 26 11 20 3 6 8 9 
0 7 23 27 4 18 28 25 2 24 22 26 11 20 3 19 1 17 13 16 5 10 14 30 29 15 31 12 21 6 8 9 
0 7 23 27 4 16 5 10 14 30 29 15 31 12 21 13 17 1 19 6 8 3 24 2 25 28 18 9 20 22 11 26 
0 7 23 27 4 16 5 10 14 30 29 28 3 2 24 22 26 11 25 20 19 1 17 13 21 12 31 15 18 6 8 9 
0 7 23 27 4 16 5 10 14 30 29 15 31 12 21 13 17 24 19 3 28 20 26 22 11 2 25 1 18 6 8 9 
0 7 23 27 4 18 28 25 2 24 22 26 11 20 3 19 1 17 13 16 5 10 14 30 29 15 31 12 21 6 8 9 
0 7 23 27 4 18 28 25 2 24 22 19 3 20 11 26 1 17 13 16 5 10 14 30 29 15 31 12 21 6 8 9 
0 7 23 27 4 18 28 25 2 24 22 26 11 20 3 19 1 17 13 16 5 10 14 30 29 15 31 12 21 6 8 9 
0 7 23 27 4 16 5 10 14 30 29 15 31 12 21 13 17 1 19 3 28 25 2 24 22 26 18 20 11 6 8 9 
0 7 23 27 4 16 5 10 14 30 29 15 31 12 21 13 19 1 17 3 20 11 26 22 24 2 25 28 18 6 8 9 
0 7 23 27 4 18 28 25 2 24 22 26 11 20 3 19 1 17 13 16 5 10 14 30 29 15 31 12 21 6 8 9 
0 7 23 27 4 18 28 25 2 24 22 26 11 20 3 19 1 17 13 16 5 10 14 30 29 15 31 12 21 6 8 9 
0 7 23 27 4 16 5 10 14 30 29 15 31 12 21 13 17 1 8 19 24 20 26 3 22 2 11 25 28 18 6 9 
0 7 23 27 4 16 5 10 14 30 29 15 31 12 21 13 17 1 19 3 20 11 25 22 24 2 26 28 18 6 8 9 
0 7 23 27 4 16 5 10 14 30 29 26 11 20 3 19 1 17 13 21 12 31 15 22 24 2 25 28 18 6 8 9 
0 7 23 27 18 28 25 2 24 6 12 31 15 29 30 14 10 5 16 4 21 13 17 1 19 3 20 11 26 22 8 9 
0 7 23 27 4 16 5 10 14 30 29 15 31 12 21 6 24 1 19 3 8 13 18 28 25 2 17 22 26 11 20 9 
0 7 29 30 14 10 24 2 25 28 18 27 4 16 5 22 26 11 20 23 15 31 12 21 13 17 1 19 3 6 8 9 
0 7 23 27 4 16 5 10 14 30 29 21 31 12 15 8 17 1 19 3 20 11 26 22 13 2 25 28 18 6 24 9 
0 7 23 27 4 16 5 10 14 30 29 21 31 12 15 8 17 1 19 3 20 11 26 22 13 2 25 28 18 6 24 9 
0 7 23 27 4 16 5 10 14 30 29 15 31 11 20 3 19 1 17 13 21 12 26 22 24 2 25 28 18 6 8 9 
0 7 23 27 11 20 3 19 1 17 13 21 12 31 15 29 30 14 10 5 16 4 26 22 24 2 25 28 18 6 8 9 
0 7 23 27 4 16 5 10 14 30 22 26 11 20 3 19 1 17 13 21 12 31 15 29 24 2 25 28 18 6 8 9 
0 7 23 27 4 16 5 10 14 30 29 15 31 12 21 13 17 1 19 3 20 11 28 22 24 2 25 26 18 6 8 9 
0 7 23 27 4 16 5 10 14 30 29 15 31 12 21 13 17 1 19 3 20 11 28 22 24 2 25 26 18 6 8 9 
0 7 23 27 4 16 5 10 14 30 29 15 31 12 21 13 17 1 18 26 28 25 2 24 19 22 11 20 3 6 8 9 
0 7 23 27 4 26 11 20 3 19 1 17 13 21 12 31 15 29 30 14 10 5 16 22 24 2 25 28 18 6 8 9 
0 7 23 27 4 18 28 25 2 24 22 26 11 20 3 19 1 31 15 29 30 14 10 5 16 13 17 12 21 6 8 9 
0 7 23 27 4 16 5 10 14 28 18 19 1 17 13 21 12 31 15 29 30 25 2 24 22 26 11 20 3 6 8 9 
0 7 23 27 18 28 26 2 24 22 25 11 20 3 19 1 17 13 21 4 16 5 10 14 30 29 15 31 12 8 6 9 
0 7 23 27 18 28 26 2 24 22 25 11 20 3 19 1 17 13 21 4 16 5 10 14 30 29 15 31 12 8 6 9 
0 7 23 27 18 28 26 2 24 22 25 11 20 3 19 1 17 13 21 4 16 5 10 14 30 29 15 31 12 8 6 9 
0 7 23 27 4 16 18 28 25 2 24 22 26 11 20 3 19 1 17 5 10 14 30 29 15 31 12 21 13 6 8 9 
0 7 23 27 4 18 28 25 2 24 22 26 11 20 3 19 1 17 13 16 5 10 14 30 29 15 31 12 21 6 8 9 
0 7 23 27 4 18 28 25 11 26 22 24 2 20 3 19 1 17 13 16 5 10 14 30 29 15 31 12 21 6 8 9 
0 7 23 27 4 18 28 25 2 24 22 26 11 20 3 19 1 17 13 16 5 10 14 30 29 15 31 12 21 6 8 9 
0 7 23 27 4 18 28 25 2 24 22 26 11 20 3 19 1 17 13 16 5 10 14 30 29 15 31 12 21 6 8 9 
0 7 23 27 4 18 28 25 2 24 22 26 11 20 3 19 1 17 13 16 5 10 14 30 29 15 31 12 21 6 8 9 
0 7 23 27 4 18 28 25 2 24 22 26 11 20 3 19 1 17 13 16 5 10 14 30 29 15 31 12 21 6 8 9 
0 7 23 27 4 18 28 25 2 24 22 26 11 20 3 19 1 17 13 16 5 10 14 30 29 15 31 12 21 6 8 9 
0 7 23 27 4 18 28 25 2 24 22 26 11 20 3 19 1 17 13 16 5 10 14 30 29 15 31 12 21 6 8 9 
0 7 23 27 4 16 5 10 14 30 29 15 31 2 24 22 26 11 20 3 19 1 17 13 21 12 25 28 18 6 8 9 
0 7 23 27 4 16 5 10 14 30 29 15 31 12 21 13 17 1 11 3 22 19 26 20 24 2 25 28 18 6 8 9 
0 7 23 27 4 18 28 25 2 24 22 26 11 20 3 19 1 17 13 16 5 10 14 30 29 15 31 12 21 6 8 9 
0 7 23 27 4 18 28 25 2 24 22 26 11 20 3 19 1 17 13 16 5 10 14 30 29 15 31 12 21 6 8 9 
0 7 23 27 4 16 5 10 14 30 29 15 31 12 21 13 17 1 19 18 28 25 26 22 24 2 11 20 3 6 8 9 
0 7 23 27 4 16 5 10 14 30 29 15 31 12 21 13 17 1 19 18 28 25 26 22 24 2 11 20 3 6 8 9 
0 7 23 27 4 16 5 10 22 26 11 20 3 19 1 17 13 21 12 31 15 29 30 14 24 2 25 28 18 6 8 9 
0 7 23 27 4 16 5 10 22 26 11 20 3 19 1 17 13 21 12 31 15 29 30 14 24 2 25 28 18 6 8 9 
0 7 23 27 4 16 5 10 22 26 11 20 3 19 1 17 13 21 12 31 15 29 30 14 24 2 25 28 18 6 8 9 
0 7 23 27 4 16 5 10 22 26 11 20 3 19 1 17 13 21 12 31 15 29 30 14 24 2 25 28 18 6 8 9 
0 7 23 27 4 18 28 25 2 24 22 26 11 20 3 19 1 17 13 16 5 10 14 30 29 15 31 12 21 6 8 9 
0 7 23 27 4 16 5 10 14 30 29 15 31 12 21 22 24 2 25 28 18 19 1 17 13 26 11 20 3 6 8 9 
0 7 23 27 4 16 5 10 14 30 29 15 31 12 21 22 24 2 25 28 18 19 1 17 13 26 11 20 3 6 8 9 
0 7 23 27 4 16 5 10 14 30 29 15 31 12 21 13 17 28 19 18 1 25 2 24 22 26 11 20 3 6 8 9 
0 7 23 27 4 16 5 10 14 30 29 15 31 12 21 13 17 28 19 18 1 25 2 24 22 26 11 20 3 6 8 9 
0 7 23 27 4 16 5 10 14 30 29 15 31 12 21 13 17 25 2 24 22 26 11 20 3 19 1 28 18 6 8 9 
0 7 23 27 4 18 28 25 2 24 22 26 11 20 3 19 1 17 13 16 5 10 14 30 29 15 31 12 21 6 8 9 
0 7 23 27 4 16 5 10 14 30 29 15 31 12 21 13 17 11 26 20 3 24 19 2 1 22 25 28 18 6 8 9 
0 7 15 29 30 14 10 5 16 4 6 27 23 8 19 3 24 2 25 31 12 21 13 17 1 28 22 26 11 20 18 9 
0 7 23 27 4 18 28 25 2 26 22 24 11 20 3 19 1 17 13 16 5 10 14 30 29 15 31 12 21 6 8 9 
0 7 23 27 4 16 5 10 14 30 29 15 3 17 21 13 12 1 19 31 20 11 26 22 2 24 25 28 18 6 8 9 
0 7 23 27 4 16 5 10 14 30 29 15 31 12 21 13 17 1 19 18 28 26 22 24 2 25 11 20 3 6 8 9 
0 7 23 27 4 16 5 10 14 28 25 2 24 22 26 11 20 3 19 1 17 13 21 12 31 15 29 30 18 6 8 9 
0 7 23 27 4 16 5 10 14 28 25 2 24 22 26 11 20 3 19 1 17 13 21 12 31 15 29 30 18 6 8 9 
0 7 23 27 4 16 5 10 14 30 29 21 31 12 15 24 22 26 11 20 3 19 1 17 13 2 25 28 18 6 8 9 
0 7 23 27 4 16 5 10 14 21 29 22 20 12 19 13 17 1 30 3 31 11 26 15 24 2 25 28 18 6 8 9 
0 7 23 27 4 16 5 10 14 21 29 22 20 12 19 13 17 1 30 3 31 11 26 15 24 2 25 28 18 6 8 9 
0 7 23 27 4 16 5 10 14 21 29 22 20 12 19 13 17 1 30 3 31 11 26 15 24 2 25 28 18 6 8 9 
0 7 23 27 4 16 5 10 14 21 29 22 20 12 19 13 17 1 30 3 31 11 26 15 24 2 25 28 18 6 8 9 
0 7 23 27 4 16 5 10 14 21 29 22 20 12 19 13 17 1 30 3 31 11 26 15 24 2 25 28 18 6 8 9 
0 7 23 27 4 18 28 25 2 24 22 26 11 20 3 19 1 17 13 16 5 10 14 30 29 15 31 12 21 6 8 9 
0 7 23 27 4 16 5 10 14 30 21 15 31 8 29 13 17 1 12 19 3 20 11 26 22 24 2 25 28 18 6 9 
0 7 23 27 4 18 28 25 2 24 22 26 11 20 3 19 1 17 13 16 5 10 14 30 29 15 31 12 21 6 8 9 
0 7 23 27 4 16 5 30 14 1 29 15 21 3 31 13 17 10 19 12 20 11 26 22 24 2 25 28 18 6 8 9 
0 7 23 27 4 16 5 30 14 1 29 15 21 3 31 13 17 10 19 12 20 11 26 22 24 2 25 28 18 6 8 9 
0 7 23 27 4 16 5 10 14 11 20 3 19 1 17 13 21 12 31 15 29 30 26 22 24 2 25 28 18 6 8 9 
0 7 23 27 4 16 5 10 14 30 29 15 26 12 21 13 17 1 3 20 22 11 31 19 24 2 25 28 18 6 8 9 
0 7 23 27 4 16 5 10 14 30 29 15 26 12 21 13 17 1 3 20 22 11 31 19 24 2 25 28 18 6 8 9 
0 7 23 27 4 16 5 10 14 30 29 15 26 12 21 13 17 1 3 20 22 11 31 19 24 2 25 28 18 6 8 9 
0 7 23 27 4 16 5 10 14 30 29 15 26 12 21 13 17 1 3 20 22 11 31 19 24 2 25 28 18 6 8 9 
0 7 23 27 4 16 5 10 14 30 29 15 31 12 21 13 17 1 2 3 25 11 26 22 24 19 20 28 18 6 8 9 
0 7 23 27 4 18 28 25 2 24 22 26 11 20 3 19 1 17 13 16 5 10 14 30 29 21 6 12 31 15 8 9 
0 7 23 27 4 18 28 25 2 24 22 26 11 20 3 19 1 17 13 16 5 10 14 30 29 21 6 12 31 15 8 9 
0 7 23 27 4 16 5 10 14 22 24 2 25 28 18 19 1 17 13 21 12 31 15 29 30 26 11 20 3 6 8 9 
0 7 23 27 4 16 5 10 14 22 24 2 25 28 18 19 1 17 13 21 12 31 15 29 30 26 11 20 3 6 8 9 
0 7 23 27 4 16 5 10 14 22 24 2 25 28 18 19 1 17 13 21 12 31 15 29 30 26 11 20 3 6 8 9 
0 7 23 27 2 16 5 10 14 30 29 15 21 12 31 13 17 1 19 4 28 25 18 24 22 26 11 20 3 6 8 9 
0 7 23 27 2 16 5 10 14 30 29 15 21 12 31 13 17 1 19 4 28 25 18 24 22 26 11 20 3 6 8 9 
0 7 23 27 2 16 5 10 14 30 29 15 21 12 31 13 17 1 19 4 28 25 18 24 22 26 11 20 3 6 8 9 
0 7 23 27 4 16 5 10 14 30 29 15 31 28 25 2 24 22 26 11 20 3 19 1 17 13 21 12 18 6 8 9 
0 7 23 27 4 16 5 10 14 30 29 15 31 12 21 13 17 1 19 28 20 11 3 2 24 22 25 26 18 6 8 9 
0 7 23 27 4 16 5 10 14 30 29 15 31 12 21 13 17 1 19 28 20 11 3 2 24 22 25 26 18 6 8 9 
0 7 23 27 4 16 5 10 14 30 29 15 31 12 21 13 17 1 19 28 20 11 3 2 24 22 25 26 18 6 8 9 
0 7 23 27 4 16 5 10 14 30 29 15 31 12 21 13 17 1 19 28 20 11 3 2 24 22 25 26 18 6 8 9 
0 7 23 27 4 16 5 10 14 30 17 15 31 12 21 13 29 1 19 18 28 25 2 24 22 26 11 20 3 6 8 9 
0 7 23 27 4 16 5 10 14 30 29 15 31 12 21 13 17 1 19 3 20 11 28 22 24 2 25 26 18 6 8 9 
0 7 23 27 4 18 28 25 2 24 22 26 11 20 3 19 1 17 13 16 5 10 14 30 29 15 31 12 21 6 8 9 
0 7 23 27 4 18 28 25 2 24 22 26 11 20 3 19 1 17 13 16 5 10 14 30 29 15 31 12 21 6 8 9 
0 7 23 27 4 18 28 25 2 31 15 29 30 14 10 5 16 13 17 1 19 3 20 11 26 22 24 12 21 6 8 9 
0 7 23 27 4 16 5 10 14 30 29 15 31 12 21 13 17 1 20 19 3 11 26 22 24 2 25 6 18 28 8 9 
0 7 23 27 4 16 5 10 14 30 29 15 31 12 21 13 17 1 19 22 3 20 24 26 11 2 25 6 18 28 8 9 
0 7 23 27 4 16 13 10 14 30 29 15 5 12 21 31 17 1 19 3 20 11 26 22 24 2 25 28 18 6 8 9 
0 7 23 27 19 16 2 10 14 30 29 15 31 12 21 13 17 1 4 3 26 11 20 22 24 5 25 28 18 6 8 9 
0 7 23 27 19 16 2 10 14 30 29 15 31 12 21 13 17 1 4 3 26 11 20 22 24 5 25 28 18 6 8 9 
0 7 23 27 19 16 2 10 14 30 29 15 31 12 21 13 17 1 4 3 26 11 20 22 24 5 25 28 18 6 8 9 
0 7 23 27 4 16 13 10 14 30 29 15 5 12 21 31 17 1 19 3 20 11 26 22 24 2 25 28 18 6 8 9 
0 7 23 27 4 18 28 25 2 24 22 26 11 20 3 19 1 17 13 16 5 10 14 30 29 15 31 12 21 6 8 9 
0 7 23 27 4 18 28 25 2 24 22 26 11 20 3 19 1 17 13 16 5 10 14 30 29 15 31 12 21 6 8 9 
0 7 23 27 4 16 5 10 14 30 29 15 31 12 21 13 17 1 19 3 20 11 26 22 24 2 6 18 28 25 8 9 
0 7 23 27 4 18 28 25 2 24 22 26 11 20 3 19 1 17 13 16 5 10 14 30 29 15 31 12 21 6 8 9 
0 7 23 27 4 18 28 25 2 24 22 26 11 20 5 16 1 17 13 15 3 19 14 8 29 10 31 12 6 21 30 9 
0 7 23 27 4 18 28 25 2 24 22 26 11 20 5 16 1 17 13 15 3 19 14 8 29 10 31 12 6 21 30 9 
0 7 23 27 4 16 5 10 14 30 29 15 31 11 26 22 24 2 25 28 18 19 1 17 13 21 12 20 3 6 8 9 
0 7 23 27 4 16 5 10 14 30 29 25 2 24 22 26 11 20 3 19 1 17 13 21 12 31 15 28 18 6 8 9 
0 7 23 27 4 18 28 25 2 24 22 26 11 20 3 19 1 17 13 16 5 10 14 30 29 15 31 12 21 6 8 9 
0 7 23 27 4 18 28 25 2 24 22 26 11 20 3 21 12 31 15 29 30 14 10 5 16 13 17 1 19 6 8 9 
0 7 23 27 4 16 5 10 14 30 22 24 2 25 28 18 19 1 17 13 21 12 31 15 29 26 11 20 3 6 8 9 
0 7 23 21 15 4 5 10 14 30 29 16 31 12 27 13 17 1 19 3 20 11 26 22 24 2 25 28 18 6 8 9 
0 7 23 27 4 16 5 10 14 26 11 20 3 19 1 17 13 21 12 31 15 29 30 22 24 2 25 28 18 6 8 9 
0 7 23 27 4 18 28 25 2 24 22 26 11 20 3 19 1 17 13 16 5 10 14 30 29 15 31 12 21 6 8 9 
0 7 23 27 2 24 22 26 11 20 3 19 1 17 13 21 12 31 15 4 16 5 10 14 30 29 25 28 18 6 8 9 
0 7 23 27 4 16 5 10 15 30 17 14 31 12 21 13 29 1 19 3 20 11 26 22 24 2 25 28 18 6 8 9 
0 7 23 27 4 16 5 10 15 30 17 14 31 12 21 13 29 1 19 3 20 11 26 22 24 2 25 28 18 6 8 9 
0 7 23 27 4 16 5 10 14 30 29 15 31 12 21 13 17 1 19 8 3 20 11 25 2 24 22 26 28 18 6 9 
0 7 23 27 4 2 28 25 18 24 22 26 20 11 3 19 1 17 13 16 5 10 14 30 29 15 31 12 21 6 8 9 
0 7 23 27 4 18 28 25 2 24 22 26 11 20 3 19 1 17 13 16 5 10 14 30 29 15 31 12 21 6 8 9 
0 7 23 27 4 16 5 10 14 30 29 15 31 12 21 13 17 1 19 3 20 11 26 24 2 18 25 28 22 6 8 9 
0 7 23 27 4 18 28 25 2 24 22 26 11 20 3 19 1 17 13 16 10 5 14 30 29 15 31 12 21 6 8 9 
0 7 23 27 4 16 5 10 14 30 29 15 31 12 21 13 17 1 19 3 20 26 25 22 24 2 11 28 18 6 8 9 
0 18 4 27 23 7 28 25 2 24 22 26 11 20 3 19 1 17 13 16 5 10 14 30 29 15 31 12 21 6 8 9 
0 7 23 27 4 1 5 10 14 30 29 15 31 12 19 13 17 16 21 8 6 18 28 25 2 24 22 26 11 20 3 9 
0 7 23 27 4 16 5 10 14 30 29 15 31 12 21 13 17 1 19 3 20 11 26 18 22 2 25 28 24 6 8 9 
0 7 23 27 4 16 5 10 14 30 29 15 31 12 22 24 2 25 28 18 19 1 17 13 21 26 11 20 3 6 8 9 
0 7 23 27 4 16 5 11 26 22 24 2 25 28 18 6 19 1 17 13 21 12 31 15 29 30 14 10 20 3 8 9 
0 2 24 22 26 11 20 3 15 1 17 13 21 12 31 19 29 30 14 10 5 16 4 27 23 7 25 28 18 6 8 9 
0 7 12 30 4 16 27 5 14 29 31 15 10 23 21 13 17 1 19 25 2 24 22 26 11 20 3 28 18 6 8 9 
0 7 23 21 4 16 5 10 14 27 29 15 31 12 30 13 17 1 19 3 20 11 26 22 24 2 25 28 18 6 8 9 
0 7 12 30 4 16 27 5 14 29 31 15 10 23 21 13 17 1 19 25 2 24 22 26 11 20 3 28 18 6 8 9 
0 7 12 30 4 16 27 5 14 29 31 15 10 23 21 13 17 1 19 25 2 24 22 26 11 20 3 28 18 6 8 9 
0 7 23 27 4 16 5 10 14 30 29 15 31 12 21 13 17 1 19 18 28 22 25 24 26 2 11 20 3 6 8 9 
0 7 23 27 4 16 5 10 14 21 29 15 31 12 30 13 17 1 19 18 28 25 2 24 22 26 11 20 3 6 8 9 
0 7 23 27 4 16 5 10 14 30 19 15 31 12 21 13 17 29 1 6 24 28 25 2 18 22 26 11 20 3 8 9 
0 7 23 27 4 16 5 10 14 30 19 15 31 12 21 13 17 29 1 6 24 28 25 2 18 22 26 11 20 3 8 9 
0 7 23 27 4 16 5 10 14 30 29 15 31 12 21 13 17 1 19 3 20 11 26 2 24 22 25 18 28 6 8 9 
0 7 23 27 4 16 5 10 14 30 17 15 31 12 21 13 29 1 19 3 20 11 26 22 24 2 25 28 18 6 8 9 
0 7 23 27 4 16 11 26 22 24 2 25 28 18 19 1 17 13 21 12 31 15 29 30 14 10 5 20 3 6 8 9 
0 7 23 27 4 18 28 25 2 24 22 26 11 20 3 19 1 17 13 16 21 12 31 15 29 30 14 10 5 6 8 9 
0 7 23 19 4 16 20 17 14 30 29 15 31 12 21 13 10 1 22 3 5 11 26 27 24 2 25 28 18 6 8 9 
0 7 23 27 4 16 5 10 14 30 18 15 31 12 21 13 17 1 19 29 28 25 2 24 22 26 11 20 3 6 8 9 
0 7 2 25 28 18 19 1 17 13 21 12 31 15 29 30 14 10 5 16 4 27 23 24 22 26 11 20 3 6 8 9 
0 7 23 27 4 16 5 10 14 30 29 15 31 12 21 13 17 11 19 24 18 26 1 20 3 2 25 28 22 6 8 9 
0 7 23 27 4 16 5 10 14 30 29 15 31 12 21 13 17 11 19 24 18 26 1 20 3 2 25 28 22 6 8 9 
0 7 23 27 4 16 5 10 14 30 29 15 31 12 21 13 17 11 19 24 18 26 1 20 3 2 25 28 22 6 8 9 
0 7 23 27 4 16 5 10 14 17 13 21 12 31 15 29 30 1 19 3 20 11 26 22 24 2 25 28 18 6 8 9 
0 7 23 27 4 16 5 10 14 11 20 3 19 1 17 13 21 12 31 15 29 30 26 22 24 2 25 28 18 6 8 9 
0 7 23 27 4 16 5 10 14 11 20 3 19 1 17 13 21 12 31 15 29 30 26 22 24 2 25 28 18 6 8 9 
0 7 23 27 4 16 5 10 14 30 29 15 31 12 21 13 17 1 19 3 2 11 20 22 24 18 25 28 26 6 8 9 
0 7 23 27 13 21 12 31 15 29 30 14 10 5 16 4 17 1 28 18 19 25 2 24 22 26 11 20 3 6 8 9 
0 7 23 27 13 21 12 31 15 29 30 14 10 5 16 4 17 1 28 18 19 25 2 24 22 26 11 20 3 6 8 9 
0 7 23 27 13 21 12 31 15 29 30 14 10 5 16 4 17 1 28 18 19 25 2 24 22 26 11 20 3 6 8 9 
0 7 23 27 4 16 5 10 14 30 29 15 31 12 21 13 17 2 19 3 20 11 26 22 24 1 25 28 18 6 8 9 
0 7 23 27 4 16 5 10 14 30 29 21 12 31 15 13 17 1 19 18 28 25 2 24 3 8 6 9 20 22 11 26 
0 7 23 27 4 18 28 25 2 24 22 26 11 20 3 19 1 17 13 16 5 10 14 30 29 15 31 12 21 6 8 9 
0 7 23 27 4 16 5 10 14 30 29 15 31 12 21 13 17 1 19 3 20 11 26 22 24 2 6 8 25 18 28 9 
0 7 23 27 4 16 5 10 14 30 29 15 31 12 26 11 20 3 19 1 17 13 21 22 24 2 25 28 18 6 8 9 
0 7 23 27 4 18 28 25 22 3 2 26 11 20 24 19 1 17 13 16 5 10 14 30 29 15 31 12 21 6 8 9 
0 7 23 27 4 16 5 10 14 30 29 15 31 12 21 13 17 1 19 18 28 25 22 3 2 26 11 20 24 6 8 9 
0 7 23 27 4 16 5 10 14 30 29 15 31 12 21 13 17 1 19 18 28 25 22 3 2 26 11 20 24 6 8 9 
0 7 23 27 4 16 5 10 14 30 29 15 31 12 21 13 17 1 19 3 20 11 24 28 26 22 25 2 18 6 8 9 
0 7 23 27 4 18 28 25 2 24 22 26 11 20 3 14 1 17 13 16 5 10 19 30 29 15 31 12 21 6 8 9 
0 7 23 27 4 18 28 25 2 24 22 26 11 20 3 19 1 17 13 16 5 10 14 30 29 15 31 12 21 6 8 9 
0 7 23 27 4 18 28 25 2 24 22 26 11 20 3 19 1 17 13 16 5 10 14 30 29 15 31 12 21 6 8 9 
0 7 23 27 4 16 5 10 14 30 29 15 31 12 21 13 17 1 19 3 20 11 22 26 24 6 25 28 18 2 8 9 
0 7 23 27 4 18 28 25 2 24 22 26 11 20 3 19 1 17 13 16 5 10 14 30 29 15 31 12 21 6 8 9 
0 7 23 27 4 18 28 25 2 24 22 26 11 20 3 19 1 17 13 16 5 10 14 30 29 15 31 12 21 6 8 9 
0 7 23 27 4 18 28 25 2 24 22 26 11 20 3 19 1 17 13 16 5 10 14 30 29 15 31 12 21 6 8 9 
0 7 23 27 4 16 5 10 14 30 29 15 20 11 26 22 24 2 25 31 12 21 13 17 1 19 3 28 18 6 8 9 
0 7 23 27 4 18 28 25 2 24 22 26 11 20 3 19 1 17 13 16 5 8 6 21 12 31 15 29 30 14 10 9 
0 7 23 27 4 18 28 25 2 24 22 26 11 20 3 19 1 17 13 16 5 10 14 30 29 15 31 12 21 6 8 9 
0 7 23 27 4 16 5 10 14 30 29 15 26 11 20 3 19 1 17 13 21 12 31 22 24 2 25 28 18 6 8 9 
0 7 23 27 4 16 5 10 14 30 29 15 31 12 21 22 26 11 20 3 19 1 17 13 24 2 25 28 18 6 8 9 
0 7 23 27 4 18 28 25 2 24 22 26 11 20 3 19 1 17 13 16 5 29 14 30 10 15 31 12 21 6 8 9 
0 19 3 20 11 26 22 24 2 25 28 18 4 27 23 7 1 17 13 16 5 10 14 30 29 15 31 12 21 6 8 9 
0 19 3 20 11 26 22 24 2 25 28 18 4 27 23 7 1 17 13 16 5 10 14 30 29 15 31 12 21 6 8 9 
0 7 26 11 20 3 19 1 17 13 21 12 31 15 29 30 14 10 5 16 4 27 23 22 24 2 25 28 18 6 8 9 
0 7 23 27 4 16 5 10 14 30 29 15 31 12 21 13 17 1 19 18 28 11 2 24 22 26 25 20 3 6 8 9 
0 7 23 27 4 16 5 10 14 30 20 3 19 1 17 13 21 12 31 15 29 11 26 22 24 2 25 28 18 6 8 9 
0 7 23 27 4 16 5 10 14 30 20 3 19 1 17 13 21 12 31 15 29 11 26 22 24 2 25 28 18 6 8 9 
0 7 23 27 4 16 5 10 14 30 29 15 31 12 19 13 21 20 1 3 17 11 26 22 24 2 25 28 18 6 8 9 
0 7 23 27 4 16 5 10 14 30 29 15 31 12 19 13 21 20 1 3 17 11 26 22 24 2 25 28 18 6 8 9 
0 7 23 27 4 18 28 25 2 24 22 26 11 20 3 19 1 17 13 16 5 10 14 21 12 31 15 29 30 6 8 9 
0 7 23 27 12 16 5 4 14 30 29 13 31 19 21 15 17 1 10 2 28 25 18 24 22 26 11 20 3 6 8 9 
0 7 23 27 12 16 5 4 14 30 29 13 31 19 21 15 17 1 10 2 28 25 18 24 22 26 11 20 3 6 8 9 
0 7 23 27 12 16 5 4 14 30 29 13 31 19 21 15 17 1 10 2 28 25 18 24 22 26 11 20 3 6 8 9 
0 7 23 27 4 16 5 10 14 30 29 15 31 12 21 13 17 1 19 25 3 20 11 26 22 24 6 18 28 2 8 9 
0 7 23 27 4 18 28 25 2 24 22 26 11 20 3 19 1 17 13 16 5 10 14 30 29 15 31 12 21 6 8 9 
0 7 23 27 4 16 5 10 14 30 29 15 31 12 20 13 17 1 19 3 21 11 26 22 24 2 25 28 18 6 8 9 
0 7 23 27 4 16 5 10 14 30 29 15 31 12 20 13 17 1 19 3 21 11 26 22 24 2 25 28 18 6 8 9 
0 7 23 27 4 16 5 10 14 30 29 15 31 12 21 13 17 1 22 20 3 11 19 2 24 26 25 28 18 6 8 9 
0 7 23 27 4 16 5 10 14 30 29 1 17 13 21 12 31 15 22 19 3 20 11 26 24 2 25 28 18 6 8 9 
0 7 23 27 4 16 5 10 14 30 29 15 31 12 21 13 17 1 19 3 20 11 24 25 2 26 22 28 18 6 8 9 
0 7 23 27 4 18 28 25 2 24 22 26 11 20 3 19 1 17 13 16 5 10 14 30 29 15 31 12 21 6 8 9 
0 7 23 27 4 16 5 10 14 30 29 15 31 12 21 13 17 1 19 11 20 28 26 22 24 2 3 18 25 6 8 9 
0 7 23 27 4 16 5 10 14 30 29 21 31 12 13 15 17 1 19 3 20 11 26 22 24 2 25 28 18 6 8 9 
0 7 23 27 4 16 5 11 26 22 24 2 25 28 18 19 1 17 13 21 12 31 15 29 30 14 10 20 3 6 8 9 
0 7 23 27 4 16 5 11 26 22 24 2 25 28 18 19 1 17 13 21 12 31 15 29 30 14 10 20 3 6 8 9 
0 7 23 27 4 16 5 11 26 22 24 2 25 28 18 19 1 17 13 21 12 31 15 29 30 14 10 20 3 6 8 9 
0 7 23 27 4 16 5 10 14 30 29 15 31 12 28 18 19 1 17 13 21 25 2 24 22 26 11 20 3 6 8 9 
0 7 23 27 4 16 5 10 14 30 29 15 31 12 28 18 19 1 17 13 21 25 2 24 22 26 11 20 3 6 8 9 
0 7 23 27 4 18 28 25 2 21 12 31 15 29 30 14 10 16 5 13 17 1 19 3 20 11 26 22 24 6 8 9 
0 7 23 27 4 16 5 10 14 30 29 15 31 12 22 13 17 1 2 3 20 26 11 21 19 24 25 28 18 6 8 9 
0 7 23 27 4 16 5 29 14 10 30 13 31 12 26 1 17 20 19 3 15 11 21 22 24 2 25 28 18 6 8 9 
0 7 23 27 4 16 5 10 14 30 29 24 22 26 11 20 3 19 1 17 13 21 12 31 15 2 25 28 18 6 8 9 
0 7 23 27 4 16 5 10 14 12 29 15 31 30 1 13 19 21 17 3 20 11 26 22 24 2 25 28 18 6 8 9 
0 7 23 27 4 16 5 10 14 12 29 15 31 30 1 13 19 21 17 3 20 11 26 22 24 2 25 28 18 6 8 9 
0 7 23 27 4 16 11 20 3 19 1 17 13 21 12 31 15 29 30 14 10 5 26 22 24 2 25 28 18 6 8 9 
0 7 23 27 4 16 5 10 14 30 29 15 31 12 21 11 17 1 19 3 13 20 26 24 22 2 25 28 18 6 8 9 
0 7 23 27 4 16 5 10 29 15 14 30 31 22 26 11 20 3 19 18 28 25 2 24 1 17 13 21 12 6 8 9 
0 7 23 27 4 16 5 10 29 15 14 30 31 22 26 11 20 3 19 18 28 25 2 24 1 17 13 21 12 6 8 9 
0 7 23 27 4 16 5 13 14 12 29 15 31 30 10 21 17 1 19 18 28 25 2 24 22 26 3 20 11 6 8 9 
0 7 23 27 4 16 5 13 14 12 29 15 31 30 10 21 17 1 19 18 28 25 2 24 22 26 3 20 11 6 8 9 
0 7 23 27 4 16 5 10 14 30 29 15 31 22 26 11 20 3 19 1 17 13 21 12 24 2 25 28 18 6 8 9 
0 7 23 27 4 16 5 2 31 1 29 30 15 10 19 21 17 14 13 3 20 24 26 22 11 12 25 28 18 6 8 9 
0 7 23 27 4 16 5 10 25 30 29 15 31 1 21 13 17 12 19 18 28 14 2 24 22 26 11 20 3 6 8 9 
0 7 23 27 4 18 28 25 2 24 22 26 11 20 3 19 1 17 13 16 5 10 14 30 29 15 31 6 12 21 8 9 
0 7 23 10 5 16 13 17 1 19 3 20 11 26 22 24 2 25 28 18 4 27 14 30 29 15 31 12 21 6 8 9 
0 7 23 27 4 16 5 10 14 30 29 15 31 12 1 13 17 21 19 3 20 2 26 22 24 11 25 28 18 6 8 9 
0 7 23 27 4 16 5 10 14 30 29 15 31 12 1 13 17 21 19 3 20 2 26 22 24 11 25 28 18 6 8 9 
0 7 23 27 4 16 5 10 14 30 29 15 31 12 1 13 17 21 19 3 20 2 26 22 24 11 25 28 18 6 8 9 
0 7 23 27 4 11 26 22 24 2 25 28 18 19 1 17 13 21 12 31 15 29 30 14 10 5 16 20 3 6 8 9 
0 7 23 27 4 16 5 10 14 30 29 15 31 12 6 3 20 11 26 28 25 2 24 22 19 1 17 13 21 18 8 9 
0 7 23 27 4 18 28 25 2 24 22 26 11 20 3 19 1 17 13 16 5 10 14 30 29 15 31 12 21 6 8 9 
0 7 23 27 4 16 5 10 14 30 29 15 31 12 22 24 2 25 28 21 13 17 1 19 3 20 11 26 18 6 8 9 
0 7 23 27 4 16 5 10 14 30 29 15 31 12 22 24 2 25 28 21 13 17 1 19 3 20 11 26 18 6 8 9 
0 7 23 27 4 18 28 25 2 24 22 26 11 20 3 19 1 17 13 16 5 10 14 30 29 15 31 12 21 6 8 9 
0 7 23 27 4 18 28 25 2 24 22 26 11 20 3 19 1 17 13 16 5 10 14 30 29 15 31 12 21 6 8 9 
0 7 23 27 4 16 5 10 14 30 29 15 31 22 26 11 20 3 19 1 17 13 21 12 24 2 25 28 18 6 8 9 
0 7 23 27 4 16 5 10 14 30 29 15 31 1 12 13 17 19 8 28 18 21 25 2 24 22 26 11 20 3 6 9 
0 7 23 27 4 11 20 3 22 24 26 25 28 18 19 1 17 13 21 12 31 15 29 30 14 10 5 16 2 6 8 9 
0 7 23 27 4 16 5 10 14 30 29 15 31 12 21 13 17 1 19 3 11 20 28 25 22 24 2 26 18 6 8 9 
0 7 23 27 4 16 5 10 14 30 29 15 31 12 21 13 17 1 19 11 20 3 22 24 26 25 28 18 2 6 8 9 
0 7 23 27 4 16 5 10 14 30 29 25 2 24 22 26 11 20 3 19 1 17 13 21 12 31 15 28 18 6 8 9 
0 7 23 27 4 18 28 25 2 26 22 24 11 20 3 19 1 17 13 16 5 10 14 30 29 15 31 12 21 6 8 9 
0 7 23 27 4 16 5 10 14 30 29 6 18 28 25 2 24 22 26 15 31 12 21 13 17 1 19 3 20 11 8 9 
0 7 23 27 4 18 28 25 2 24 22 26 11 20 3 19 1 17 13 16 5 10 14 30 29 15 31 12 21 6 8 9 
0 7 23 27 4 21 12 31 15 29 30 14 10 5 16 13 17 1 19 18 28 25 2 24 22 26 11 8 6 3 20 9 
0 7 23 27 4 18 28 25 2 24 22 26 11 20 3 19 1 17 13 16 5 10 14 30 29 15 31 12 21 6 8 9 
0 7 23 27 4 18 28 25 2 24 22 26 11 20 8 6 21 12 31 15 29 30 14 10 5 16 13 17 1 19 3 9 
0 7 23 27 4 18 28 25 2 24 22 26 11 20 3 19 1 17 13 16 5 10 14 30 29 15 31 12 21 6 8 9 
0 7 23 27 4 16 5 10 14 30 29 15 31 12 21 13 17 1 25 18 28 19 2 24 22 26 11 20 3 6 8 9 
0 7 23 27 4 18 28 25 2 24 22 26 11 20 3 19 1 17 13 16 5 10 14 30 29 15 31 12 21 6 8 9 
0 7 23 27 4 18 28 25 2 24 22 26 11 20 3 19 1 17 13 16 5 10 14 30 29 15 31 12 21 6 8 9 
0 7 23 27 4 16 5 10 14 30 29 15 31 12 21 25 28 18 19 1 17 13 2 24 22 26 11 20 3 6 8 9 
0 7 23 27 4 18 28 25 2 24 22 26 11 20 3 19 1 17 13 16 5 10 14 30 29 15 31 12 21 6 8 9 
0 7 23 27 4 16 5 10 14 30 29 15 31 12 21 13 18 28 25 2 24 22 26 11 20 3 19 1 17 6 8 9 
0 7 23 27 4 16 5 10 14 30 24 22 26 11 20 3 19 1 17 13 21 12 31 15 29 2 25 28 18 6 8 9 
0 7 23 27 4 18 28 25 2 24 22 26 11 20 3 19 1 17 13 16 5 10 14 30 21 12 31 15 29 6 8 9 
0 7 23 27 4 18 28 25 2 24 22 26 11 20 3 19 1 17 13 16 5 10 14 30 29 15 31 12 21 6 8 9 
0 7 23 27 4 16 5 10 30 14 29 15 1 12 21 13 17 31 19 18 28 25 2 24 22 26 11 20 3 6 8 9 
0 7 23 27 4 16 13 21 12 31 15 29 30 14 10 5 17 1 19 3 20 11 26 22 24 2 25 28 18 6 8 9 
0 7 23 27 4 18 28 25 2 24 22 26 11 20 3 19 1 17 13 16 5 31 10 30 29 15 14 12 21 6 8 9 
0 7 23 27 4 18 28 25 2 24 22 26 11 20 3 19 1 17 13 16 5 31 10 30 29 15 14 12 21 6 8 9 
0 7 23 27 4 18 28 25 2 24 22 26 11 20 3 19 1 17 13 16 5 31 10 30 29 15 14 12 21 6 8 9 
0 7 23 27 4 18 28 25 2 24 22 26 11 20 3 19 1 17 13 16 5 31 10 30 29 15 14 12 21 6 8 9 
0 7 23 27 4 16 5 10 14 30 18 15 31 12 21 13 17 1 19 29 28 25 2 24 22 26 11 20 3 6 8 9 
0 7 23 27 4 16 5 10 14 30 29 15 31 1 21 17 13 2 19 18 28 25 12 24 22 26 11 20 3 6 8 9 
0 7 23 27 4 16 5 10 14 30 29 15 31 12 22 26 11 20 3 19 1 17 13 21 24 2 25 28 18 6 8 9 
0 7 23 27 4 16 5 10 14 30 29 15 31 12 22 26 11 20 3 21 13 17 1 19 18 28 25 2 24 6 8 9 
0 7 23 27 4 16 5 10 14 30 29 15 31 12 22 13 17 1 19 21 20 3 26 11 24 2 25 28 18 6 8 9 
0 7 23 27 4 16 5 10 14 30 29 15 31 12 22 13 17 1 19 21 20 3 26 11 24 2 25 28 18 6 8 9 
0 7 23 27 4 16 5 10 14 30 29 15 31 12 22 13 17 1 19 21 20 3 26 11 24 2 25 28 18 6 8 9 
0 7 23 27 3 16 5 10 14 18 29 4 31 12 21 13 17 1 26 24 22 25 2 30 28 19 11 20 15 6 8 9 
0 7 23 27 3 16 5 10 14 18 29 4 31 12 21 13 17 1 26 24 22 25 2 30 28 19 11 20 15 6 8 9 
0 7 23 27 4 16 5 10 14 30 29 15 31 12 21 13 17 1 19 3 18 26 24 22 25 2 28 11 20 6 8 9 
0 7 23 27 4 16 5 10 14 30 29 13 31 12 21 15 17 1 19 3 20 11 26 22 24 2 25 28 18 6 8 9 
0 7 23 27 2 25 28 18 4 24 22 26 11 20 3 19 1 17 13 16 5 10 14 30 29 15 31 12 21 6 8 9 
0 7 23 27 4 16 5 10 14 30 29 13 31 12 21 15 17 1 19 3 20 11 26 22 24 2 25 28 18 6 8 9 
0 7 23 27 4 16 5 10 14 12 31 15 29 30 21 13 17 1 19 3 20 11 26 22 24 6 18 28 25 2 8 9 
0 7 23 27 4 16 11 20 3 19 1 17 13 21 12 31 15 29 30 14 10 5 26 22 24 2 25 28 18 6 8 9 
0 7 23 27 4 16 5 10 14 30 29 15 31 12 21 13 17 1 19 3 22 11 2 20 24 25 26 28 18 6 8 9 
0 7 23 27 4 26 11 20 3 19 1 17 13 21 12 31 15 29 30 14 10 5 16 22 24 2 25 28 18 6 8 9 
0 7 23 27 4 16 5 10 14 30 29 15 31 12 21 13 17 1 19 3 20 11 26 6 18 28 25 2 24 22 8 9 
0 7 23 27 4 18 28 25 19 12 22 26 11 20 3 2 1 17 13 21 24 31 15 29 30 14 10 5 16 6 8 9 
0 7 23 27 4 18 28 25 2 24 22 26 11 20 3 19 1 17 13 5 31 16 10 14 30 29 15 12 21 6 8 9 
0 7 23 27 4 16 5 10 14 22 26 11 20 3 19 1 17 13 21 12 31 15 29 30 24 2 25 28 18 6 8 9 
0 7 23 27 4 16 5 10 14 28 25 2 24 22 26 11 20 3 19 1 17 13 21 12 31 15 29 30 18 6 8 9 
0 7 23 27 4 18 28 25 2 24 22 26 11 20 3 19 1 17 13 16 5 10 14 30 29 15 31 12 21 6 8 9 
0 7 23 27 4 16 5 10 14 30 29 15 31 12 21 13 17 18 19 1 28 25 2 22 24 26 11 20 3 6 8 9 
0 7 23 27 4 16 5 10 14 30 29 15 31 12 21 28 6 1 19 8 18 17 13 25 3 20 11 26 22 24 2 9 
0 7 23 27 4 18 28 25 2 24 22 26 11 20 3 19 1 13 17 16 5 10 14 30 29 15 31 8 12 6 21 9 
0 7 23 27 4 18 28 25 2 24 22 26 11 20 3 19 1 13 17 16 5 10 14 30 29 15 31 8 12 6 21 9 
0 7 23 27 4 16 5 10 14 30 29 15 31 12 21 13 17 1 19 18 28 25 2 24 22 6 3 20 11 26 8 9 
0 7 23 27 4 16 5 10 14 30 29 15 31 12 21 13 17 1 19 18 28 25 2 24 22 6 3 20 11 26 8 9 
0 7 23 27 4 18 28 25 2 24 22 26 11 20 3 19 1 17 13 16 5 10 14 30 29 15 31 12 21 6 8 9 
0 7 23 27 4 18 28 25 2 24 22 26 11 20 3 19 1 17 13 16 5 10 14 30 29 15 31 12 21 6 8 9 
0 7 23 27 4 16 5 31 14 10 29 21 13 12 15 30 17 1 19 18 28 25 2 24 22 26 11 20 3 6 8 9 
0 7 23 27 4 16 5 10 14 25 28 18 19 1 17 13 21 12 31 15 29 30 2 24 22 26 11 20 3 6 8 9 
0 7 23 27 4 18 28 25 2 24 22 26 11 20 3 19 1 17 15 29 30 14 10 5 16 13 31 12 21 6 8 9 
0 7 23 27 4 16 5 10 14 30 29 15 31 12 21 13 22 26 11 20 3 19 1 17 24 2 25 6 18 28 8 9 
0 7 23 27 4 16 5 10 14 30 29 15 31 12 21 13 17 1 19 11 26 18 20 22 24 2 28 25 3 6 8 9 
0 7 23 27 4 16 5 10 14 30 29 15 31 12 21 13 17 1 19 3 20 11 26 22 24 2 6 18 28 25 8 9 
0 7 23 27 4 16 5 10 14 30 29 15 31 12 21 13 17 1 19 3 20 11 26 22 24 2 6 18 28 25 8 9 
0 7 23 27 4 18 28 25 2 24 22 26 11 20 3 19 1 17 13 16 5 10 14 30 29 15 31 12 21 6 8 9 
0 7 23 27 4 18 28 25 2 24 22 26 11 20 3 19 1 17 13 16 5 10 14 30 29 15 31 12 21 6 8 9 
0 10 23 3 4 16 5 7 14 19 29 15 31 27 21 13 17 1 30 12 20 11 26 22 24 2 25 28 18 6 8 9 
0 7 23 27 4 18 28 25 2 24 22 26 11 20 3 19 14 10 5 16 13 17 1 30 29 15 31 12 21 6 8 9 
0 7 23 27 4 16 22 24 2 25 28 18 19 1 17 13 21 12 31 15 29 30 14 10 5 26 11 20 3 6 8 9 
0 7 23 27 4 18 28 25 2 11 26 22 24 20 3 19 1 17 13 16 5 10 14 30 29 15 31 12 21 6 8 9 
0 7 23 27 4 16 5 10 14 30 29 15 31 12 21 13 17 1 19 18 28 25 2 24 22 6 3 20 11 26 8 9 
0 7 23 27 4 16 5 10 14 30 29 15 31 12 21 13 17 1 19 3 20 11 2 24 22 26 25 28 18 6 8 9 
0 7 23 27 4 16 5 10 14 30 29 15 2 24 22 26 11 20 3 19 1 17 13 21 12 31 25 28 18 6 8 9 
0 7 23 27 4 16 5 10 14 30 29 28 31 12 21 13 17 15 19 2 1 25 18 24 11 26 22 20 3 6 8 9 
0 7 23 27 4 16 5 10 14 30 29 15 31 12 21 13 22 1 19 3 26 11 20 17 24 2 25 28 18 6 8 9 
0 7 23 27 4 16 5 10 14 30 29 15 31 12 21 13 22 1 19 3 26 11 20 17 24 2 25 28 18 6 8 9 
0 7 23 27 4 18 28 25 2 24 22 26 11 20 3 19 1 5 13 16 17 10 14 30 29 15 31 12 21 6 8 9 
0 7 23 27 4 18 28 25 2 24 22 26 11 20 3 19 1 5 13 16 17 10 14 30 29 15 31 12 21 6 8 9 
0 7 23 27 4 16 5 10 2 25 28 18 19 1 17 13 21 12 31 15 29 30 14 24 22 26 11 20 3 6 8 9 
0 7 23 27 4 16 5 10 2 25 28 18 19 1 17 13 21 12 31 15 29 30 14 24 22 26 11 20 3 6 8 9 
0 7 23 27 4 16 5 10 14 30 29 15 28 12 21 13 17 1 19 3 20 11 26 22 24 2 25 31 18 6 8 9 
0 7 23 27 4 18 28 25 2 24 22 26 11 20 3 19 1 17 13 16 5 10 14 30 29 15 31 12 21 6 8 9 
0 7 23 27 4 18 28 25 2 24 22 26 11 20 3 19 1 17 13 16 5 10 14 30 29 15 31 12 21 6 8 9 
0 7 23 27 4 18 28 25 2 24 13 17 1 19 3 20 11 26 22 16 5 10 14 30 29 15 31 12 21 6 8 9 
0 7 23 27 4 16 5 10 14 30 29 15 18 19 1 17 13 21 12 31 28 25 2 24 22 26 11 20 3 6 8 9 
0 7 23 27 4 18 28 25 2 24 22 26 11 20 3 19 1 17 13 16 5 10 30 14 29 15 31 12 21 6 8 9 
0 7 23 27 4 16 5 10 14 30 29 15 31 8 6 18 28 25 2 12 21 13 17 1 19 24 22 26 11 20 3 9 
0 7 23 27 4 16 15 19 13 30 29 5 31 12 21 14 17 1 10 3 20 11 26 22 24 2 25 28 18 6 8 9 
0 17 13 21 12 5 15 29 30 14 31 10 16 24 22 26 11 20 3 19 1 7 23 27 4 2 25 28 18 6 8 9 
0 7 23 27 4 16 5 10 14 30 29 11 20 3 19 1 17 13 21 12 31 15 26 22 24 2 25 28 18 6 8 9 
0 7 23 27 4 18 28 25 2 24 22 26 11 20 3 19 1 17 13 16 5 10 14 30 29 15 31 12 21 6 8 9 
0 7 23 27 4 16 5 10 14 30 29 15 31 12 21 13 17 1 19 3 20 11 28 25 2 24 22 26 18 6 8 9 
0 7 23 27 4 16 5 10 14 30 29 15 31 12 21 13 17 1 19 3 20 11 28 25 2 24 22 26 18 6 8 9 
0 7 23 27 4 16 5 10 14 30 29 15 31 12 21 13 17 1 19 3 20 11 28 25 2 24 22 26 18 6 8 9 
0 7 23 27 4 16 5 10 14 30 29 15 31 12 21 13 17 1 19 3 20 11 28 25 2 24 22 26 18 6 8 9 
0 7 23 27 4 18 28 25 2 24 22 26 11 20 3 19 1 17 13 16 5 10 14 30 29 15 31 12 21 6 8 9 
0 7 23 27 4 18 28 25 2 24 22 10 5 16 13 17 1 19 3 20 11 26 14 30 29 15 31 12 21 6 8 9 
0 7 23 27 4 18 28 25 2 24 22 10 5 16 13 17 1 19 3 20 11 26 14 30 29 15 31 12 21 6 8 9 
0 7 23 27 4 16 5 10 14 30 29 15 31 12 21 26 22 24 2 13 17 1 19 3 20 11 25 28 18 6 8 9 
0 7 23 27 4 16 26 11 20 3 19 1 17 13 21 12 31 15 29 30 14 10 5 22 24 2 25 28 18 6 8 9 
0 7 23 27 4 16 26 11 20 3 19 1 17 13 21 12 31 15 29 30 14 10 5 22 24 2 25 28 18 6 8 9 
0 7 23 27 4 16 5 10 14 30 29 15 31 12 17 19 21 1 13 18 28 25 2 24 22 26 11 20 3 6 8 9 
0 7 23 27 4 16 26 22 24 2 25 28 18 19 1 17 13 21 12 31 15 29 30 14 10 5 11 20 3 6 8 9 
0 7 23 27 4 18 28 25 2 24 22 26 11 20 3 19 1 17 12 31 15 29 30 14 10 5 16 13 21 6 8 9 
0 1 19 3 20 11 26 22 24 2 25 28 18 4 27 23 7 17 13 16 5 10 14 30 29 15 31 12 21 6 8 9 
0 1 19 3 20 11 26 22 24 2 25 28 18 4 27 23 7 17 13 16 5 10 14 30 29 15 31 12 21 6 8 9 
0 7 23 27 4 16 5 10 21 12 31 15 29 30 14 13 17 1 19 3 20 11 26 22 24 2 25 28 18 6 8 9 
0 7 23 27 4 16 5 10 21 12 31 15 29 30 14 13 17 1 19 3 20 11 26 22 24 2 25 28 18 6 8 9 
0 7 23 27 4 18 28 25 2 24 22 26 11 20 3 19 1 16 13 17 5 10 14 30 29 15 31 12 21 6 8 9 
0 7 23 27 4 16 5 10 14 30 29 15 31 12 21 13 17 2 19 28 18 25 1 24 22 26 11 20 3 6 8 9 
0 7 23 27 4 10 15 21 14 30 29 5 31 12 16 13 17 1 19 18 28 25 2 24 22 26 11 20 3 6 8 9 
0 7 23 27 4 16 5 10 14 30 29 15 31 12 21 13 17 2 19 28 18 25 1 24 22 26 11 20 3 6 8 9 
0 7 23 27 4 16 5 10 14 30 29 15 31 12 21 13 17 2 19 28 18 25 1 24 22 26 11 20 3 6 8 9 
0 7 23 27 4 16 5 10 14 30 29 15 31 12 21 13 17 2 19 28 18 25 1 24 22 26 11 20 3 6 8 9 
0 7 23 27 4 18 28 25 2 24 22 26 11 20 3 19 1 17 6 21 12 31 15 29 30 14 10 5 16 13 8 9 
0 7 23 27 4 18 28 25 2 24 22 26 11 20 3 19 1 17 6 21 12 31 15 29 30 14 10 5 16 13 8 9 
0 7 23 27 4 18 28 25 2 22 24 26 11 20 3 19 1 17 13 16 5 10 14 30 29 15 31 12 21 6 8 9 
0 7 23 27 4 18 28 25 2 22 24 26 11 20 3 19 1 17 13 16 5 10 14 30 29 15 31 12 21 6 8 9 
0 7 23 27 4 18 28 25 2 24 22 26 11 20 3 10 13 17 1 16 5 12 14 30 29 15 31 19 21 6 8 9 
0 7 23 27 4 18 28 25 2 24 22 26 11 20 3 10 13 17 1 16 5 12 14 30 29 15 31 19 21 6 8 9 
0 7 23 27 4 16 5 10 14 30 29 26 11 20 3 19 1 17 13 21 12 31 15 22 24 2 25 28 18 6 8 9 
0 7 23 27 4 18 28 25 2 24 22 26 11 20 3 19 1 17 13 16 5 10 14 30 29 15 31 12 21 6 8 9 
0 7 23 27 4 18 28 25 2 24 22 26 11 20 3 19 1 17 13 16 5 10 14 30 29 15 31 12 21 6 8 9 
0 7 23 27 4 16 5 10 14 30 29 15 31 12 21 13 17 1 22 3 11 20 26 19 24 2 25 28 18 6 8 9 
0 7 23 27 4 16 5 10 14 30 29 15 31 12 21 11 17 20 19 3 1 13 26 22 24 2 25 28 18 6 8 9 
0 7 23 27 4 16 24 11 20 3 19 1 17 13 21 12 31 15 29 30 14 10 5 22 26 2 25 28 18 6 8 9 
0 7 23 27 4 16 5 10 14 30 29 15 31 12 21 13 17 20 1 3 11 25 26 22 24 2 19 28 18 6 8 9 
0 7 23 27 4 16 5 10 14 30 29 15 31 12 21 13 17 20 1 3 11 25 26 22 24 2 19 28 18 6 8 9 
0 7 23 27 4 16 5 10 14 30 29 15 31 12 21 13 17 20 1 3 11 25 26 22 24 2 19 28 18 6 8 9 
0 7 23 27 4 16 5 10 14 30 29 15 31 12 21 26 17 25 2 3 19 11 13 22 24 8 1 28 18 6 20 9 
0 7 23 27 4 16 5 10 14 30 29 15 31 12 21 26 17 25 2 3 19 11 13 22 24 8 1 28 18 6 20 9 
0 7 23 27 4 18 28 25 2 24 22 26 11 20 3 19 1 17 13 16 5 10 31 15 29 30 14 12 21 6 8 9 
0 7 23 27 4 18 28 25 24 2 22 26 11 20 3 19 1 17 13 16 5 10 14 30 29 15 31 12 21 6 8 9 
0 7 23 27 4 16 5 10 11 20 3 19 1 17 13 21 12 31 15 29 30 14 26 22 24 2 25 28 18 6 8 9 
0 7 23 27 4 16 5 10 11 20 3 19 1 17 13 21 12 31 15 29 30 14 26 22 24 2 25 28 18 6 8 9 
0 7 23 27 4 18 28 25 2 24 22 26 11 20 3 19 1 17 13 16 5 10 14 30 29 15 31 12 21 6 8 9 
0 7 23 27 4 18 28 25 2 24 22 26 11 20 3 19 1 17 13 16 5 10 14 30 29 15 31 12 21 6 8 9 
0 7 23 24 2 25 28 18 19 1 17 13 21 12 31 15 29 30 14 27 4 16 5 10 22 26 11 20 3 6 8 9 
0 7 23 24 2 25 28 18 19 1 17 13 21 12 31 15 29 30 14 27 4 16 5 10 22 26 11 20 3 6 8 9 
0 7 23 26 11 20 3 19 1 17 13 21 12 31 15 29 30 14 10 5 16 4 27 22 24 2 25 28 18 6 8 9 
0 7 23 26 11 20 3 19 1 17 13 21 12 31 15 29 30 14 10 5 16 4 27 22 24 2 25 28 18 6 8 9 
0 7 23 27 4 18 28 25 2 24 22 26 11 20 3 19 1 14 10 5 16 13 17 30 29 15 31 12 21 6 8 9 
0 7 23 27 4 16 5 10 14 12 15 13 31 30 21 29 17 1 19 3 20 11 26 22 24 2 25 28 18 6 8 9 
0 7 23 27 4 16 5 10 14 30 29 15 31 12 21 13 18 17 19 1 28 25 2 24 22 26 11 20 3 6 8 9 
0 7 23 27 4 18 28 25 2 24 22 26 11 20 3 19 1 17 13 16 5 10 14 30 29 15 31 12 21 6 8 9 
0 7 23 27 4 18 28 25 2 16 13 5 1 19 26 20 11 3 22 24 17 10 14 30 29 15 31 12 21 6 8 9 
0 7 23 27 4 18 28 25 2 16 13 5 1 19 26 20 11 3 22 24 17 10 14 30 29 15 31 12 21 6 8 9 
0 7 23 27 4 16 11 26 22 24 2 25 28 18 19 1 17 13 21 31 12 15 29 30 14 10 5 20 3 6 8 9 
0 7 23 27 4 16 11 26 22 24 2 25 28 18 19 1 17 13 21 31 12 15 29 30 14 10 5 20 3 6 8 9 
0 7 23 27 4 18 28 25 2 24 22 26 11 20 3 19 1 17 13 16 5 6 21 12 31 15 29 30 14 10 8 9 
0 7 23 27 4 16 5 10 14 30 29 15 31 12 21 13 24 1 19 3 20 11 26 22 17 2 25 28 18 6 8 9 
0 7 23 27 4 18 28 25 2 24 22 26 11 20 3 19 1 14 30 29 15 31 12 21 13 17 10 5 16 6 8 9 
0 7 23 27 4 18 28 25 2 24 22 26 11 20 3 19 1 14 30 29 15 31 12 21 13 17 10 5 16 6 8 9 
0 7 23 27 4 18 28 25 2 24 22 26 11 20 3 19 1 17 13 16 5 10 14 30 29 15 31 12 21 6 8 9 
0 7 23 27 4 16 5 10 14 30 29 15 31 12 21 13 17 1 19 18 28 25 2 24 22 26 6 3 20 11 8 9 
0 7 23 27 4 18 28 25 2 24 22 26 11 20 3 19 1 17 13 16 5 10 14 30 29 15 31 12 21 6 8 9 
0 7 23 27 4 16 5 10 14 30 29 15 31 12 21 19 17 13 18 2 28 25 1 24 22 26 11 20 3 6 8 9 
0 7 23 27 4 18 28 25 2 24 22 26 11 20 3 19 1 17 13 16 5 10 14 30 29 15 31 12 21 6 8 9 
0 7 23 27 4 16 5 10 14 30 29 15 31 12 6 11 20 3 26 22 24 2 25 28 18 19 1 17 13 21 8 9 
0 7 23 27 4 16 5 10 14 30 29 15 31 12 6 11 20 3 26 22 24 2 25 28 18 19 1 17 13 21 8 9 
0 7 23 27 4 16 5 10 14 30 29 15 31 12 6 11 20 3 26 22 24 2 25 28 18 19 1 17 13 21 8 9 
0 7 23 27 4 16 5 10 14 30 29 15 31 12 21 2 24 22 26 11 20 3 19 1 17 13 25 28 18 6 8 9 
0 7 23 27 4 18 28 25 2 24 22 26 11 20 3 19 1 17 13 16 5 10 14 30 29 15 31 12 21 6 8 9 
0 7 23 27 4 16 5 10 14 30 29 15 31 12 21 13 17 1 25 18 28 19 2 24 22 26 11 20 3 6 8 9 
0 7 23 27 4 16 5 10 14 30 29 15 31 12 21 13 17 1 2 18 28 19 25 24 22 26 11 20 3 6 8 9 
0 7 23 27 4 16 5 15 14 30 31 13 19 12 21 29 10 1 17 3 20 11 26 22 24 2 25 28 18 6 8 9 
0 7 23 27 4 16 5 15 14 30 31 13 19 12 21 29 10 1 17 3 20 11 26 22 24 2 25 28 18 6 8 9 
0 7 23 27 4 16 5 15 14 30 31 13 19 12 21 29 10 1 17 3 20 11 26 22 24 2 25 28 18 6 8 9 
0 7 28 18 4 27 23 25 2 24 22 26 11 20 3 19 8 6 16 29 5 10 17 15 30 31 12 21 13 14 1 9 
0 7 28 18 4 27 23 25 2 24 22 26 11 20 3 19 8 6 16 1 17 13 21 12 31 15 29 30 14 10 5 9 
0 7 28 18 4 27 23 25 2 24 22 26 11 20 3 19 8 6 16 1 17 13 21 12 31 15 29 30 14 10 5 9 
0 7 23 27 4 18 28 25 2 24 22 26 11 12 3 19 8 29 10 5 16 14 30 6 15 31 20 21 13 17 1 9 
0 7 23 27 4 18 28 25 2 24 22 26 11 12 3 19 8 29 10 5 16 14 30 6 15 31 20 21 13 17 1 9 
0 7 23 27 4 18 28 25 2 24 22 26 11 12 3 19 8 29 10 5 16 14 30 6 15 31 20 21 13 17 1 9 
0 7 23 27 4 18 28 25 2 24 22 26 10 5 16 6 8 19 3 20 11 14 30 29 15 31 12 21 13 17 1 9 
0 7 22 18 4 27 28 25 2 24 23 26 11 20 3 19 8 6 16 5 10 14 30 29 15 31 12 21 13 17 1 9 
0 7 23 6 8 19 3 20 11 26 22 24 2 25 18 28 4 27 16 1 17 13 5 10 14 30 29 15 31 12 21 9 
0 7 23 27 4 18 28 25 2 24 22 26 11 20 3 6 1 17 13 8 16 19 5 10 14 30 29 15 31 12 21 9 
0 7 23 6 8 19 3 20 11 26 27 4 18 28 25 2 24 22 16 5 10 14 30 29 15 31 12 21 13 17 1 9 
0 7 23 27 4 18 28 25 2 24 10 5 16 6 8 19 3 20 11 26 22 14 30 29 15 31 12 21 13 17 1 9 
0 7 23 27 4 18 28 25 2 24 10 5 16 6 8 19 3 20 11 26 22 14 30 29 15 31 12 21 13 17 1 9 
0 7 23 8 19 3 20 26 11 22 24 4 25 10 18 2 27 6 16 14 28 5 30 15 29 31 12 21 13 17 1 9 
0 7 23 8 19 3 20 26 11 22 24 4 25 10 18 2 27 6 16 14 28 5 30 15 29 31 12 21 13 17 1 9 
0 7 23 8 19 3 20 11 26 22 24 2 25 28 18 4 27 6 16 13 21 12 31 15 29 30 14 10 5 17 1 9 
0 7 23 8 19 3 20 11 2 22 24 26 25 28 18 4 27 6 16 5 10 14 30 29 15 31 12 21 13 17 1 9 
0 7 23 8 19 3 20 11 5 22 24 2 25 18 28 4 27 6 16 26 10 14 30 29 15 31 12 21 13 17 1 9 
0 7 23 8 19 3 20 11 2 22 24 26 25 28 18 4 27 6 16 5 10 14 30 29 15 31 12 21 13 17 1 9 
0 7 23 8 19 3 20 11 26 22 24 2 25 28 18 4 27 6 16 21 5 10 14 30 29 15 31 12 13 17 1 9 
0 7 23 8 19 3 20 11 26 22 24 2 25 28 18 4 27 6 16 5 10 14 15 29 17 31 12 21 13 30 1 9 
0 7 23 8 19 3 20 11 26 22 24 2 25 28 18 4 27 5 16 31 10 14 30 13 15 6 12 21 29 17 1 9 
0 7 23 8 19 3 20 11 26 22 24 10 25 28 18 29 1 17 13 21 12 31 15 4 27 14 2 5 16 6 30 9 
0 7 23 8 19 3 20 11 26 18 24 6 25 28 22 2 27 5 16 4 10 14 30 29 15 31 12 21 13 17 1 9 
0 7 23 8 19 3 20 11 26 22 24 2 25 10 5 16 6 27 4 18 28 14 30 29 15 31 12 21 13 17 1 9 
0 7 23 8 19 3 20 11 26 22 24 2 25 10 5 16 6 27 4 18 28 14 30 29 15 31 12 21 13 17 1 9 
0 7 23 8 19 3 20 11 26 22 24 4 25 28 18 2 27 6 16 5 10 14 30 29 15 31 12 21 13 17 1 9 
0 7 23 8 19 3 20 11 26 22 24 4 25 28 18 2 27 6 16 5 10 14 30 29 15 31 12 21 13 17 1 9 
0 7 23 8 19 3 20 11 30 14 10 5 16 6 27 4 18 28 25 2 24 22 26 29 15 31 12 21 13 17 1 9 
0 7 23 8 19 3 20 11 26 2 24 25 22 28 18 4 27 6 16 5 10 14 30 29 15 31 12 21 13 17 1 9 
0 7 23 8 19 3 20 11 26 22 24 2 25 28 18 21 6 27 16 5 10 14 4 29 15 12 31 30 13 17 1 9 
0 7 23 8 19 3 20 11 26 22 24 2 25 28 18 4 27 6 16 1 21 12 31 15 29 30 14 10 5 13 17 9 
0 7 23 8 19 3 20 11 26 4 24 28 25 2 18 22 27 6 16 5 10 14 30 29 15 31 12 21 13 17 1 9 
0 7 23 8 19 3 13 21 12 31 15 29 30 14 10 5 16 6 27 20 11 26 22 24 2 25 28 18 4 17 1 9 
0 7 23 8 19 3 13 21 12 31 15 29 30 14 10 5 16 6 27 20 11 26 22 24 25 2 28 18 4 17 1 9 
0 7 23 8 19 3 20 11 26 22 24 2 25 28 18 4 27 6 16 21 5 10 14 30 29 15 31 12 13 17 1 9 
0 7 23 8 19 3 13 21 12 31 15 29 30 14 10 5 16 6 27 20 11 26 22 24 2 25 28 18 4 17 1 9 
0 7 23 8 19 3 13 21 12 31 15 29 30 14 10 5 16 6 27 20 11 26 22 24 2 25 28 18 4 17 1 9 
0 7 23 8 19 3 13 21 12 31 15 29 30 14 10 5 16 6 27 20 18 28 25 2 24 22 26 11 4 17 1 9 
0 7 23 8 19 3 20 11 26 22 24 2 25 28 18 4 5 21 29 27 10 14 15 12 30 31 16 6 13 17 1 9 
0 7 23 8 19 3 20 11 26 22 24 2 25 31 18 4 27 6 16 10 29 14 30 5 15 28 12 21 13 17 1 9 
0 7 23 8 19 3 20 11 26 22 24 2 25 31 18 4 27 6 16 10 29 14 30 5 15 28 12 21 13 17 1 9 
0 7 23 8 19 3 20 11 26 22 24 2 25 31 18 4 27 6 16 10 29 14 30 5 15 28 12 21 13 17 1 9 
0 7 23 8 19 3 20 11 26 22 24 14 10 5 16 6 27 4 18 28 25 2 30 29 15 31 12 21 13 17 1 9 
0 7 23 8 19 3 20 11 26 22 24 2 25 28 13 21 12 31 15 29 30 14 10 5 16 6 27 4 18 17 1 9 
0 7 23 8 19 3 20 11 26 22 24 2 25 28 13 21 12 31 15 29 30 14 10 5 16 6 27 4 18 17 1 9 
0 7 23 8 19 3 20 11 26 22 24 2 25 28 18 4 27 6 16 13 21 5 10 14 30 29 15 31 12 17 1 9 
0 7 23 8 19 3 13 21 12 31 15 29 30 5 10 14 16 6 27 20 11 26 22 24 2 25 28 18 4 17 1 9 
0 7 23 8 19 3 13 21 12 31 15 29 30 5 10 14 16 6 27 20 11 26 22 24 2 25 28 18 4 17 1 9 
0 7 23 8 19 3 13 21 12 31 15 29 30 5 10 14 16 6 27 20 11 26 22 24 2 25 28 18 4 17 1 9 
0 7 23 8 19 3 20 11 26 5 24 2 25 28 16 4 27 6 18 22 31 14 30 29 15 10 12 21 13 17 1 9 
0 7 23 8 19 3 20 11 26 22 24 2 25 28 18 4 27 6 16 13 21 12 31 15 29 10 14 30 5 17 1 9 
0 7 23 8 19 3 13 21 12 31 15 29 30 5 10 14 16 6 27 20 11 26 22 24 2 25 28 18 4 17 1 9 
0 7 23 8 19 3 13 21 12 31 15 29 30 5 10 14 16 6 27 20 11 26 22 24 2 25 28 18 4 17 1 9 
0 7 23 8 19 3 20 11 26 22 24 2 25 28 18 4 27 6 16 13 21 12 31 15 29 30 14 10 5 17 1 9 
0 7 23 8 19 3 20 11 26 31 15 29 30 14 10 5 16 6 27 4 18 28 25 2 24 22 12 21 13 17 1 9 
0 7 23 8 19 3 20 11 26 22 24 2 25 28 18 4 27 6 16 21 12 31 15 29 30 14 13 5 10 1 17 9 
0 7 23 8 26 3 20 11 19 22 24 2 25 28 18 4 27 6 16 5 10 14 30 29 15 31 12 21 13 17 1 9 
0 7 23 15 31 12 21 13 3 19 8 29 30 5 10 14 16 6 27 20 11 26 22 24 2 25 28 18 4 17 1 9 
0 7 23 8 19 3 20 11 26 22 24 2 10 5 16 6 27 4 18 28 25 14 30 29 15 31 12 21 13 17 1 9 
0 7 23 8 19 3 20 28 5 22 24 2 25 30 18 4 27 6 16 26 10 14 11 29 15 31 12 21 13 17 1 9 
0 7 23 8 19 3 20 11 26 22 24 2 10 5 16 6 27 4 18 28 25 14 30 29 15 31 12 21 13 17 1 9 
0 7 23 8 19 3 20 11 26 22 24 2 10 5 16 6 27 4 18 28 25 14 30 29 15 31 12 21 13 17 1 9 
0 7 23 8 19 3 20 11 26 22 24 15 29 30 14 10 5 16 6 27 4 18 28 25 2 31 12 21 13 17 1 9 
0 7 23 8 19 3 20 11 26 22 24 2 25 28 18 4 27 21 12 6 16 5 10 14 30 29 15 31 13 17 1 9 
0 7 23 8 19 3 20 11 26 22 24 2 25 28 13 4 27 6 16 5 10 14 30 29 15 31 12 21 18 17 1 9 
0 7 23 4 19 3 20 11 26 22 24 2 16 28 18 8 27 6 25 5 14 10 30 29 15 31 12 21 13 17 1 9 
0 7 23 8 19 3 20 11 26 22 24 2 25 6 18 5 16 28 4 27 10 14 30 29 15 31 12 21 13 17 1 9 
0 7 23 8 19 3 20 11 26 22 24 2 25 28 18 17 13 21 12 4 27 6 16 5 10 14 30 29 15 31 1 9 
0 7 23 8 19 3 20 11 26 22 24 2 25 28 18 4 27 6 16 5 10 17 13 21 12 31 15 29 30 14 1 9 
0 7 23 8 19 3 20 11 26 22 24 2 25 28 18 4 27 6 16 5 10 14 30 21 15 31 12 13 29 17 1 9 
0 7 23 8 19 3 20 11 26 22 24 2 29 30 14 10 5 16 6 27 4 18 28 25 15 31 12 21 13 17 1 9 
0 7 23 8 19 3 20 11 26 22 24 2 29 30 14 10 5 16 6 27 4 18 28 25 15 31 12 21 13 17 1 9 
0 7 23 8 19 3 20 11 26 22 24 2 25 28 18 4 27 6 13 16 5 10 14 30 29 15 31 12 21 17 1 9 
0 7 23 8 19 3 20 11 26 22 24 2 25 28 18 4 27 6 13 16 5 10 14 30 29 15 31 12 21 17 1 9 
0 7 23 8 19 3 20 11 26 22 24 2 25 28 18 4 27 6 21 16 5 10 14 30 29 15 31 12 13 17 1 9 
0 7 23 8 19 3 20 11 26 22 24 2 25 28 18 4 27 6 21 16 5 10 14 30 29 15 31 12 13 17 1 9 
0 7 23 8 19 3 20 11 26 22 24 2 25 28 18 4 27 6 16 5 10 14 13 21 12 31 15 29 30 17 1 9 
0 7 23 8 19 3 13 21 12 31 15 29 30 14 10 5 16 6 27 22 11 26 2 24 20 25 28 18 4 17 1 9 
0 7 23 8 19 3 13 21 12 31 15 29 30 5 10 14 16 6 27 20 11 26 22 24 2 25 28 18 4 17 1 9 
0 7 23 8 19 3 20 11 26 22 24 2 25 28 18 4 27 6 16 13 21 12 31 15 29 30 14 10 5 17 1 9 
0 7 23 8 19 3 13 21 12 31 15 29 30 5 10 14 16 6 27 20 11 26 22 24 2 25 28 18 4 17 1 9 
0 7 23 8 19 3 20 11 26 22 24 2 14 10 5 16 6 27 4 18 28 25 30 29 15 31 12 21 13 17 1 9 
0 7 23 8 19 3 20 11 26 22 24 2 30 14 10 5 16 6 27 4 18 28 25 29 15 31 12 21 13 17 1 9 
0 7 23 8 19 3 20 11 26 22 24 2 30 14 10 5 16 6 27 4 18 28 25 29 15 31 12 21 13 17 1 9 
0 7 23 8 19 3 20 11 26 22 24 2 25 28 18 4 27 6 16 13 21 12 31 15 29 30 5 10 14 1 17 9 
0 7 23 8 19 3 27 11 28 22 24 2 25 26 18 4 20 29 30 14 10 5 16 6 15 31 12 21 13 17 1 9 
0 7 23 8 19 3 27 11 28 22 24 2 25 26 18 4 20 29 30 14 10 5 16 6 15 31 12 21 13 17 1 9 
0 7 23 8 19 3 20 11 26 22 24 2 25 28 18 21 12 31 15 29 30 14 10 5 16 6 27 4 13 17 1 9 
0 7 23 8 19 3 20 11 22 26 24 2 25 28 18 14 27 6 10 31 5 15 29 30 4 16 12 1 9 21 13 17 
0 7 23 8 19 3 20 11 26 22 24 2 25 28 18 21 12 31 15 4 27 6 16 5 10 14 30 29 13 17 1 9 
0 7 23 8 19 11 25 28 26 20 24 18 22 3 2 4 27 6 16 5 14 10 30 29 15 31 12 21 13 17 1 9 
0 7 26 8 23 3 20 11 24 22 19 2 25 28 18 4 27 6 16 5 10 14 30 29 15 31 12 21 13 17 1 9 
0 7 23 8 19 3 20 11 26 22 24 2 25 28 18 13 21 12 31 15 29 30 14 10 5 16 6 27 4 17 1 9 
0 7 23 8 19 3 20 11 26 22 24 2 25 28 18 4 27 6 21 5 10 29 30 16 15 12 31 14 13 17 1 9 
0 7 23 8 19 3 20 11 26 22 24 2 25 28 18 13 21 12 31 4 27 6 16 5 10 14 30 29 15 17 1 9 
0 7 23 8 19 3 20 11 26 22 24 2 25 28 18 4 27 6 16 21 12 31 15 29 30 14 10 5 13 17 1 9 
0 7 23 8 19 3 20 11 26 22 24 2 25 15 29 30 14 10 5 16 6 27 4 18 28 31 12 21 13 17 1 9 
0 7 23 8 19 3 20 11 26 22 24 2 25 28 18 4 27 6 16 13 17 5 10 14 30 29 15 31 12 21 1 9 
0 7 23 8 19 3 20 11 26 22 24 2 25 28 18 4 27 6 16 13 21 12 31 5 10 14 30 29 15 17 1 9 
0 7 23 8 19 3 20 11 26 22 24 2 25 28 18 4 27 6 16 13 21 12 31 5 10 14 30 29 15 17 1 9 
0 7 23 8 19 3 20 11 26 22 24 2 25 28 18 4 27 6 16 13 21 12 31 5 10 14 30 29 15 17 1 9 
0 7 21 12 31 15 29 30 14 10 5 16 6 27 4 18 28 25 2 23 8 19 3 20 11 26 22 24 13 17 1 9 
0 7 21 12 31 15 29 30 14 10 5 16 6 27 4 18 28 25 2 23 8 19 3 20 11 26 22 24 13 17 1 9 
0 7 23 8 19 3 20 11 26 22 24 2 25 28 18 4 27 6 16 5 10 14 30 29 13 31 12 21 15 17 1 9 
0 7 23 8 19 3 20 11 26 22 12 31 15 29 30 14 10 5 16 6 27 4 18 28 25 2 24 21 13 17 1 9 
0 7 23 8 19 1 17 13 21 12 31 15 29 25 2 24 22 26 11 20 3 6 16 10 5 14 30 28 18 4 27 9 
0 7 23 8 19 1 17 13 21 12 31 15 29 25 2 24 22 26 11 20 3 6 16 10 5 14 30 28 18 4 27 9 
0 7 23 8 19 3 20 11 26 22 5 16 6 27 4 18 28 25 2 24 10 14 30 29 15 31 12 21 13 17 1 9 
0 7 23 8 19 3 20 11 26 22 24 2 25 28 18 21 12 31 15 4 27 6 16 5 10 14 30 29 13 17 1 9 
0 7 23 8 19 3 20 11 26 22 24 14 10 5 16 6 27 4 18 28 25 2 30 29 15 31 12 21 13 17 1 9 
0 7 23 8 19 3 20 11 26 22 24 2 25 28 18 4 27 6 16 5 10 17 12 15 31 29 30 21 13 14 1 9 
0 7 23 8 19 3 20 11 26 22 24 2 25 28 18 4 27 6 16 5 10 17 12 15 31 29 30 21 13 14 1 9 
0 7 23 8 19 3 20 11 26 22 24 2 25 28 18 4 27 6 16 5 10 14 13 21 12 31 15 29 30 17 1 9 
0 7 23 8 4 5 27 16 29 28 25 2 24 22 26 11 20 3 19 6 30 15 10 18 14 31 12 21 13 17 1 9 
0 7 23 8 19 3 20 11 26 22 24 2 25 28 18 4 27 6 16 5 10 13 21 12 31 15 29 30 14 17 1 9 
0 7 2 24 22 26 11 20 3 19 8 23 25 28 18 4 27 6 16 5 10 14 30 29 15 31 12 21 13 17 1 9 
0 7 21 12 31 15 29 30 14 10 5 16 6 27 4 18 28 25 2 23 8 19 3 20 11 26 22 24 13 17 1 9 
0 7 23 8 19 3 20 13 21 12 31 15 29 30 14 10 5 16 6 11 26 22 24 2 25 28 18 4 27 17 1 9 
0 7 23 8 19 3 20 13 21 12 31 15 29 30 14 10 5 16 6 11 26 22 24 2 25 28 18 4 27 17 1 9 
0 7 23 8 19 3 20 13 21 12 31 15 29 30 14 10 5 16 6 11 26 22 24 2 25 28 18 4 27 17 1 9 
0 7 23 8 19 3 20 13 21 12 31 15 29 30 14 10 5 16 6 11 26 22 24 2 25 28 18 4 27 17 1 9 
0 7 23 8 19 3 20 11 29 30 14 10 5 16 6 27 4 18 28 25 2 24 22 26 15 31 12 21 13 17 1 9 
0 7 23 8 19 3 20 11 26 15 29 30 14 10 5 16 6 27 4 18 28 25 2 24 22 31 12 21 13 17 1 9 
0 7 23 8 19 3 20 11 26 15 29 30 14 10 5 16 6 27 4 18 28 25 2 24 22 31 12 21 13 17 1 9 
0 7 21 12 31 15 29 30 14 10 5 16 6 27 4 18 28 25 2 23 8 19 3 20 11 26 22 24 13 17 1 9 
0 7 21 12 31 15 29 30 14 10 5 16 6 27 4 18 28 25 2 23 8 19 3 20 11 26 22 24 13 17 1 9 
0 7 23 8 19 3 20 11 26 22 24 2 25 28 18 4 27 6 16 21 12 31 15 29 30 14 10 5 13 17 1 9 
0 19 23 8 3 7 20 11 26 22 24 2 25 28 18 4 27 6 16 5 10 14 30 29 15 31 12 21 13 17 1 9 
0 7 23 8 19 3 20 11 26 22 24 2 25 28 18 4 27 6 16 5 10 14 30 29 13 21 12 31 15 17 1 9 
0 7 23 8 19 3 20 4 18 28 25 2 24 22 26 11 27 6 16 5 10 14 30 29 15 31 12 21 13 17 1 9 
0 7 23 8 19 3 20 4 18 28 25 2 24 22 26 11 27 6 16 5 10 14 30 29 15 31 12 21 13 17 1 9 
0 7 23 8 19 3 20 11 26 22 24 2 25 28 18 17 13 21 12 4 27 6 16 5 10 14 30 29 15 31 1 9 
0 7 23 8 19 3 20 11 26 22 24 2 25 28 18 4 27 6 16 5 10 14 30 29 21 31 13 15 12 17 1 9 
0 7 23 8 19 3 20 11 26 22 6 27 4 18 28 25 2 24 16 5 10 14 30 29 15 31 12 21 13 17 1 9 
0 7 23 8 19 3 20 11 26 22 24 2 25 28 18 4 27 6 16 5 10 14 17 13 21 12 31 15 29 30 1 9 
0 7 23 8 22 3 20 11 26 4 24 2 25 28 18 19 27 6 16 5 10 14 30 29 15 31 12 21 13 17 1 9 
0 7 23 8 19 3 20 11 26 22 24 2 25 28 18 4 27 6 16 5 13 21 12 31 15 29 30 14 10 17 1 9 
0 7 23 8 19 3 20 11 26 22 24 2 25 28 18 4 27 6 16 5 13 21 12 31 15 29 30 14 10 17 1 9 
0 7 23 8 19 3 20 11 26 22 24 2 25 28 18 4 27 6 16 5 10 14 30 13 15 31 12 21 29 17 1 9 
0 7 23 8 11 3 20 19 26 22 24 2 25 28 18 4 27 6 16 5 10 14 30 29 17 13 21 12 31 15 1 9 
0 7 23 8 19 3 20 11 26 2 24 22 25 28 18 4 27 10 16 5 6 14 30 29 15 31 12 21 13 17 1 9 
0 7 23 8 19 3 20 11 26 22 24 2 25 28 18 4 27 6 16 13 21 12 31 15 29 30 14 10 5 17 1 9 
0 7 23 8 19 3 5 11 26 27 24 2 25 18 6 4 22 28 16 20 10 14 30 29 15 31 12 21 13 17 1 9 
0 7 23 8 19 3 20 11 26 22 24 27 29 28 18 4 2 6 16 5 10 14 30 25 15 31 12 21 17 13 1 9 
0 7 23 8 19 3 20 11 26 22 24 2 25 28 18 4 27 6 13 16 5 10 14 30 29 15 31 12 21 17 1 9 
0 7 23 8 19 3 20 11 26 22 24 2 25 28 18 4 27 6 13 16 5 10 14 30 29 15 31 12 21 17 1 9 
0 7 23 8 19 27 4 12 21 13 17 18 28 25 2 24 22 26 11 3 20 6 16 5 10 14 30 29 15 31 1 9 
0 7 23 8 19 3 20 11 26 22 24 2 25 28 18 17 12 21 13 31 15 29 30 14 10 5 16 6 27 4 1 9 
0 7 23 8 19 3 20 11 24 18 26 2 25 28 22 4 27 6 16 5 10 14 30 29 21 12 31 15 13 17 1 9 
0 7 23 8 19 3 20 11 26 22 24 18 5 28 2 4 27 6 10 25 16 14 30 29 15 31 12 21 13 17 1 9 
0 7 23 8 19 3 20 11 26 22 24 2 25 28 18 17 12 21 13 4 27 6 16 5 30 14 10 29 15 31 1 9 
0 7 23 8 19 3 20 11 26 22 24 2 25 28 18 17 12 21 13 4 27 6 16 5 30 14 10 29 15 31 1 9 
0 7 23 8 19 3 20 11 26 22 24 2 25 12 31 15 29 30 14 10 5 16 6 27 4 18 28 21 13 17 1 9 
0 7 23 8 19 3 20 11 26 22 24 2 25 28 18 4 12 6 16 13 21 31 15 29 30 14 10 5 27 17 1 9 
0 7 23 8 19 3 20 11 26 22 24 2 25 28 18 4 12 6 16 13 21 31 15 29 30 14 10 5 27 17 1 9 
0 7 23 8 19 3 20 11 26 22 24 2 25 28 18 17 12 21 13 4 27 6 16 5 10 14 30 29 15 31 1 9 
0 7 23 8 19 3 20 11 26 22 24 2 16 28 18 4 27 6 5 25 10 14 30 29 15 31 12 21 13 17 1 9 
0 7 23 8 19 3 20 11 26 22 24 2 25 28 18 17 12 21 13 4 27 6 16 5 10 14 30 29 15 31 1 9 
0 7 23 8 19 3 20 11 26 22 24 2 25 28 18 4 27 6 16 17 12 21 15 29 30 14 10 5 13 31 1 9 
0 7 23 8 19 3 20 11 26 22 15 29 30 14 10 5 16 6 27 4 18 28 25 2 24 31 12 21 13 17 1 9 
0 7 23 8 19 3 20 11 26 22 15 29 30 14 10 5 16 6 27 4 18 28 25 2 24 31 12 21 13 17 1 9 
0 7 13 21 12 31 15 29 30 14 10 5 16 6 27 4 18 28 25 23 8 19 3 20 11 26 22 24 2 17 1 9 
0 7 13 21 12 31 15 29 30 14 10 5 16 6 27 4 18 28 25 23 8 19 3 20 11 26 22 24 2 17 1 9 
0 7 13 21 12 31 15 29 30 14 10 5 16 6 27 4 18 28 25 23 8 19 3 20 11 26 22 24 2 17 1 9 
0 7 13 21 12 31 15 29 30 14 10 5 16 6 27 4 18 28 25 23 8 19 3 20 11 26 22 24 2 17 1 9 
0 7 13 21 12 31 15 29 30 14 10 5 16 6 27 4 18 28 25 23 8 19 3 20 11 26 22 24 2 17 1 9 
0 7 23 22 24 3 20 19 26 8 11 2 25 28 18 4 27 6 16 5 10 14 30 29 15 31 12 21 13 17 1 9 
0 7 23 5 10 14 30 29 15 31 12 21 13 16 6 27 4 18 28 25 2 24 22 26 11 20 3 19 8 17 1 9 
0 7 23 8 19 3 20 11 28 25 2 24 22 26 18 4 27 6 16 5 10 14 30 29 15 31 12 21 13 17 1 9 
0 7 23 8 19 3 20 11 28 25 2 24 22 26 18 4 27 6 16 5 10 14 30 29 15 31 12 21 13 17 1 9 
0 7 23 8 19 3 20 11 26 22 24 2 25 28 18 4 27 6 16 13 21 12 31 15 29 30 14 10 5 17 1 9 
0 7 23 8 19 3 20 11 26 22 24 2 25 28 18 4 27 31 17 6 16 5 10 14 30 29 15 12 21 13 1 9 
0 7 23 8 19 3 20 11 26 22 24 2 25 28 18 4 27 31 17 6 16 5 10 14 30 29 15 12 21 13 1 9 
0 7 23 8 19 3 20 11 26 22 24 2 25 28 18 4 27 6 16 13 21 12 31 15 29 30 14 10 5 17 1 9 
0 7 23 8 19 3 20 11 26 22 24 2 25 28 18 4 27 6 16 13 21 12 31 15 29 30 14 10 5 17 1 9 
0 7 23 8 19 3 20 11 26 22 24 2 25 28 18 4 27 6 16 13 5 10 14 30 29 15 31 12 21 17 1 9 
0 7 23 8 19 3 20 11 26 22 1 13 21 12 15 29 30 14 10 5 17 31 16 6 27 4 18 28 25 2 24 9 
0 7 23 8 19 3 20 11 26 12 24 2 25 28 6 17 27 18 16 5 10 14 30 29 15 31 22 21 13 4 1 9 
0 7 23 8 19 3 20 11 26 22 24 4 2 28 18 27 25 6 16 5 10 14 30 29 15 31 12 21 13 17 1 9 
0 7 23 8 19 3 20 11 26 22 24 2 25 28 13 21 12 31 15 18 4 27 6 16 5 10 14 30 29 17 1 9 
0 7 23 8 19 3 20 11 26 22 24 2 25 28 13 21 12 31 15 18 4 27 6 16 5 10 14 30 29 17 1 9 
0 7 23 8 19 3 20 11 26 22 24 2 25 28 13 21 12 31 15 18 4 27 6 16 5 10 14 30 29 17 1 9 
0 7 23 8 19 3 20 11 26 22 24 2 25 28 18 4 27 6 16 13 21 12 31 15 5 10 14 30 29 17 1 9 
0 7 23 8 19 3 20 11 26 22 24 2 25 28 18 4 27 6 16 13 21 12 31 15 5 10 14 30 29 17 1 9 
0 7 23 8 19 3 20 11 26 22 24 2 25 28 18 4 27 6 16 13 21 12 31 15 5 10 14 30 29 17 1 9 
0 7 23 8 19 3 20 11 26 22 24 2 25 28 18 4 27 6 16 21 12 31 15 29 30 14 10 5 13 17 1 9 
0 7 23 8 19 3 20 11 26 22 24 2 25 28 18 4 27 6 16 21 12 31 15 29 30 14 10 5 13 17 1 9 
0 7 23 26 19 3 20 11 8 22 24 2 25 28 18 4 27 6 16 5 10 14 30 29 15 31 12 21 13 17 1 9 
0 7 23 26 19 3 20 11 8 22 24 2 25 28 18 4 27 6 16 5 10 14 30 29 15 31 12 21 13 17 1 9 
0 7 23 26 19 3 20 11 8 22 24 2 25 28 18 4 27 6 16 5 10 14 30 29 15 31 12 21 13 17 1 9 
0 7 23 26 19 3 20 11 8 22 24 2 25 28 18 4 27 6 16 5 10 14 30 29 15 31 12 21 13 17 1 9 
0 7 23 8 19 3 20 11 26 22 24 2 25 28 18 4 13 21 12 27 6 16 5 10 14 30 29 15 31 17 1 9 
0 7 23 8 19 3 20 11 26 22 24 2 25 28 18 4 27 6 16 5 21 12 31 15 29 30 14 10 13 17 1 9 
0 7 23 8 19 3 20 11 26 22 24 2 25 28 18 4 27 6 16 5 21 12 31 15 29 30 14 10 13 17 1 9 
0 7 23 8 19 3 20 11 26 22 24 2 25 28 18 4 27 6 16 5 21 12 31 15 29 30 14 10 13 17 1 9 
0 7 23 8 19 3 20 11 26 22 24 2 25 28 18 4 27 6 16 5 21 12 31 15 29 30 14 10 13 17 1 9 
0 7 23 8 19 3 20 11 26 22 24 2 25 28 18 4 13 21 12 27 6 16 5 10 14 30 29 15 31 17 1 9 
0 7 23 8 19 3 20 11 24 22 16 2 26 5 18 4 27 6 25 28 10 14 30 29 15 31 12 21 13 17 1 9 
0 7 23 8 19 3 20 11 26 22 24 2 25 28 18 4 27 6 16 5 10 14 30 31 15 13 12 21 29 17 1 9 
0 7 23 8 19 3 20 11 26 22 24 2 25 28 18 4 27 6 16 5 10 14 30 31 15 13 12 21 29 17 1 9 
0 7 23 8 19 3 20 11 26 22 24 2 25 28 18 4 27 6 16 5 10 14 30 31 15 13 12 21 29 17 1 9 
0 7 23 8 19 3 20 11 26 22 24 2 25 10 18 4 28 6 16 5 27 14 30 29 15 31 12 21 13 17 1 9 
0 7 23 8 19 3 20 11 26 22 24 2 25 10 18 4 28 6 16 5 27 14 30 29 15 31 12 21 13 17 1 9 
0 7 23 8 19 3 20 11 26 22 24 2 25 10 18 4 28 6 16 5 27 14 30 29 15 31 12 21 13 17 1 9 
0 7 23 25 3 19 24 11 18 22 28 2 8 20 26 4 27 6 16 5 10 14 30 29 15 31 12 21 13 17 1 9 
0 7 23 8 19 3 20 11 26 22 6 18 25 28 2 4 27 24 16 5 10 14 30 29 15 31 12 21 13 17 1 9 
0 7 23 8 19 3 20 11 26 22 24 2 25 29 30 14 10 5 16 6 27 4 18 28 15 31 12 21 13 17 1 9 
0 7 23 8 19 3 20 11 26 22 24 2 25 29 30 14 10 5 16 6 27 4 18 28 15 31 12 21 13 17 1 9 
0 7 23 8 19 3 20 11 26 22 24 2 25 28 18 4 27 6 21 13 10 14 30 29 15 31 12 16 5 17 1 9 
0 7 23 8 19 3 20 11 26 22 24 2 25 29 30 14 10 5 16 6 27 4 18 28 15 31 12 21 13 17 1 9 
0 7 23 8 19 3 20 11 26 22 24 2 10 5 16 6 27 4 18 28 25 14 30 29 15 31 12 21 13 17 1 9 
0 7 23 8 19 3 20 11 26 22 24 2 10 5 16 6 27 4 18 28 25 14 30 29 15 31 12 21 13 17 1 9 
0 7 23 8 19 3 20 13 21 12 31 15 29 30 14 10 5 16 6 11 26 22 24 2 25 28 18 4 27 17 1 9 
0 7 23 8 19 3 20 13 21 12 31 15 29 30 14 10 5 16 6 11 26 22 24 2 25 28 18 4 27 17 1 9 
0 7 23 8 19 3 20 13 21 12 31 15 29 30 14 10 5 16 6 11 26 22 24 2 25 28 18 4 27 17 1 9 
0 7 23 8 19 3 20 11 26 29 30 14 10 5 16 6 27 4 18 28 25 2 24 22 15 31 12 21 13 17 1 9 
0 7 23 8 19 3 16 11 26 22 24 2 25 28 18 4 27 6 20 5 10 14 30 29 15 31 12 21 13 17 1 9 
0 7 23 8 19 3 20 13 21 12 31 15 29 30 14 10 5 16 6 11 26 22 24 2 25 28 18 4 27 17 1 9 
0 7 23 8 19 3 20 13 21 12 31 15 29 30 14 10 5 16 6 11 26 22 24 2 25 28 18 4 27 17 1 9 
0 7 23 8 19 3 20 11 15 29 30 14 10 5 16 6 27 4 18 28 25 2 24 22 26 31 12 21 13 17 1 9 
0 7 23 8 19 3 20 13 21 12 31 15 29 30 14 10 5 16 6 11 26 22 24 2 25 28 18 4 27 17 1 9 
0 7 23 8 19 3 20 13 21 12 31 15 29 30 14 10 5 16 6 11 26 22 24 2 25 28 18 4 27 17 1 9 
0 7 23 8 19 3 20 13 21 12 31 15 29 30 14 10 5 16 6 11 26 22 24 2 25 28 18 4 27 17 1 9 
0 7 23 8 19 3 20 11 26 22 24 2 25 28 18 4 27 6 21 12 31 13 29 30 14 10 5 16 15 17 1 9 
0 7 23 8 19 3 20 11 26 5 16 6 27 4 18 28 25 2 24 22 10 14 30 29 15 31 12 21 13 17 1 9 
0 7 23 8 19 3 20 11 26 22 24 2 25 28 18 4 27 6 21 12 31 13 29 30 14 10 5 16 15 17 1 9 
0 7 23 8 19 3 20 11 27 22 24 2 25 28 18 4 5 6 16 26 10 14 15 29 30 31 12 21 13 17 1 9 
0 7 23 8 19 3 20 11 27 22 24 2 25 28 18 4 5 6 16 26 10 14 15 29 30 31 12 21 13 17 1 9 
0 7 23 18 4 27 6 16 10 30 14 5 15 29 31 12 21 13 8 19 3 20 11 26 22 24 2 25 28 17 1 9 
0 7 23 8 19 3 20 11 15 29 30 14 10 5 16 6 27 4 18 28 25 2 24 22 26 31 12 21 13 17 1 9 
0 7 23 8 19 3 20 11 15 29 30 14 10 5 16 6 27 4 18 28 25 2 24 22 26 31 12 21 13 17 1 9 
0 7 23 2 19 24 20 11 26 22 3 8 25 28 18 4 27 6 16 5 10 14 30 29 15 31 12 21 13 17 1 9 
0 7 23 2 19 24 20 11 26 22 3 8 25 28 18 4 27 6 16 5 10 14 30 29 15 31 12 21 13 17 1 9 
0 7 23 8 19 3 20 13 21 12 31 15 29 30 14 10 5 16 6 11 26 22 24 2 25 28 18 4 27 17 1 9 
0 7 23 8 19 3 20 13 21 12 31 15 29 30 14 10 5 16 6 11 26 22 24 2 25 28 18 4 27 17 1 9 
0 7 23 8 19 3 20 11 26 22 24 2 25 16 28 4 27 6 18 12 31 5 10 14 30 29 15 21 13 17 1 9 
0 7 23 8 19 3 20 29 30 14 10 5 16 6 27 4 18 28 25 2 24 22 26 11 15 31 12 21 13 17 1 9 
0 7 23 8 19 3 20 11 26 22 24 2 25 28 21 12 31 15 29 30 14 10 5 16 6 27 4 18 13 17 1 9 
0 7 23 8 19 3 20 29 30 14 10 5 16 6 27 4 18 28 25 11 26 22 24 2 15 31 12 21 13 17 1 9 
0 7 23 8 19 3 20 11 26 22 16 2 4 28 18 25 27 24 6 5 10 14 30 29 15 31 13 21 12 17 1 9 
0 7 23 8 19 3 20 11 26 22 24 27 25 28 14 4 2 6 16 5 10 18 30 29 15 31 12 21 13 17 1 9 
0 7 23 8 19 3 20 11 26 22 24 27 25 28 14 4 2 6 16 5 10 18 30 29 15 31 12 21 13 17 1 9 
0 7 23 8 19 3 20 11 26 22 24 2 25 28 18 4 27 6 16 5 10 31 30 21 15 14 12 29 13 17 1 9 
0 7 23 8 19 3 20 11 26 22 24 2 25 28 18 4 27 6 16 5 10 31 30 21 15 14 12 29 13 17 1 9 
0 7 23 8 19 3 20 11 26 22 24 2 25 28 18 4 27 6 16 5 10 31 30 21 15 14 12 29 13 17 1 9 
0 7 23 8 19 3 20 11 26 22 24 2 25 28 18 4 27 6 16 5 10 31 30 21 15 14 12 29 13 17 1 9 
0 7 23 8 19 3 20 11 26 22 24 2 25 28 18 4 27 6 16 5 10 31 30 21 15 14 12 29 13 17 1 9 
0 7 23 8 19 3 20 13 21 12 31 15 29 30 14 10 5 16 6 11 26 22 24 2 25 28 18 4 27 17 1 9 
