0 28 21 6 5 8 3 16 26 1 31 2 10 11 29 18 12 25 22 14 13 30 15 24 7 20 4 19 17 9 23 27 
0 11 12 2 23 17 28 13 9 16 30 8 22 29 24 25 14 20 31 4 26 7 18 27 1 5 3 6 19 10 21 15 
0 5 13 16 12 11 14 4 26 24 8 31 10 18 27 7 22 15 21 2 30 25 23 20 19 3 6 17 29 9 1 28 
0 6 17 7 10 3 11 12 8 14 29 18 20 16 22 21 24 23 15 2 27 4 9 19 26 30 28 5 1 31 25 13 
0 6 17 7 10 3 11 12 8 14 29 18 20 16 22 21 24 23 15 2 27 4 9 19 26 30 28 5 1 31 25 13 
0 22 23 14 27 1 15 16 6 11 10 7 8 31 21 4 26 24 28 12 3 5 13 2 19 25 30 9 17 29 18 20 
0 22 23 14 27 1 15 16 6 11 10 7 8 31 21 4 26 24 28 12 3 5 13 2 19 25 30 9 17 29 18 20 
0 14 11 15 29 2 18 6 13 23 12 20 30 17 24 16 28 19 21 5 27 9 22 8 1 25 3 10 31 4 26 7 
0 22 14 31 29 12 20 19 24 13 10 7 23 3 2 11 21 27 1 25 18 30 28 17 9 4 26 16 5 15 8 6 
0 9 17 20 27 10 2 28 21 18 11 15 25 4 16 12 14 23 22 3 5 30 8 19 13 26 7 29 24 1 6 31 
0 17 18 27 19 14 5 8 7 12 11 24 31 20 22 28 16 29 23 10 3 1 6 15 9 4 13 21 25 26 2 30 
0 17 18 27 19 14 5 8 7 12 11 24 31 20 22 28 16 29 23 10 3 1 6 15 9 4 13 21 25 26 2 30 
0 30 15 11 22 21 1 31 9 17 8 25 2 26 20 7 5 13 16 6 29 19 18 28 23 4 3 27 10 14 24 12 
0 7 12 6 29 9 4 19 22 26 23 1 24 2 27 31 30 18 25 8 20 21 28 14 17 11 3 15 16 10 5 13 
0 16 10 14 8 20 17 11 28 15 3 25 18 30 31 27 22 26 21 23 19 4 24 9 1 29 6 2 7 13 5 12 
0 16 10 14 8 20 17 11 28 15 3 25 18 30 31 27 22 26 21 23 19 4 24 9 1 29 6 2 7 13 5 12 
0 29 18 15 21 14 5 27 4 13 1 23 10 28 6 20 2 30 9 3 17 26 11 25 19 24 22 8 16 7 31 12 
0 29 18 15 21 14 5 27 4 13 1 23 10 28 6 20 2 30 9 3 17 26 11 25 19 24 22 8 16 7 31 12 
0 8 23 17 26 11 3 1 9 2 28 25 24 4 14 27 19 22 30 29 18 15 5 21 13 10 6 20 7 16 31 12 
0 16 10 14 8 20 17 11 28 15 3 25 18 30 31 27 22 26 21 19 23 4 24 2 9 1 5 7 13 12 29 6 
0 16 10 14 8 20 17 11 28 15 3 25 18 30 31 27 22 26 21 19 23 4 24 2 9 1 5 7 13 12 29 6 
0 16 10 14 8 20 17 11 28 15 3 25 18 30 31 27 22 26 21 19 23 4 24 2 9 1 5 7 13 12 29 6 
0 15 6 29 19 25 18 2 28 20 5 14 10 16 27 3 1 8 30 17 11 31 22 26 21 23 4 24 9 7 13 12 
0 15 6 29 19 25 18 2 28 20 5 14 10 16 27 3 1 8 30 17 11 31 22 26 21 23 4 24 9 7 13 12 
0 8 23 17 26 11 3 4 14 27 19 22 24 25 12 31 15 5 13 21 7 6 20 30 29 9 2 28 18 10 16 1 
0 13 1 8 4 6 10 15 31 23 29 7 26 3 30 14 9 27 19 25 18 2 28 20 5 16 17 11 22 24 21 12 
0 8 23 17 26 11 3 4 14 27 19 22 24 25 28 2 9 1 30 13 6 10 15 31 29 7 18 20 5 16 21 12 
0 8 23 17 26 11 3 4 14 27 19 22 24 25 28 2 9 1 30 13 6 10 15 31 29 7 18 20 5 16 21 12 
0 15 6 29 19 25 18 2 28 20 5 14 10 16 27 3 1 8 30 23 17 26 9 24 4 22 11 31 21 13 7 12 
0 15 6 29 19 25 18 2 28 20 5 14 10 16 27 3 1 8 30 23 17 26 9 24 4 22 11 31 21 13 7 12 
0 8 23 17 26 11 3 4 14 27 19 22 24 9 7 31 16 10 29 28 25 2 1 20 18 5 15 6 30 13 21 12 
0 8 23 17 26 11 3 4 14 27 19 22 24 9 7 31 16 10 29 28 25 2 1 20 18 5 15 6 30 13 21 12 
0 8 23 17 26 11 22 3 19 27 14 4 24 25 28 2 9 5 29 6 30 18 20 15 1 10 16 7 12 13 21 31 
0 8 23 7 4 14 27 19 3 1 9 2 25 28 24 22 17 26 11 16 10 29 6 15 30 5 18 20 12 13 21 31 
0 15 6 29 19 25 18 2 28 20 22 11 26 17 23 30 8 1 3 4 9 5 16 27 14 7 24 10 31 12 21 13 
0 15 6 29 19 25 18 2 28 20 22 11 26 17 23 30 8 1 3 4 9 5 16 27 14 7 24 10 31 12 21 13 
0 8 23 7 4 14 27 19 3 1 9 2 25 28 24 22 17 26 11 15 30 5 18 20 16 29 6 10 21 13 12 31 
0 8 4 7 23 14 27 19 3 11 17 26 22 24 28 25 13 31 30 15 6 29 10 16 5 18 20 1 9 2 21 12 
0 8 23 7 4 14 27 19 3 1 9 2 25 28 24 22 17 26 11 5 18 20 30 15 6 29 10 16 31 12 21 13 
0 8 23 7 4 14 27 19 3 1 9 2 25 28 24 22 17 26 11 15 6 29 18 20 30 5 16 10 12 31 21 13 
0 8 23 7 4 14 27 19 3 1 9 2 25 28 24 22 17 26 11 15 6 29 18 20 30 5 16 10 12 31 21 13 
0 8 23 7 4 14 27 19 3 1 9 2 25 28 24 22 17 26 11 15 6 29 18 20 30 5 16 10 31 12 21 13 
0 15 6 29 19 25 18 2 28 20 22 11 26 17 23 30 8 1 3 7 4 14 27 9 24 5 16 10 31 13 21 12 
0 8 23 7 4 14 27 19 3 1 9 2 25 28 24 22 17 26 11 6 15 5 18 20 30 29 10 16 31 12 21 13 
0 8 23 7 4 14 27 19 3 1 9 2 25 28 24 22 17 26 11 6 15 5 18 20 30 29 10 16 31 12 21 13 
0 8 23 7 4 14 27 19 3 1 9 18 25 16 24 22 17 26 11 20 2 5 28 10 6 29 30 15 31 12 21 13 
0 8 23 7 4 14 27 19 3 1 9 18 25 16 24 22 17 26 11 20 2 5 28 10 6 29 30 15 31 12 21 13 
0 8 23 7 4 14 27 19 3 1 9 18 25 16 24 22 17 26 11 20 2 5 28 10 6 29 30 15 31 12 21 13 
0 8 23 7 4 14 27 19 3 1 9 18 25 16 24 22 17 26 11 20 2 5 28 10 6 29 30 15 31 12 21 13 
0 8 23 7 4 14 27 19 3 2 25 28 24 22 26 5 18 9 1 20 11 17 16 10 6 29 30 15 31 12 21 13 
0 6 15 5 21 13 31 16 10 29 30 14 23 7 4 8 27 19 3 2 25 28 24 22 26 17 11 20 1 9 18 12 
0 8 23 7 4 14 27 19 3 2 25 28 24 22 26 17 11 20 30 29 1 10 16 5 18 9 6 15 31 12 21 13 
0 6 15 5 21 13 31 16 10 29 30 14 23 7 4 8 27 19 3 2 25 28 24 22 26 17 11 20 1 9 18 12 
0 8 7 23 4 14 27 19 3 2 25 28 24 22 26 17 11 29 6 10 5 16 18 9 1 20 30 15 31 12 21 13 
0 8 4 7 23 14 27 19 3 18 2 25 28 24 22 11 26 17 20 10 5 6 9 1 16 29 30 15 31 12 21 13 
0 8 7 23 4 14 27 19 3 2 25 28 24 22 26 17 16 10 5 18 9 1 20 11 6 29 30 15 31 12 21 13 
0 8 7 23 4 14 27 19 3 2 25 28 24 22 26 17 16 10 5 18 9 1 20 11 6 29 30 15 31 12 21 13 
0 8 23 7 4 14 27 19 9 1 20 11 17 26 22 24 28 25 2 30 29 16 10 5 6 18 3 15 31 12 21 13 
0 6 15 5 21 13 31 16 10 29 30 14 23 7 4 8 27 3 19 9 1 20 11 17 26 22 24 28 25 2 18 12 
0 7 23 8 4 14 27 19 9 1 20 11 17 26 22 24 28 25 2 12 31 15 30 29 5 10 16 6 18 3 21 13 
0 7 23 8 4 14 27 19 9 2 11 12 17 26 22 24 28 25 31 3 18 6 16 20 5 29 30 15 1 10 21 13 
0 7 23 8 4 14 27 19 9 2 11 12 17 26 22 24 28 25 31 3 18 6 16 20 5 29 30 15 1 10 21 13 
0 7 23 8 4 14 27 19 9 1 20 11 17 26 22 24 28 25 2 21 12 31 15 29 30 5 10 16 6 18 3 13 
0 7 23 8 4 14 27 19 9 1 20 11 17 26 22 24 28 25 2 6 15 5 21 13 31 16 10 29 30 3 18 12 
0 7 23 8 4 14 27 19 9 1 20 11 17 26 22 24 28 25 2 6 15 5 21 13 31 16 10 29 30 3 18 12 
0 7 23 8 4 14 27 19 9 1 20 11 17 26 22 24 28 25 2 6 15 5 21 13 31 16 10 29 30 3 18 12 
0 7 23 8 4 14 27 19 9 1 20 11 17 26 22 24 28 25 2 6 15 5 21 13 31 16 10 29 30 3 18 12 
0 7 23 8 4 14 27 19 9 1 20 25 2 24 22 26 17 11 28 3 18 6 16 10 5 29 30 21 31 12 15 13 
0 7 23 8 4 14 27 19 9 1 20 11 17 26 22 24 2 25 5 3 6 18 16 10 28 29 30 15 31 12 21 13 
0 7 23 8 4 14 27 19 9 1 20 25 2 24 22 26 17 11 28 3 18 6 16 10 5 29 30 21 31 12 15 13 
0 7 23 8 4 14 27 19 9 1 20 11 17 26 22 24 2 25 28 21 12 31 18 3 6 16 10 5 29 30 15 13 
0 7 23 8 4 14 27 19 9 1 20 11 17 26 22 24 2 25 28 29 5 10 16 6 3 18 30 15 31 12 21 13 
0 7 23 8 4 14 27 19 9 1 20 11 17 26 22 24 2 25 28 21 12 31 15 30 29 5 10 16 6 3 18 13 
0 7 23 8 4 14 27 19 9 1 20 11 17 26 22 24 2 25 28 30 16 10 5 29 6 3 18 15 31 12 21 13 
0 7 23 8 4 14 10 16 6 18 3 2 25 28 24 22 26 17 11 27 19 9 1 20 5 29 30 15 31 12 21 13 
0 7 23 8 4 14 27 19 9 1 20 11 17 26 22 24 2 25 28 30 29 5 10 16 6 3 18 15 31 12 21 13 
0 7 23 8 4 14 27 19 9 1 20 11 17 16 6 3 18 28 25 2 24 22 26 10 5 29 30 15 31 12 21 13 
0 7 23 8 4 14 30 29 5 10 16 6 3 18 28 25 2 24 22 27 19 9 1 20 11 17 26 15 31 12 21 13 
0 12 31 15 30 29 5 10 16 6 3 18 2 25 28 24 22 20 26 7 23 11 17 1 9 8 4 14 27 19 21 13 
0 12 31 15 30 29 5 10 16 6 3 18 2 25 28 24 22 20 26 7 23 11 17 1 9 8 4 14 27 19 21 13 
0 12 31 15 30 29 5 10 16 6 3 18 2 25 28 24 22 20 26 7 23 11 17 1 9 8 4 14 27 19 21 13 
0 7 25 2 24 22 26 20 11 17 1 9 19 27 14 4 8 23 28 18 3 6 16 10 5 29 30 15 31 12 21 13 
0 7 23 8 4 14 27 19 9 1 17 11 20 26 22 24 2 25 28 31 15 29 30 5 10 16 6 3 18 12 21 13 
0 7 23 8 6 3 18 28 25 2 24 22 26 17 11 4 1 30 14 20 19 27 16 10 5 9 29 15 31 12 21 13 
0 7 23 8 6 3 18 28 25 2 24 22 26 17 11 4 1 30 14 20 19 27 16 10 5 9 29 15 31 12 21 13 
0 7 23 8 3 6 17 22 25 2 11 28 26 18 24 20 1 9 19 4 14 27 16 10 5 30 29 15 31 12 21 13 
0 7 23 8 4 14 27 19 11 9 17 1 26 22 20 24 28 25 2 6 3 18 16 10 5 30 29 15 31 12 21 13 
0 7 23 8 4 14 27 19 9 1 17 11 26 20 22 24 2 25 18 10 3 6 16 28 5 30 29 15 31 12 21 13 
0 7 23 8 4 14 10 5 16 6 3 18 2 25 28 24 22 20 26 27 19 9 1 17 11 30 29 15 31 12 21 13 
0 7 23 8 4 14 27 19 9 1 17 11 26 22 20 24 28 25 2 31 15 18 3 6 16 10 5 30 29 12 21 13 
0 7 23 8 4 14 31 15 29 30 5 10 16 6 3 18 28 25 2 27 19 9 1 17 11 26 20 22 24 12 21 13 
0 7 23 8 4 14 27 19 9 1 17 11 26 22 20 31 15 29 30 5 10 16 18 3 6 2 25 28 24 12 21 13 
0 7 23 8 4 14 31 15 29 30 5 10 16 6 3 18 28 25 2 27 19 9 1 17 11 26 20 22 24 12 21 13 
0 7 23 8 4 14 27 19 9 1 17 11 26 20 22 24 6 25 28 3 18 2 16 5 10 30 29 15 31 12 21 13 
0 7 23 8 4 14 10 16 31 15 29 30 27 19 9 1 17 5 11 26 20 22 24 2 25 28 18 3 6 12 21 13 
0 7 23 8 3 18 2 25 28 24 20 27 26 11 17 1 9 19 22 6 14 4 5 16 10 30 29 15 31 12 21 13 
0 7 23 8 4 14 27 19 21 12 31 15 29 30 5 10 16 6 3 9 1 17 11 26 20 22 24 2 25 28 18 13 
0 7 31 15 29 30 10 5 16 14 4 6 27 19 9 1 17 26 20 23 8 11 22 24 2 25 28 18 3 12 21 13 
0 7 23 8 4 14 27 19 21 12 31 15 29 30 5 10 16 6 3 9 1 17 11 26 20 22 24 2 25 28 18 13 
0 7 23 8 4 14 27 19 21 12 31 15 29 30 5 10 16 6 3 9 1 17 11 26 20 22 24 2 25 28 18 13 
0 7 23 8 3 18 2 22 20 16 28 25 26 11 17 1 9 19 27 6 4 24 14 10 5 29 30 15 31 12 21 13 
0 7 23 8 3 18 2 25 28 24 20 22 5 4 6 27 19 9 1 17 11 26 16 14 10 30 29 15 31 12 21 13 
0 7 23 8 3 18 2 25 28 24 20 22 5 4 6 27 19 9 1 17 11 26 16 14 10 30 29 15 31 12 21 13 
0 7 23 8 3 18 2 25 28 24 20 22 26 11 17 1 9 19 27 6 4 16 10 14 5 30 21 12 31 15 29 13 
0 7 23 8 4 14 27 19 21 12 31 15 29 30 5 10 16 6 3 18 28 25 2 24 20 22 26 11 17 1 9 13 
0 7 23 8 3 18 28 25 2 24 20 22 26 11 17 1 9 6 14 19 30 5 16 27 10 4 29 15 31 12 21 13 
0 7 15 29 30 14 10 5 16 4 6 27 19 9 1 17 11 26 22 23 8 3 18 28 25 2 24 20 31 12 21 13 
0 7 23 8 3 18 11 20 22 24 2 25 28 26 17 1 9 19 27 29 30 14 10 5 16 4 6 15 31 12 21 13 
0 7 23 8 3 18 28 25 2 24 20 31 15 29 30 14 10 5 16 4 6 27 19 9 1 17 11 26 22 12 21 13 
0 7 23 8 4 14 27 19 21 12 31 15 29 30 5 10 16 6 3 18 28 25 2 24 22 20 11 26 17 1 9 13 
0 7 23 8 3 18 28 25 2 9 1 17 20 26 22 11 24 29 27 6 16 4 5 10 14 30 19 15 31 12 21 13 
0 7 23 8 3 18 28 25 2 24 20 30 14 10 5 16 4 6 27 19 9 1 17 26 11 22 29 15 31 12 21 13 
0 7 23 8 3 18 28 25 2 24 20 30 14 10 5 16 4 6 27 19 9 1 17 26 11 22 29 15 31 12 21 13 
0 7 23 8 3 18 28 25 2 24 20 30 14 10 5 16 4 6 27 19 9 1 17 26 11 22 29 15 31 12 21 13 
0 7 23 8 4 14 27 19 21 12 31 15 29 30 5 10 16 6 3 1 17 11 26 22 20 24 2 25 28 18 9 13 
0 7 23 8 1 17 11 26 22 20 24 2 25 28 18 3 9 14 27 31 4 16 5 29 12 30 10 15 6 19 21 13 
0 7 23 8 4 14 27 19 21 12 31 15 29 30 5 10 16 6 3 1 17 11 26 22 20 24 2 25 28 18 9 13 
0 7 23 8 4 14 27 19 21 12 31 15 29 30 5 10 16 6 3 1 17 11 26 22 20 24 2 25 28 18 9 13 
0 7 23 8 1 17 11 26 22 20 24 2 30 14 10 5 16 4 6 27 19 9 3 18 28 25 29 15 31 12 21 13 
0 7 23 8 1 17 5 16 4 6 27 19 9 3 18 28 25 2 24 20 22 26 11 10 14 30 29 15 31 12 21 13 
0 7 23 8 9 1 17 2 24 20 22 26 11 25 28 18 3 19 27 6 4 16 5 10 14 30 29 15 31 12 21 13 
0 7 23 2 24 20 22 26 11 17 1 9 8 25 28 18 3 19 27 6 4 16 5 10 14 30 29 15 31 12 21 13 
0 7 23 8 1 17 11 26 22 20 15 29 30 14 10 5 16 4 6 27 9 19 3 18 28 25 2 24 31 12 21 13 
0 7 23 8 9 1 16 4 6 27 19 3 18 28 25 2 24 20 22 26 11 17 5 10 14 30 29 15 31 12 21 13 
0 7 23 8 9 1 17 26 11 22 29 30 14 10 5 16 4 6 27 19 3 18 28 25 2 24 20 15 31 12 21 13 
0 7 23 8 9 1 17 26 2 24 20 22 11 25 28 18 3 19 27 6 4 16 5 10 14 30 29 15 31 12 21 13 
0 7 23 8 9 1 17 26 11 22 20 24 25 27 28 18 3 2 4 6 19 16 5 10 14 30 29 15 31 12 21 13 
0 7 23 8 9 1 17 26 11 22 20 24 25 27 28 18 3 2 4 6 19 16 5 10 14 30 29 15 31 12 21 13 
0 7 23 1 9 17 8 26 11 22 20 24 2 25 28 18 3 19 27 6 4 16 5 10 14 30 29 15 31 12 21 13 
0 7 23 8 9 1 17 27 19 3 18 28 25 2 24 20 22 11 26 6 4 16 5 10 14 30 29 15 31 12 21 13 
0 7 23 8 9 1 17 27 19 3 18 28 25 2 24 20 22 11 26 6 4 16 5 10 14 30 29 15 31 12 21 13 
0 7 23 8 9 1 17 27 19 3 18 28 25 2 24 20 22 11 26 6 4 16 5 10 14 30 29 15 31 12 21 13 
0 7 23 8 9 1 17 26 11 22 20 24 2 25 28 12 31 15 29 30 14 10 5 16 4 6 27 19 3 18 21 13 
0 1 23 7 9 8 17 26 11 22 20 24 4 25 28 18 3 19 27 6 2 16 5 10 14 30 29 15 31 12 21 13 
0 1 23 7 9 8 17 26 11 22 20 24 4 25 28 18 3 19 27 6 2 16 5 10 14 30 29 15 31 12 21 13 
0 7 23 8 9 1 17 26 2 24 20 22 11 25 28 18 3 19 27 6 4 16 5 10 14 30 29 15 31 12 21 13 
0 7 23 8 9 1 17 26 11 22 20 24 2 25 31 15 29 30 14 10 5 16 4 6 27 19 3 18 28 12 21 13 
0 7 23 10 9 8 1 26 11 22 20 24 2 25 28 18 3 19 27 6 4 16 5 14 17 30 29 15 31 12 21 13 
0 7 23 10 9 8 1 26 11 22 20 24 2 25 28 18 3 19 27 6 4 16 5 14 17 30 29 15 31 12 21 13 
0 7 23 8 9 1 17 26 11 22 20 24 21 12 31 15 29 30 14 10 5 16 4 6 27 19 3 18 28 25 2 13 
0 7 23 8 9 1 17 26 11 22 20 24 21 12 31 15 29 30 14 10 5 16 4 6 27 19 3 18 28 25 2 13 
0 7 23 8 9 1 17 26 11 22 20 24 2 25 28 18 3 19 27 21 12 31 15 29 30 14 10 5 16 4 6 13 
0 7 23 8 9 1 17 26 11 22 20 24 2 25 28 18 3 14 10 5 16 4 6 27 19 30 29 15 31 12 21 13 
0 7 23 8 9 1 17 26 11 22 20 24 2 25 28 18 15 29 30 14 10 5 16 4 6 27 19 3 31 12 21 13 
0 7 23 8 9 1 17 26 11 22 20 24 10 5 16 4 6 27 19 3 18 28 25 2 14 30 29 15 31 12 21 13 
0 7 23 8 9 1 17 26 11 22 20 24 2 25 28 18 31 15 29 30 14 10 5 16 4 6 27 19 3 12 21 13 
0 7 2 24 20 22 11 26 17 1 9 8 23 25 28 18 3 19 27 6 4 16 5 10 14 30 29 15 31 12 21 13 
0 7 23 8 9 1 17 26 30 14 10 5 16 4 6 27 19 3 18 28 25 2 24 20 22 11 29 15 31 12 21 13 
0 7 23 8 9 1 17 26 30 14 10 5 16 4 6 27 19 3 18 28 25 2 24 20 22 11 29 15 31 12 21 13 
0 7 23 8 9 1 17 26 11 22 15 29 30 14 10 5 16 4 6 27 19 3 18 28 25 2 24 20 31 12 21 13 
0 7 23 8 9 1 17 26 11 22 20 24 2 4 6 27 19 3 18 28 25 16 5 10 14 30 29 15 31 12 21 13 
0 7 23 8 9 1 15 29 30 14 10 5 16 4 6 27 19 3 18 17 26 11 22 20 24 2 25 28 31 12 21 13 
0 7 23 8 9 20 17 26 11 2 1 24 22 25 28 18 3 19 27 6 4 16 5 10 14 30 29 15 31 12 21 13 
0 7 23 24 9 1 17 11 26 22 20 8 2 25 28 18 3 19 27 6 4 16 5 10 14 30 29 15 31 12 21 13 
0 7 23 8 9 1 17 26 11 22 20 24 2 25 28 18 3 19 27 21 12 31 15 29 30 14 10 5 16 4 6 13 
0 7 23 8 9 1 17 26 11 4 6 27 19 3 18 28 25 2 24 20 22 16 5 10 14 30 29 15 31 12 21 13 
0 7 23 8 9 1 17 26 11 4 6 27 19 3 18 28 25 2 24 20 22 16 5 10 14 30 29 15 31 12 21 13 
0 7 23 8 9 1 17 26 11 22 20 24 15 29 30 14 10 5 16 4 6 27 19 3 18 28 25 2 31 12 21 13 
0 7 23 8 9 1 17 26 11 22 20 24 15 29 30 14 10 5 16 4 6 27 19 3 18 28 25 2 31 12 21 13 
0 7 23 8 9 1 17 26 11 22 20 16 4 6 27 19 3 18 28 25 2 24 5 10 14 30 29 15 31 12 21 13 
0 7 23 8 9 1 17 26 11 22 20 16 4 6 27 19 3 18 28 25 2 24 5 10 14 30 29 15 31 12 21 13 
0 7 23 8 9 1 17 26 11 24 20 22 2 25 28 15 3 19 27 6 4 16 5 10 14 30 29 18 31 12 21 13 
0 7 23 8 9 1 17 26 11 24 20 22 2 25 28 15 3 19 27 6 4 16 5 10 14 30 29 18 31 12 21 13 
0 7 23 17 9 1 8 26 11 22 20 24 2 25 28 18 3 19 27 6 4 16 5 10 14 30 12 31 15 29 21 13 
0 7 23 8 9 1 17 26 11 22 20 24 2 25 28 18 3 14 10 5 16 4 6 27 19 30 29 15 31 12 21 13 
0 7 23 8 9 1 17 26 11 22 18 24 2 25 27 20 3 19 28 6 4 16 5 10 14 30 29 15 31 12 21 13 
0 7 23 8 26 1 9 17 2 22 20 24 11 25 28 18 3 19 27 6 4 16 5 10 14 30 29 15 31 12 21 13 
0 7 23 8 26 1 9 17 2 22 20 24 11 25 28 18 3 19 27 6 4 16 5 10 14 30 29 15 31 12 21 13 
0 7 23 8 9 1 17 26 11 22 20 24 2 25 28 18 3 15 27 6 4 16 5 10 29 30 14 19 31 12 21 13 
0 7 23 8 9 1 17 26 11 22 20 24 14 30 27 19 3 18 28 25 2 10 5 16 4 6 29 15 31 12 21 13 
0 7 23 8 9 1 17 26 11 22 20 24 14 30 27 19 3 18 28 25 2 10 5 16 4 6 29 15 31 12 21 13 
0 7 23 8 9 1 17 26 11 22 20 24 14 30 27 19 3 18 28 25 2 10 5 16 4 6 29 15 31 12 21 13 
0 7 23 8 9 1 17 26 11 22 20 16 2 25 28 18 3 19 27 6 29 24 5 10 30 14 4 15 31 12 21 13 
0 7 23 8 9 1 17 26 11 22 20 24 16 25 28 2 3 19 27 6 4 18 5 10 14 30 29 15 31 12 21 13 
0 7 23 8 9 1 17 26 11 22 20 24 2 25 28 18 3 19 27 6 31 16 29 10 14 12 30 15 4 5 21 13 
0 7 23 8 9 1 17 26 15 22 20 24 2 25 28 5 3 31 27 6 12 16 30 10 14 18 29 11 19 4 21 13 
0 7 23 8 9 1 17 29 30 14 10 5 16 4 6 27 19 3 18 28 25 2 24 20 22 11 26 15 31 12 21 13 
0 7 23 8 9 1 17 26 11 22 20 24 2 3 28 18 25 19 27 6 4 16 5 10 14 30 29 15 31 12 21 13 
0 7 23 12 31 15 29 30 14 10 5 16 4 6 27 19 3 18 28 8 9 1 17 26 11 22 20 24 2 25 21 13 
0 7 23 8 9 1 17 26 11 22 20 24 2 25 28 18 3 19 27 6 4 16 12 10 15 30 29 14 31 5 21 13 
0 7 23 8 9 1 17 26 11 22 20 24 2 4 6 27 19 3 18 28 25 16 5 10 14 30 29 15 31 12 21 13 
0 7 23 8 9 1 17 26 11 22 20 24 2 25 28 21 12 31 15 29 30 14 10 5 16 4 6 27 19 3 18 13 
0 7 23 8 9 1 17 26 11 22 20 24 2 25 28 21 12 31 15 29 30 14 10 5 16 4 6 27 19 3 18 13 
0 7 23 8 9 1 17 26 11 22 20 24 2 25 28 29 30 14 10 5 16 4 6 27 19 3 18 15 31 12 21 13 
0 7 23 8 9 1 17 26 11 22 20 24 10 25 28 2 3 19 27 18 5 29 4 6 16 30 14 15 31 12 21 13 
0 7 23 8 9 1 17 26 11 22 20 24 10 25 28 2 3 19 27 18 5 29 4 6 16 30 14 15 31 12 21 13 
0 7 23 8 9 1 17 15 29 30 14 10 5 16 4 6 27 19 3 18 28 25 2 24 20 22 11 26 31 12 21 13 
0 7 23 8 9 1 17 26 11 22 21 12 31 15 29 30 14 10 5 16 4 6 27 19 3 18 28 25 2 24 20 13 
0 7 23 8 9 1 17 26 11 22 21 12 31 15 29 30 14 10 5 16 4 6 27 19 3 18 28 25 2 24 20 13 
0 7 23 8 2 24 20 22 11 26 17 1 9 25 28 18 3 19 27 6 4 16 5 10 14 30 29 15 31 12 21 13 
0 7 23 8 9 1 17 26 11 22 20 24 2 28 6 4 27 19 3 25 18 10 5 16 14 30 29 15 31 12 21 13 
0 7 23 8 2 24 20 22 11 26 17 1 9 25 28 18 3 19 27 6 4 16 5 10 14 30 29 15 31 12 21 13 
0 7 23 8 9 1 17 26 11 22 20 24 27 25 4 18 3 19 2 6 28 16 5 10 14 30 29 15 31 12 21 13 
0 7 23 8 9 1 17 26 11 22 20 24 27 25 4 18 3 19 2 6 28 16 5 10 14 30 29 15 31 12 21 13 
0 7 23 8 9 1 17 26 11 22 20 24 27 25 4 18 3 19 2 6 28 16 5 10 14 30 29 15 31 12 21 13 
0 7 23 8 9 1 17 19 11 18 20 24 22 25 28 2 3 26 27 6 4 16 5 10 14 30 29 15 31 12 21 13 
0 7 23 8 9 1 17 19 11 18 20 24 22 25 28 2 3 26 27 6 4 16 5 10 14 30 29 15 31 12 21 13 
0 7 23 8 9 1 17 19 11 18 20 24 22 25 28 2 3 26 27 6 4 16 5 10 14 30 29 15 31 12 21 13 
0 7 23 8 9 1 17 26 11 22 20 24 2 25 28 10 5 16 4 6 27 19 3 18 14 30 29 15 31 12 21 13 
0 7 23 8 9 18 28 25 2 24 20 22 11 26 17 1 3 19 27 10 5 16 4 6 14 30 29 15 31 12 21 13 
0 7 23 8 28 25 2 24 20 22 11 26 17 1 9 18 3 27 19 6 4 16 5 10 14 30 29 15 31 12 21 13 
0 7 23 8 9 1 17 26 11 22 20 24 2 25 28 18 3 19 27 6 30 31 5 10 14 4 29 15 16 12 21 13 
0 7 23 8 9 1 17 26 11 22 20 24 2 27 28 30 3 19 25 5 16 4 6 10 14 18 29 15 31 12 21 13 
0 7 23 8 9 1 17 26 11 22 20 24 2 25 28 18 3 19 27 6 30 31 5 10 14 4 29 15 16 12 21 13 
0 7 23 8 9 1 17 26 11 22 20 24 2 25 28 18 3 21 12 31 15 29 30 14 10 5 16 4 6 27 19 13 
0 7 23 8 9 1 17 26 11 20 22 24 2 25 28 18 3 19 27 21 12 31 15 29 30 14 10 5 16 4 6 13 
0 7 23 8 9 1 17 26 11 20 22 24 2 25 28 18 3 19 27 21 12 31 15 29 30 14 10 5 16 4 6 13 
0 7 23 8 9 1 17 26 11 22 6 24 2 18 28 20 3 19 27 16 4 5 25 10 14 30 29 15 31 12 21 13 
0 7 23 8 9 1 17 5 16 4 6 27 19 3 18 28 25 2 24 20 22 11 26 10 14 30 29 15 31 12 21 13 
0 7 23 8 9 1 17 26 11 22 20 24 2 25 28 18 3 10 29 6 4 16 5 14 19 30 27 15 31 12 21 13 
0 7 23 8 9 1 17 26 11 22 20 24 2 25 19 18 31 3 27 6 4 16 28 10 14 30 29 15 5 12 21 13 
0 7 23 8 9 1 17 26 21 12 31 15 29 30 14 10 5 16 4 6 27 19 3 18 28 25 2 24 20 22 11 13 
0 7 23 8 9 1 17 26 11 22 20 24 2 25 15 29 30 14 10 5 16 4 6 27 19 3 18 28 31 12 21 13 
0 7 23 8 9 1 17 26 11 22 20 24 2 19 6 18 28 25 27 3 4 16 5 10 14 30 29 15 31 12 21 13 
0 7 23 8 9 1 17 26 31 15 29 30 14 10 5 16 4 6 27 19 3 18 28 25 2 24 20 22 11 12 21 13 
0 7 23 8 9 1 17 26 11 22 20 12 6 4 16 5 10 14 30 29 15 31 27 19 3 18 28 25 2 24 21 13 
0 7 23 8 9 19 17 26 11 4 20 24 2 16 28 18 3 1 27 30 29 25 5 6 14 10 22 15 31 12 21 13 
0 7 23 8 9 1 17 26 11 22 14 10 5 16 4 6 27 19 3 18 28 25 2 24 20 30 29 15 31 12 21 13 
0 7 23 8 9 1 17 15 29 30 14 10 5 16 4 6 27 19 3 18 28 25 2 24 20 22 11 26 31 12 21 13 
0 7 23 8 9 1 17 26 11 22 20 24 2 25 28 18 3 19 27 6 4 16 5 12 31 15 29 30 14 10 21 13 
0 7 23 17 1 9 8 26 11 22 20 24 2 25 28 18 3 19 27 6 4 16 5 10 14 30 29 15 31 12 21 13 
0 7 23 8 9 1 17 26 11 22 20 24 2 25 6 18 3 19 27 28 4 16 5 10 14 30 29 15 31 12 21 13 
0 7 23 8 9 1 17 26 11 22 20 24 2 25 6 18 3 19 27 28 4 16 5 10 14 30 29 15 31 12 21 13 
0 7 23 8 9 1 17 26 11 22 20 24 2 25 28 29 30 14 10 5 16 4 6 27 19 3 18 15 31 12 21 13 
0 7 23 8 9 1 17 26 11 22 20 24 2 25 30 14 10 5 16 4 6 27 19 3 18 28 29 15 31 12 21 13 
0 7 23 8 9 1 22 26 2 17 20 24 11 25 28 18 3 19 27 6 4 16 5 10 14 30 29 15 31 12 21 13 
0 7 23 8 9 1 22 26 2 17 20 24 11 25 28 18 3 19 27 6 4 16 5 10 14 30 29 15 31 12 21 13 
0 7 23 8 9 1 17 26 11 22 20 24 2 25 28 18 3 19 27 6 4 16 5 10 14 21 12 31 15 29 30 13 
0 7 23 8 9 1 17 26 11 22 20 24 2 25 28 18 3 19 27 6 4 16 5 10 14 21 12 31 15 29 30 13 
0 7 23 8 9 1 17 26 11 22 14 10 5 16 4 6 27 19 3 18 28 25 2 24 20 30 29 15 31 12 21 13 
0 7 23 8 9 1 17 26 11 22 20 24 2 25 28 18 3 19 27 12 4 15 5 16 14 30 29 10 31 6 21 13 
0 7 23 8 9 1 17 26 11 31 15 29 30 14 10 5 4 16 6 25 19 3 27 28 18 2 24 20 22 12 21 13 
0 7 23 8 9 1 17 26 11 22 20 24 2 25 28 18 3 19 27 21 12 31 15 29 30 14 10 5 16 4 6 13 
0 7 23 8 9 1 17 26 11 22 20 24 2 25 28 18 3 19 4 6 29 14 10 27 15 5 30 16 31 12 21 13 
0 7 1 9 8 23 17 26 11 22 20 24 2 25 28 18 3 19 27 6 4 16 5 10 14 30 29 15 31 12 21 13 
0 7 23 8 9 1 17 26 11 22 20 2 25 24 28 18 3 19 27 6 4 16 5 10 14 30 29 15 31 12 21 13 
0 7 23 8 9 1 17 26 11 22 20 24 2 28 25 18 4 19 27 6 3 16 5 10 29 30 14 15 31 12 21 13 
0 7 23 8 9 1 17 26 27 19 3 18 28 25 2 24 20 22 11 6 4 16 5 10 14 30 29 15 31 12 21 13 
0 7 23 8 9 1 17 26 27 19 3 18 28 25 2 24 20 22 11 6 4 16 5 10 14 30 29 15 31 12 21 13 
0 7 23 8 9 1 17 26 11 22 20 24 2 25 28 10 3 19 27 6 4 16 5 18 14 30 29 15 31 12 21 13 
0 7 23 8 9 1 17 26 11 22 20 24 2 30 28 18 10 19 27 6 4 5 16 3 14 25 29 15 31 12 21 13 
0 7 23 8 9 1 17 26 11 22 20 24 2 25 28 10 3 19 27 6 4 16 5 18 14 30 29 15 31 12 21 13 
0 7 23 8 9 1 17 26 11 22 20 24 2 25 4 27 3 6 18 28 19 16 5 10 14 30 29 15 31 12 21 13 
0 7 23 8 9 1 17 26 11 22 16 4 6 27 19 3 18 28 25 2 24 20 5 10 14 30 29 15 31 12 21 13 
0 7 23 8 9 1 17 26 11 22 20 21 12 31 15 29 30 14 10 5 16 4 6 27 19 3 18 28 25 2 24 13 
0 7 23 8 9 1 17 26 11 22 20 24 31 15 29 30 14 10 5 16 4 6 27 19 3 18 28 25 2 12 21 13 
0 7 23 8 9 1 17 26 11 22 20 24 2 25 30 29 12 14 15 5 16 4 6 27 19 3 18 28 31 10 21 13 
0 7 23 8 9 1 17 26 11 22 20 24 2 25 30 29 12 14 15 5 16 4 6 27 19 3 18 28 31 10 21 13 
0 7 23 8 9 1 17 26 11 22 20 24 2 25 28 18 3 19 27 21 12 31 15 29 30 14 10 5 16 4 6 13 
0 7 23 8 9 1 17 26 11 30 14 10 5 16 4 6 27 19 3 18 28 25 2 24 20 22 29 15 31 12 21 13 
0 7 23 8 9 1 17 26 11 22 20 24 3 25 28 18 19 2 27 6 4 16 5 15 14 30 29 10 31 12 21 13 
0 7 23 8 9 1 17 26 11 22 20 24 2 25 28 18 3 19 27 6 4 12 31 15 29 30 14 10 5 16 21 13 
0 7 23 8 9 1 17 26 11 6 4 16 5 27 19 3 18 28 25 2 24 20 22 10 14 30 29 15 31 12 21 13 
0 7 23 8 9 1 17 26 11 6 4 16 5 27 19 3 18 28 25 2 24 20 22 10 14 30 29 15 31 12 21 13 
0 7 23 8 9 1 17 26 11 22 20 24 2 25 28 18 27 3 19 6 4 16 5 10 14 30 29 15 31 12 21 13 
0 7 23 8 9 1 17 26 11 22 6 24 2 25 29 20 3 19 27 18 31 16 5 10 14 30 28 15 4 12 21 13 
0 7 9 8 26 1 17 23 11 22 20 24 2 25 28 18 3 19 27 6 4 16 5 10 14 30 29 15 31 12 21 13 
0 7 9 8 26 1 17 23 11 22 20 24 2 25 28 18 3 19 27 6 4 16 5 10 14 30 29 15 31 12 21 13 
0 7 23 8 9 1 17 26 11 4 6 27 19 3 18 28 25 2 24 20 22 16 5 10 14 30 29 15 31 12 21 13 
0 7 23 8 9 1 17 26 11 22 20 24 5 16 4 6 27 19 3 18 28 25 2 10 14 30 29 15 31 12 21 13 
0 7 23 8 9 1 17 25 11 22 20 24 2 26 19 18 3 28 27 6 4 16 5 10 14 30 29 15 31 12 21 13 
0 7 23 8 9 1 17 25 11 22 20 24 2 26 19 18 3 28 27 6 4 16 5 10 14 30 29 15 31 12 21 13 
0 7 23 8 9 1 17 25 11 22 20 24 2 26 19 18 3 28 27 6 4 16 5 10 14 30 29 15 31 12 21 13 
0 7 23 8 9 1 17 26 11 22 20 24 2 25 28 18 3 19 27 6 4 16 5 12 10 30 29 15 31 14 21 13 
0 7 23 8 9 1 17 16 4 6 27 19 3 18 28 25 2 24 20 22 11 26 5 10 14 30 29 15 31 12 21 13 
0 7 23 8 9 1 17 16 4 6 27 19 3 18 28 25 2 24 20 22 11 26 5 10 14 30 29 15 31 12 21 13 
0 7 23 8 9 1 17 16 4 6 27 19 3 18 28 25 2 24 20 22 11 26 5 10 14 30 29 15 31 12 21 13 
0 7 23 8 9 1 17 26 11 22 20 24 2 25 28 18 3 19 21 12 31 15 29 30 14 10 5 16 4 6 27 13 
0 7 23 8 9 1 17 26 11 22 16 24 2 28 25 18 3 19 27 20 4 6 5 10 14 30 29 15 31 12 21 13 
0 7 23 8 9 1 17 26 11 22 20 10 5 16 4 6 27 19 3 18 28 25 2 24 14 30 29 15 31 12 21 13 
0 7 23 8 9 1 17 12 31 15 29 30 14 10 5 16 4 6 27 26 11 22 20 24 2 25 28 18 3 19 21 13 
0 7 23 8 9 1 17 26 11 22 20 24 2 25 28 18 3 19 21 27 6 4 16 5 10 14 30 29 15 31 12 13 
0 7 23 8 9 1 17 26 11 22 20 24 4 16 5 10 14 27 19 3 18 28 25 2 6 30 29 15 31 12 21 13 
0 7 23 8 9 1 17 26 11 22 20 24 2 25 28 18 4 27 14 6 3 16 5 10 19 29 30 15 31 12 21 13 
0 7 23 8 9 1 17 26 11 22 20 24 2 25 28 18 4 27 14 6 3 16 5 10 19 29 30 15 31 12 21 13 
0 7 23 8 9 1 17 26 11 22 20 24 2 25 28 10 5 16 4 6 27 19 3 18 14 30 29 15 31 12 21 13 
0 7 23 8 9 1 17 26 11 22 20 24 2 25 4 18 28 19 27 6 3 16 5 10 14 30 29 15 31 12 21 13 
0 7 23 8 9 1 17 26 11 22 20 24 2 25 4 18 28 19 27 6 3 16 5 10 14 30 29 15 31 12 21 13 
0 7 23 8 9 1 17 26 11 19 25 24 20 2 22 18 3 28 27 6 4 16 5 10 14 30 29 15 31 12 21 13 
0 7 23 8 9 1 17 26 11 19 25 24 20 2 22 18 3 28 27 6 4 16 5 10 14 30 29 15 31 12 21 13 
0 7 23 8 9 1 17 26 11 22 20 24 2 25 28 18 3 19 27 6 4 16 5 10 14 30 21 29 31 12 15 13 
0 7 23 8 9 1 17 26 11 24 20 2 22 25 28 18 3 19 27 21 12 31 15 29 30 14 10 5 16 4 6 13 
0 7 23 8 9 1 10 5 16 4 6 27 19 3 18 28 25 2 24 20 22 11 26 17 14 30 29 15 31 12 21 13 
0 7 23 8 9 1 17 26 11 22 20 24 2 25 10 27 3 30 16 28 4 18 5 6 15 19 29 14 31 12 21 13 
0 7 23 8 9 1 17 26 11 22 21 12 31 15 29 30 14 10 5 16 4 6 27 19 3 18 28 25 2 24 20 13 
0 7 23 8 9 1 17 26 11 22 20 16 4 6 27 19 3 18 28 25 2 24 5 10 14 30 29 15 31 12 21 13 
0 7 23 8 9 1 17 26 11 22 20 24 2 19 28 18 3 25 27 6 4 16 5 10 14 30 29 15 31 12 21 13 
0 28 25 2 24 20 22 11 26 17 1 9 8 23 7 18 3 19 27 4 6 16 5 10 14 30 29 15 31 12 21 13 
0 28 25 2 24 20 22 11 26 17 1 9 8 23 7 18 3 19 27 4 6 16 5 10 14 30 29 15 31 12 21 13 
0 7 23 8 11 1 17 26 9 22 20 24 2 25 28 18 3 19 27 6 4 16 5 10 14 30 29 15 31 12 21 13 
0 7 23 8 9 1 17 26 11 22 20 24 2 25 21 12 31 15 29 30 14 10 5 16 4 6 27 19 3 18 28 13 
0 7 23 8 9 1 17 26 11 22 20 24 2 25 21 12 31 15 29 30 14 10 5 16 4 6 27 19 3 18 28 13 
0 7 23 8 9 1 17 26 11 22 20 24 2 25 21 12 31 15 29 30 14 10 5 16 4 6 27 19 3 18 28 13 
0 7 23 8 9 2 17 26 11 22 20 3 1 18 28 25 24 19 27 6 4 16 5 10 14 30 29 15 31 12 21 13 
0 7 23 8 9 1 17 26 11 22 20 24 2 25 28 18 3 16 30 6 10 19 5 4 14 27 29 15 31 12 21 13 
0 7 25 2 24 20 22 11 26 17 1 9 8 23 28 18 3 19 27 6 4 16 5 10 14 30 29 15 31 12 21 13 
0 7 25 2 24 20 22 11 26 17 1 9 8 23 28 18 3 19 27 6 4 16 5 10 14 30 29 15 31 12 21 13 
0 7 23 8 9 1 17 26 11 22 20 24 2 25 28 18 3 19 27 6 31 16 21 10 14 5 12 4 15 29 30 13 
0 7 23 8 9 1 17 26 11 22 20 24 2 25 28 18 3 19 27 6 4 16 5 21 12 31 15 29 30 14 10 13 
0 7 23 8 9 1 17 26 11 22 20 24 2 25 28 18 3 19 27 6 4 16 12 5 14 30 31 29 15 10 21 13 
0 7 23 8 9 1 17 26 11 22 20 24 2 25 28 18 3 19 27 6 4 16 5 10 14 30 29 15 31 21 12 13 
0 7 23 8 9 1 17 26 11 22 20 24 2 25 28 5 27 19 3 6 4 16 18 10 14 29 30 15 31 12 21 13 
0 7 23 8 9 1 17 26 11 22 20 28 2 25 14 18 3 19 24 6 4 16 5 10 30 27 29 15 31 12 21 13 
0 7 23 8 9 1 17 26 11 22 20 24 2 25 10 18 3 19 16 6 27 4 5 28 14 30 29 15 31 12 21 13 
0 7 23 8 9 1 17 26 11 22 20 24 2 25 10 18 3 19 16 6 27 4 5 28 14 30 29 15 31 12 21 13 
0 7 23 8 9 1 17 26 11 22 20 24 4 25 19 18 3 28 27 6 2 16 5 10 14 30 29 15 31 12 21 13 
0 7 23 8 9 1 17 26 11 22 20 24 4 25 19 18 3 28 27 6 2 16 5 10 14 30 29 15 31 12 21 13 
0 7 23 8 9 1 17 26 11 22 20 24 4 25 19 18 3 28 27 6 2 16 5 10 14 30 29 15 31 12 21 13 
0 7 23 8 9 1 17 26 11 22 20 24 4 25 19 18 3 28 27 6 2 16 5 10 14 30 29 15 31 12 21 13 
0 7 23 8 9 1 17 26 11 22 20 24 2 25 28 18 3 21 12 31 15 29 30 14 10 5 16 4 6 27 19 13 
0 7 23 8 9 1 17 26 11 22 20 24 2 25 28 18 3 19 27 6 4 16 21 12 31 15 29 30 14 10 5 13 
0 7 23 8 9 1 17 26 11 22 30 14 10 5 16 4 6 27 19 3 18 28 25 2 24 20 29 15 31 12 21 13 
0 7 23 8 9 1 17 26 11 22 30 14 10 5 16 4 6 27 19 3 18 28 25 2 24 20 29 15 31 12 21 13 
0 7 23 8 9 1 17 26 11 22 20 24 2 25 28 18 3 19 27 21 12 31 15 29 30 14 10 5 16 4 6 13 
0 7 23 8 9 1 17 26 11 22 20 24 2 25 28 18 3 19 27 21 12 31 15 29 30 14 10 5 16 4 6 13 
0 7 23 8 9 1 17 26 11 22 20 24 2 25 28 18 3 19 27 21 6 4 16 5 10 14 30 29 15 31 12 13 
0 7 23 8 9 1 17 26 11 22 20 24 2 25 28 18 3 19 27 6 4 16 21 12 31 15 29 30 14 10 5 13 
0 7 23 8 9 1 17 26 11 28 20 24 2 18 22 4 3 16 27 6 19 25 5 10 14 30 29 15 31 12 21 13 
0 7 23 8 9 1 17 26 11 22 25 24 2 20 3 18 28 19 27 6 4 16 5 10 14 30 29 15 31 12 21 13 
0 7 23 8 9 1 17 26 11 22 20 5 16 4 6 27 19 3 18 28 25 2 24 10 14 30 29 15 31 12 21 13 
0 7 23 8 9 1 17 26 11 22 20 5 16 4 6 27 19 3 18 28 25 2 24 10 14 30 29 15 31 12 21 13 
0 7 23 8 9 1 17 26 11 22 20 24 2 25 29 30 14 10 5 16 4 6 27 19 3 18 28 31 15 12 21 13 
0 7 23 8 9 1 17 26 11 22 20 24 2 25 28 18 3 19 27 6 14 16 5 10 4 21 12 31 15 29 30 13 
0 7 23 8 9 1 17 26 11 22 20 15 2 25 28 18 3 19 27 6 4 16 5 10 14 30 29 24 31 12 21 13 
0 7 23 8 9 1 17 26 11 22 20 15 2 25 28 18 3 19 27 6 4 16 5 10 14 30 29 24 31 12 21 13 
0 7 23 8 9 1 17 26 11 22 20 15 2 25 28 18 3 19 27 6 4 16 5 10 14 30 29 24 31 12 21 13 
0 7 24 8 23 3 17 26 11 22 20 9 2 25 1 18 28 19 27 6 4 16 5 14 10 30 29 15 31 12 21 13 
0 7 23 8 9 1 17 26 11 22 20 24 2 25 28 18 3 19 27 21 6 4 16 5 10 14 30 29 15 31 12 13 
0 7 17 8 26 1 23 9 11 22 20 24 2 25 28 18 3 19 27 6 4 16 5 10 14 30 29 15 31 12 21 13 
0 7 17 8 26 1 23 9 11 22 20 24 2 25 28 18 3 19 27 6 4 16 5 10 14 30 29 15 31 12 21 13 
0 7 17 8 26 1 23 9 11 22 20 24 2 25 28 18 3 19 27 6 4 16 5 10 14 30 29 15 31 12 21 13 
0 7 23 8 9 1 17 26 11 22 20 24 2 29 30 14 10 5 16 4 6 27 19 3 18 28 25 15 31 12 21 13 
0 7 23 8 9 1 17 26 11 22 20 24 2 29 30 14 10 5 16 4 6 27 19 3 18 28 25 15 31 12 21 13 
0 7 23 8 9 30 14 10 5 16 4 6 27 19 3 18 28 25 2 24 20 22 11 26 17 1 29 15 31 12 21 13 
0 7 23 8 9 1 17 26 11 22 20 24 31 15 29 30 14 10 5 16 4 6 27 19 3 18 28 25 2 12 21 13 
0 7 23 8 9 1 17 26 11 22 20 24 2 25 19 18 3 28 4 6 27 16 5 10 14 30 29 15 31 12 21 13 
0 7 23 8 9 1 24 20 22 11 26 17 2 25 28 18 3 19 27 6 4 16 5 10 14 30 29 15 31 12 21 13 
0 7 23 8 9 1 24 20 22 11 26 17 2 25 28 18 3 19 27 6 4 16 5 10 14 30 29 15 31 12 21 13 
0 7 23 8 9 1 2 26 11 22 20 24 17 25 28 18 3 19 27 6 4 16 5 10 14 30 29 15 31 12 21 13 
0 7 23 8 9 1 17 26 11 22 20 24 27 28 25 18 3 19 2 4 6 16 5 10 14 30 29 15 31 12 21 13 
0 7 23 8 9 1 17 26 2 22 25 24 11 20 28 18 3 19 27 6 4 16 5 10 14 30 29 15 31 12 21 13 
0 7 23 8 9 1 17 26 11 22 20 31 15 29 30 14 10 5 16 4 6 27 19 3 18 28 25 2 24 12 21 13 
0 7 23 8 9 1 17 26 11 22 20 24 2 25 28 29 30 14 10 5 16 4 6 27 19 3 18 15 31 12 21 13 
0 7 23 8 9 1 17 26 11 22 20 24 30 14 10 5 16 4 6 27 19 3 18 28 25 2 29 15 31 12 21 13 
0 7 23 8 9 1 17 26 11 22 20 24 2 25 28 18 3 19 27 6 4 16 5 10 14 30 21 12 31 15 29 13 
0 7 23 8 9 10 5 16 4 6 27 19 3 18 28 25 2 24 20 22 11 26 17 1 14 30 29 15 31 12 21 13 
0 7 23 8 9 1 17 26 11 22 27 19 3 18 28 25 2 24 20 6 4 16 5 10 14 30 29 15 31 12 21 13 
0 7 23 8 9 1 17 26 11 22 20 24 2 25 28 18 3 19 27 6 4 16 21 12 31 15 29 30 14 10 5 13 
0 7 23 8 9 1 17 18 28 25 2 24 20 22 11 26 3 19 27 6 4 16 5 10 14 30 29 15 31 12 21 13 
0 7 23 8 11 1 20 26 9 22 17 24 2 25 28 18 3 19 27 6 4 16 5 10 14 30 29 15 31 12 21 13 
0 7 23 8 9 1 17 26 22 2 20 24 11 25 28 18 3 19 27 6 4 16 5 10 14 30 29 15 31 12 21 13 
0 7 23 8 9 1 17 26 11 22 20 24 2 25 28 18 3 21 12 31 15 29 30 14 10 5 16 4 6 27 19 13 
0 7 23 8 9 1 17 30 14 10 5 16 4 6 27 19 3 18 28 25 2 24 20 22 11 26 29 15 31 12 21 13 
0 3 27 8 9 1 17 26 11 22 20 23 2 25 28 18 24 19 7 6 4 16 5 10 14 30 29 15 31 12 21 13 
0 7 23 8 9 1 17 26 11 22 10 5 16 4 6 27 19 3 18 28 25 2 24 20 14 30 29 15 31 12 21 13 
0 7 23 8 9 1 17 26 11 22 10 5 16 4 6 27 19 3 18 28 25 2 24 20 14 30 29 15 31 12 21 13 
0 7 23 8 9 1 17 26 11 22 10 5 16 4 6 27 19 3 18 28 25 2 24 20 14 30 29 15 31 12 21 13 
0 7 23 8 9 1 17 26 11 22 10 5 16 4 6 27 19 3 18 28 25 2 24 20 14 30 29 15 31 12 21 13 
0 7 23 8 9 1 17 26 11 22 20 24 2 25 4 6 27 19 3 18 28 16 5 10 14 30 29 15 31 12 21 13 
0 7 23 2 24 20 22 11 26 17 1 9 8 25 28 18 3 19 27 6 4 16 5 10 14 30 29 15 31 12 21 13 
0 7 23 8 9 1 17 26 19 3 18 28 25 2 24 20 22 11 27 6 4 16 5 10 14 30 29 15 31 12 21 13 
0 7 23 8 9 1 17 26 11 22 20 24 2 25 28 18 3 19 27 21 12 31 15 29 30 14 10 5 16 4 6 13 
0 7 23 8 9 1 17 26 11 22 20 24 2 25 28 18 3 19 27 21 12 31 15 29 30 14 10 5 16 4 6 13 
0 7 23 8 9 1 17 26 11 22 20 24 2 25 28 18 3 19 27 6 4 16 5 10 31 15 29 30 14 12 21 13 
0 24 20 22 11 26 17 1 9 8 23 7 2 25 28 18 3 19 27 6 4 16 5 10 14 30 29 15 31 12 21 13 
0 7 23 8 9 1 17 26 18 22 20 3 11 25 2 28 24 19 27 6 4 16 5 10 14 30 29 15 31 12 21 13 
0 7 23 8 9 1 17 26 11 22 20 24 2 25 28 18 3 19 27 21 12 31 15 29 30 14 10 5 16 4 6 13 
0 7 23 8 9 1 17 26 14 10 5 16 4 6 27 19 3 18 28 25 2 24 20 22 11 30 29 15 31 12 21 13 
0 7 23 8 9 1 17 26 11 22 20 24 2 5 10 14 27 19 3 18 28 25 16 4 6 30 29 15 31 12 21 13 
0 7 23 8 9 1 17 26 11 22 20 24 14 5 16 4 6 27 19 3 18 28 25 2 10 30 29 15 31 12 21 13 
0 7 23 8 9 1 17 26 11 22 20 14 10 5 16 4 6 27 19 3 18 28 25 2 24 30 29 15 31 12 21 13 
0 7 23 8 9 1 17 26 11 22 20 24 2 25 28 5 16 4 6 27 19 3 18 10 14 30 29 15 31 12 21 13 
0 7 23 8 9 1 17 26 11 22 20 24 2 25 28 18 3 19 27 6 4 16 21 31 15 29 30 14 10 5 12 13 
0 7 23 8 9 1 17 26 11 22 20 24 2 25 28 18 3 12 31 15 29 30 14 10 5 16 4 6 27 19 21 13 
0 7 23 8 9 1 17 26 11 22 20 24 2 25 28 18 30 14 10 5 16 4 6 27 19 3 29 15 31 12 21 13 
0 7 23 8 9 1 17 26 11 22 20 24 2 25 28 3 14 6 5 19 18 16 12 10 4 30 29 15 31 27 21 13 
0 7 23 8 9 1 17 26 11 22 20 24 2 25 27 18 3 19 4 6 16 28 5 10 14 30 29 15 31 12 21 13 
0 7 23 8 9 1 17 26 11 22 20 24 29 30 14 10 5 16 4 6 27 19 3 18 28 25 2 15 31 12 21 13 
0 7 23 8 9 1 17 26 11 22 20 24 2 25 27 18 3 19 4 6 16 28 5 10 14 30 29 15 31 12 21 13 
0 7 23 8 9 1 17 26 11 22 20 24 2 25 4 18 3 19 27 28 6 16 5 10 14 30 29 15 31 12 21 13 
0 7 23 8 9 1 17 27 11 22 20 24 2 25 28 18 3 26 19 6 4 16 5 10 14 30 29 15 31 12 21 13 
0 7 23 8 9 1 17 26 11 22 20 24 2 25 19 3 18 28 27 6 4 16 5 10 15 29 30 14 31 12 21 13 
0 7 23 8 9 1 17 26 11 22 20 24 2 25 19 3 18 28 27 6 4 16 5 10 14 30 29 15 31 12 21 13 
0 7 1 8 9 23 17 26 11 22 20 24 2 25 28 18 3 19 27 6 4 16 5 10 14 30 29 15 31 12 21 13 
0 7 23 8 9 1 17 14 10 5 16 4 6 27 19 3 18 28 25 2 24 20 22 11 26 30 29 15 31 12 21 13 
0 7 23 8 9 1 17 14 10 5 16 4 6 27 19 3 18 28 25 2 24 20 22 11 26 30 29 15 31 12 21 13 
0 7 23 8 9 1 17 14 10 5 16 4 6 27 19 3 18 28 25 2 24 20 22 11 26 30 29 15 31 12 21 13 
0 7 23 8 9 1 17 26 11 22 20 24 2 25 28 18 3 19 27 21 12 31 15 29 30 14 10 5 16 4 6 13 
0 7 23 8 9 1 17 26 11 22 20 24 2 25 19 16 3 29 27 14 30 5 10 28 18 4 6 15 31 12 21 13 
0 7 23 8 9 1 17 26 11 22 20 24 2 25 19 16 3 29 27 14 30 5 10 28 18 4 6 15 31 12 21 13 
0 7 23 26 17 1 9 8 11 22 20 24 2 25 28 18 3 19 27 6 4 16 5 10 14 30 29 15 31 12 21 13 
0 7 23 8 9 1 28 25 2 24 20 22 11 26 17 18 3 19 27 6 4 16 5 10 14 30 29 15 31 12 21 13 
0 7 23 8 9 1 17 26 11 22 20 24 2 30 14 10 5 16 4 6 27 19 3 18 28 25 29 15 31 12 21 13 
0 7 23 8 9 1 17 26 11 22 20 24 2 25 3 18 4 19 27 28 6 16 5 10 14 30 29 15 31 12 21 13 
0 7 23 8 9 1 17 26 11 22 20 24 2 25 28 18 6 19 27 3 4 16 5 10 14 30 29 15 31 12 21 13 
0 7 23 8 9 1 17 26 11 22 20 24 2 25 28 18 3 19 21 12 31 15 29 30 14 10 5 16 4 6 27 13 
0 7 23 8 9 1 17 26 11 22 20 24 2 25 28 18 14 10 5 16 4 6 27 19 3 30 29 15 31 12 21 13 
0 7 23 8 9 1 17 26 11 22 20 24 2 25 28 18 14 10 5 16 4 6 27 19 3 30 29 15 31 12 21 13 
0 7 23 8 9 1 17 26 11 22 20 24 2 25 28 18 3 19 27 21 12 31 15 29 30 14 10 5 16 4 6 13 
0 20 22 11 26 17 1 9 8 23 7 24 2 25 28 18 3 19 27 6 4 16 5 10 14 30 29 15 31 12 21 13 
0 7 23 8 9 1 17 26 11 22 20 24 2 25 28 14 10 5 16 4 6 27 19 3 18 30 29 15 31 12 21 13 
0 7 23 8 9 1 17 26 11 22 20 24 2 25 28 14 10 5 16 4 6 27 19 3 18 30 29 15 31 12 21 13 
0 7 23 8 9 1 17 26 11 22 20 24 2 25 28 18 3 19 21 27 6 4 16 5 10 14 30 29 15 31 12 13 
0 7 23 8 9 1 17 26 11 22 20 24 2 25 28 18 3 19 21 27 6 4 16 5 10 14 30 29 15 31 12 13 
0 7 23 8 9 1 17 26 11 22 20 24 2 25 28 18 3 19 30 6 4 16 27 10 14 5 29 15 31 12 21 13 
0 7 23 8 9 1 17 26 11 22 20 24 2 25 28 18 19 3 14 6 4 16 5 29 27 30 10 15 31 12 21 13 
0 7 23 8 9 1 17 26 11 22 20 24 25 2 28 18 3 19 27 10 29 16 5 6 14 15 4 30 31 12 21 13 
0 7 23 8 9 1 17 26 31 15 29 30 14 10 5 16 4 6 27 19 3 18 28 25 2 24 20 22 11 12 21 13 
0 7 23 8 9 1 17 26 31 15 29 30 14 10 5 16 4 6 27 19 3 18 28 25 2 24 20 22 11 12 21 13 
0 7 23 8 9 1 17 26 11 22 20 24 2 25 28 18 3 19 27 6 4 16 5 10 14 21 12 31 15 29 30 13 
0 7 23 8 9 1 17 26 11 22 20 24 2 25 28 18 3 19 21 12 31 15 29 30 14 10 5 16 4 6 27 13 
0 7 23 8 9 1 10 5 16 4 6 27 19 3 18 28 25 2 24 20 22 11 26 17 14 30 29 15 31 12 21 13 
0 7 23 8 9 1 17 26 11 22 20 24 2 25 28 16 3 19 27 31 18 4 5 6 14 30 29 15 10 12 21 13 
0 7 23 8 9 1 17 26 11 22 20 24 2 25 28 16 3 19 27 31 18 4 5 6 14 30 29 15 10 12 21 13 
0 7 23 8 9 1 17 26 11 22 20 24 2 25 28 18 3 19 21 27 6 4 16 5 10 14 30 29 15 31 12 13 
0 7 23 8 9 1 20 22 11 26 17 24 2 25 28 18 3 19 27 6 12 16 14 10 5 30 29 15 31 4 21 13 
0 7 23 8 9 1 17 26 11 6 27 19 3 18 28 25 2 24 20 22 4 16 5 10 14 30 29 15 31 12 21 13 
0 7 23 8 9 1 17 26 11 22 20 24 2 16 4 6 27 19 3 18 28 25 5 10 14 30 29 15 31 12 21 13 
0 7 23 8 9 1 17 26 11 22 20 24 2 16 4 6 27 19 3 18 28 25 5 10 14 30 29 15 31 12 21 13 
0 7 23 8 9 1 17 26 11 22 20 24 2 25 28 18 3 19 21 27 6 4 16 5 10 14 30 29 15 31 12 13 
0 7 23 8 9 1 17 26 11 22 20 24 2 25 28 18 3 19 21 27 6 4 16 5 10 14 30 29 15 31 12 13 
0 7 23 8 9 1 17 26 11 22 30 14 10 5 16 4 6 27 19 3 18 28 25 2 24 20 29 15 31 12 21 13 
0 7 23 8 9 1 17 26 11 27 19 3 18 28 25 2 24 20 22 6 4 16 5 10 14 30 29 15 31 12 21 13 
0 7 23 8 9 1 17 26 11 22 20 24 2 19 28 18 3 25 27 15 29 30 14 10 5 16 4 6 31 12 21 13 
0 7 23 8 9 1 17 26 11 22 20 24 2 19 28 18 3 25 27 6 4 16 5 10 14 30 29 15 31 12 21 13 
0 7 23 8 9 1 17 26 11 22 20 24 2 25 6 18 3 27 5 28 4 16 19 10 14 30 29 15 31 12 21 13 
0 7 23 8 9 1 17 26 11 22 20 24 2 25 28 15 29 30 14 10 5 16 4 6 27 19 3 18 31 12 21 13 
0 7 23 8 9 1 17 26 11 22 27 19 3 18 28 25 2 24 20 6 4 16 5 10 14 30 29 15 31 12 21 13 
0 7 23 8 9 1 17 26 11 22 3 24 2 25 28 20 6 19 18 27 4 16 5 10 14 30 29 15 31 12 21 13 
0 7 23 8 9 1 17 26 11 22 27 19 3 18 28 25 2 24 20 6 4 16 5 10 14 30 29 15 31 12 21 13 
0 7 23 8 9 1 17 26 11 22 20 24 2 5 28 18 3 19 27 6 4 16 25 10 14 30 29 15 31 12 21 13 
0 7 23 8 9 1 17 26 11 22 20 24 2 25 28 18 3 19 27 6 4 16 5 10 12 21 15 14 31 29 30 13 
0 7 23 8 9 1 17 26 11 22 20 24 2 25 28 18 3 19 27 6 4 16 5 10 12 21 15 14 31 29 30 13 
0 7 23 8 9 26 17 1 11 19 25 24 18 5 28 27 3 4 10 6 22 16 20 2 14 30 29 15 31 12 21 13 
0 7 23 8 9 26 17 1 11 19 25 24 18 5 28 27 3 4 10 6 22 16 20 2 14 30 29 15 31 12 21 13 
0 7 23 8 9 1 17 26 11 22 20 24 2 30 27 3 18 19 14 5 4 10 6 16 28 25 29 15 31 12 21 13 
0 7 23 8 9 1 17 16 4 6 27 19 3 18 28 25 2 24 20 22 11 26 5 10 14 30 29 15 31 12 21 13 
0 7 23 8 9 1 17 26 11 22 20 24 2 25 3 18 29 19 14 6 4 16 5 10 27 30 28 15 31 12 21 13 
0 7 23 8 9 1 17 26 11 22 20 24 2 31 15 29 30 14 10 5 16 4 6 27 19 3 18 28 25 12 21 13 
0 7 23 8 9 1 17 26 11 22 20 4 2 25 28 18 16 19 27 6 24 3 5 10 14 30 29 15 31 12 21 13 
0 7 23 8 9 1 17 26 11 22 20 4 2 25 28 18 16 19 27 6 24 3 5 10 14 30 29 15 31 12 21 13 
0 7 23 8 9 1 17 26 11 22 20 24 2 25 28 18 3 19 27 21 12 31 15 29 30 14 10 5 16 4 6 13 
0 7 23 8 9 1 17 26 11 22 20 24 2 25 28 18 16 19 27 6 4 3 5 10 14 30 29 15 31 12 21 13 
0 7 23 26 9 1 17 8 11 22 20 24 2 25 28 18 3 19 27 6 4 16 5 10 14 30 29 15 31 12 21 13 
0 7 23 26 9 1 17 8 11 22 20 24 2 25 28 18 3 19 27 6 4 16 5 10 14 30 29 15 31 12 21 13 
0 7 23 26 9 1 17 8 11 22 20 24 2 25 28 18 3 19 27 6 4 16 5 10 14 30 29 15 31 12 21 13 
0 7 23 8 9 1 17 26 11 22 20 24 2 25 28 18 3 19 27 6 4 16 5 10 21 12 31 15 29 30 14 13 
0 7 17 1 9 8 23 26 11 22 20 24 2 25 28 18 3 19 27 6 4 16 5 10 14 30 29 15 31 12 21 13 
0 7 23 8 9 1 17 26 11 22 20 24 2 25 28 18 3 19 10 6 4 16 30 27 14 5 29 15 31 12 21 13 
0 7 23 8 9 1 15 29 30 14 10 5 16 4 6 27 19 3 18 17 26 11 22 20 24 2 28 25 31 12 21 13 
0 7 23 8 9 1 17 26 11 22 20 24 2 25 12 31 15 29 30 14 10 5 16 4 6 27 19 3 18 28 21 13 
0 7 23 8 9 1 17 10 5 16 4 6 27 19 3 18 28 25 2 24 20 22 11 26 14 30 29 15 31 12 21 13 
0 7 23 8 9 1 17 26 11 22 20 24 2 25 14 10 5 16 4 6 27 19 3 18 28 30 29 15 31 12 21 13 
0 7 23 8 9 1 17 26 11 22 20 24 2 25 14 10 5 16 4 6 27 19 3 18 28 30 29 15 31 12 21 13 
0 7 23 8 9 1 17 26 11 22 20 24 2 25 14 10 5 16 4 6 27 19 3 18 28 30 29 15 31 12 21 13 
0 7 23 8 9 1 17 26 11 22 20 24 2 25 28 18 3 19 27 6 14 16 5 10 4 30 29 15 31 12 21 13 
0 7 23 8 9 1 17 26 11 22 20 24 2 25 28 18 3 10 5 16 4 6 27 19 14 30 29 15 31 12 21 13 
0 7 23 8 9 1 17 26 12 31 15 29 30 14 10 5 16 4 6 27 19 3 18 28 25 2 24 20 22 11 21 13 
0 7 23 8 9 1 2 26 11 3 18 28 25 24 17 20 22 19 27 6 4 16 5 10 14 30 29 15 31 12 21 13 
0 7 23 8 9 1 17 26 11 22 28 25 2 24 20 18 3 19 27 6 4 16 5 10 14 30 29 15 31 12 21 13 
0 7 23 8 9 1 17 26 11 22 20 24 2 25 28 18 3 15 29 19 27 6 4 16 5 10 14 30 31 12 21 13 
0 26 17 1 9 8 23 7 11 22 20 24 2 25 28 18 3 19 27 6 4 16 14 10 30 5 29 15 31 12 21 13 
0 7 23 8 9 1 17 26 11 31 15 29 30 14 10 5 16 4 6 27 19 3 18 28 25 2 24 20 22 12 21 13 
0 7 23 8 9 1 17 26 11 22 20 24 2 25 28 18 3 19 27 21 12 31 15 29 30 14 10 5 16 4 6 13 
0 7 23 8 9 1 17 26 11 22 20 24 2 25 28 18 4 19 16 12 31 15 29 30 14 10 27 5 3 6 21 13 
0 7 23 8 9 1 17 26 11 22 20 24 2 25 28 18 4 19 16 12 31 15 29 30 14 10 27 5 3 6 21 13 
0 7 23 8 9 1 17 26 11 22 20 24 2 25 28 18 4 19 16 12 31 15 29 30 14 10 27 5 3 6 21 13 
0 7 23 8 9 1 17 26 25 22 3 24 2 11 28 18 20 19 27 6 4 16 5 10 14 30 29 15 31 12 21 13 
0 7 23 8 9 1 17 26 25 22 3 24 2 11 28 18 20 19 27 6 4 16 5 10 14 30 29 15 31 12 21 13 
0 7 23 8 9 1 16 4 6 27 19 3 18 28 25 2 24 20 22 11 26 17 5 10 14 30 29 15 31 12 21 13 
0 7 23 8 9 1 17 26 11 22 20 25 2 24 28 18 3 19 27 6 4 16 5 10 14 30 29 15 31 12 21 13 
0 7 23 8 9 1 17 26 11 22 20 24 2 25 28 18 3 19 27 6 4 16 5 10 14 30 29 15 31 21 12 13 
0 7 23 8 9 31 15 29 30 14 10 5 16 4 6 27 19 3 18 28 25 2 24 20 22 11 26 17 1 12 21 13 
0 7 23 8 9 1 17 26 11 22 20 24 2 25 28 18 3 19 27 6 4 16 5 10 14 30 29 15 31 21 12 13 
0 7 23 8 9 1 17 26 11 22 20 24 2 25 28 18 3 19 27 29 4 16 5 12 14 30 6 15 31 10 21 13 
0 7 23 8 9 1 17 26 11 22 20 24 2 25 28 18 3 19 27 21 12 16 5 10 4 15 29 30 31 14 6 13 
0 7 23 8 9 1 17 4 6 27 19 3 18 28 25 2 24 20 22 11 26 16 5 10 14 30 29 15 31 12 21 13 
0 7 23 8 9 1 17 16 4 6 27 19 3 18 28 25 2 24 20 22 11 26 5 10 14 30 29 15 31 12 21 13 
0 7 23 8 9 1 17 26 11 22 20 24 2 25 28 18 3 19 27 6 4 21 5 10 12 30 15 29 31 14 16 13 
0 7 23 8 9 1 17 26 11 22 20 24 2 25 28 18 10 19 27 6 5 16 4 3 14 30 29 15 31 12 21 13 
0 7 23 8 9 1 17 26 11 22 20 24 2 25 28 18 10 19 27 6 5 16 4 3 14 30 29 15 31 12 21 13 
0 7 23 8 9 1 17 26 11 30 14 10 5 16 4 6 27 19 3 18 28 25 2 24 20 22 29 15 31 12 21 13 
0 7 23 8 18 1 17 26 2 22 20 25 11 24 28 5 3 19 27 6 14 9 16 30 4 10 29 15 31 12 21 13 
0 7 23 8 18 1 17 26 2 22 20 25 11 24 28 5 3 19 27 6 14 9 16 30 4 10 29 15 31 12 21 13 
0 7 23 8 20 9 17 26 11 22 1 24 2 25 28 18 3 19 27 6 4 16 5 10 14 30 29 15 31 12 21 13 
0 7 23 8 20 9 17 26 11 22 1 24 2 25 28 18 3 19 27 6 4 16 5 10 14 30 29 15 31 12 21 13 
0 7 23 8 20 9 17 26 11 22 1 24 2 25 28 18 3 19 27 6 4 16 5 10 14 30 29 15 31 12 21 13 
0 7 23 8 20 9 17 26 11 22 1 24 2 25 28 18 3 19 27 6 4 16 5 10 14 30 29 15 31 12 21 13 
0 7 23 22 11 26 17 1 9 8 20 24 2 25 28 18 3 19 27 6 4 16 5 10 14 30 29 15 31 12 21 13 
0 7 23 8 9 1 17 26 11 22 20 24 2 25 28 18 3 19 27 6 4 16 5 10 14 30 21 12 31 15 29 13 
0 7 23 1 26 8 17 9 11 22 20 24 2 25 28 18 3 19 27 6 4 16 5 10 31 15 29 30 14 12 21 13 
0 7 23 8 9 1 17 26 11 22 20 24 2 25 28 10 3 19 27 6 4 16 18 5 14 30 29 15 31 12 21 13 
0 7 23 8 9 1 17 26 11 22 20 24 2 25 28 10 3 19 27 18 6 4 16 5 14 30 29 15 31 12 21 13 
0 7 23 8 9 1 17 26 11 22 20 24 2 25 28 18 14 10 5 16 4 6 27 19 3 30 29 15 31 12 21 13 
0 7 23 8 9 1 10 5 16 4 6 27 19 3 18 28 25 2 24 20 22 11 26 17 14 30 29 15 31 12 21 13 
0 7 23 8 9 1 17 26 11 22 20 24 2 25 28 18 3 19 10 6 4 16 5 12 14 30 29 15 31 27 21 13 
0 7 23 8 9 1 17 26 11 15 29 30 14 10 5 16 4 6 27 19 3 18 28 25 2 24 20 22 31 12 21 13 
0 7 23 8 9 1 17 26 11 15 29 30 14 10 5 16 4 6 27 19 3 18 28 25 2 24 20 22 31 12 21 13 
0 7 23 8 9 1 17 26 11 22 20 24 2 25 28 18 3 19 27 6 4 16 5 10 14 30 29 15 31 21 12 13 
0 7 23 8 9 1 17 26 11 22 20 29 30 14 10 5 16 4 6 27 19 3 18 28 25 2 24 15 31 12 21 13 
0 7 23 8 9 1 17 26 11 22 20 24 2 25 28 18 3 16 27 6 4 15 19 10 14 30 29 31 5 12 21 13 
0 7 23 8 9 1 17 26 11 22 20 16 4 6 27 19 3 18 28 25 2 24 5 10 14 30 29 15 31 12 21 13 
0 7 23 8 9 1 17 26 4 6 27 19 3 18 28 25 2 24 20 22 11 16 5 10 14 30 29 15 31 12 21 13 
0 7 23 8 9 1 17 26 11 22 20 24 2 5 16 4 6 27 19 3 18 28 25 10 14 30 29 15 31 12 21 13 
0 7 23 8 9 1 17 26 11 22 20 16 4 6 27 19 3 18 28 25 2 24 5 10 14 30 29 15 31 12 21 13 
0 7 23 8 9 1 17 26 11 18 28 25 2 24 20 22 3 19 27 16 4 6 5 10 14 30 29 15 31 12 21 13 
0 7 23 17 2 1 8 26 20 22 11 24 9 25 28 18 3 19 27 6 4 16 5 10 14 30 29 15 31 12 21 13 
0 7 23 17 2 1 8 26 20 22 11 24 9 25 28 18 3 19 27 6 4 16 5 10 14 30 29 15 31 12 21 13 
0 2 24 20 22 11 26 17 1 9 8 23 7 25 28 18 3 19 27 6 4 16 5 10 14 30 29 15 31 12 21 13 
0 7 23 8 9 1 17 26 11 22 20 24 2 25 28 18 3 14 10 5 16 4 6 27 19 30 29 15 31 12 21 13 
0 7 23 8 9 1 17 26 11 22 20 24 2 25 28 18 3 19 27 6 4 16 5 10 14 30 21 15 31 12 29 13 
0 7 23 8 9 1 17 26 11 22 29 30 14 10 5 16 4 6 27 19 3 18 28 25 2 24 20 15 31 12 21 13 
0 7 23 8 9 1 17 26 11 22 20 16 4 6 27 19 3 18 28 25 2 24 5 10 14 30 29 15 31 12 21 13 
0 7 23 8 9 1 17 26 11 22 20 24 2 25 28 18 3 19 10 6 14 15 5 27 4 30 29 16 31 12 21 13 
0 7 23 8 9 1 17 26 11 22 28 24 2 20 25 18 3 19 27 6 4 16 5 10 14 30 29 15 31 12 21 13 
0 7 23 17 9 26 8 1 11 22 20 24 2 25 28 18 3 19 27 6 4 16 5 10 14 30 29 15 31 12 21 13 
0 7 23 8 9 1 25 2 24 20 22 11 26 17 28 18 3 19 27 6 4 16 5 10 14 30 29 15 31 12 21 13 
0 7 23 8 9 1 17 26 11 28 20 24 25 2 22 18 3 19 27 6 4 16 5 10 14 30 29 15 31 12 21 13 
0 7 23 8 9 1 17 26 11 28 20 24 25 2 22 18 3 19 27 6 4 16 5 10 14 30 29 15 31 12 21 13 
0 7 23 8 9 1 17 26 11 22 30 14 10 5 16 4 6 27 19 3 18 28 25 2 24 20 29 15 31 12 21 13 
0 7 23 8 9 1 17 2 24 20 22 11 26 25 28 18 3 19 27 6 4 16 5 10 14 30 29 15 31 12 21 13 
0 7 23 8 9 1 17 26 11 22 20 24 21 12 31 15 29 30 14 10 5 16 4 6 27 19 3 18 28 25 2 13 
0 7 23 8 9 1 17 26 11 22 20 24 21 12 31 15 29 30 14 10 5 16 4 6 27 19 3 18 28 25 2 13 
0 7 23 8 9 1 17 26 11 3 20 24 2 25 28 18 22 19 27 6 4 16 5 10 14 30 29 15 31 12 21 13 
0 7 23 8 9 1 17 26 11 3 20 24 2 25 28 18 22 19 27 6 4 16 5 10 14 30 29 15 31 12 21 13 
0 7 23 8 9 1 17 26 11 22 20 24 2 27 5 18 25 19 3 6 4 16 28 10 14 30 29 15 31 12 21 13 
0 7 23 8 9 1 17 26 11 22 20 24 2 25 19 18 3 28 27 29 30 14 10 5 16 4 6 15 31 12 21 13 
0 7 23 8 9 1 17 26 11 22 20 5 16 4 6 27 19 3 18 28 25 2 24 10 14 30 29 15 31 12 21 13 
0 7 23 8 9 1 17 26 11 22 20 24 2 25 28 18 3 19 27 5 16 12 31 15 29 30 14 10 6 4 21 13 
0 7 23 8 9 1 17 26 11 22 24 20 2 25 28 18 3 19 16 21 4 6 5 10 31 30 29 15 14 12 27 13 
0 7 23 8 9 1 17 26 11 22 24 20 2 25 28 18 3 19 16 21 4 6 5 10 31 30 29 15 14 12 27 13 
0 7 23 8 9 1 17 26 11 22 20 24 2 29 30 14 10 5 16 4 6 27 19 3 18 28 25 15 31 12 21 13 
0 7 23 8 9 1 17 26 11 22 20 24 2 25 28 18 3 19 27 6 4 30 5 10 14 16 29 21 31 12 15 13 
0 7 23 8 9 1 17 26 11 22 20 24 2 25 28 18 3 19 27 29 12 31 15 30 14 4 5 16 10 6 21 13 
0 7 23 8 9 1 17 26 11 22 20 24 16 25 28 18 3 19 27 6 4 2 5 10 14 30 29 15 31 12 21 13 
0 7 23 8 9 1 17 26 11 22 20 24 16 25 28 18 3 19 27 6 4 2 5 10 14 30 29 15 31 12 21 13 
0 7 23 8 9 1 17 26 11 22 20 24 2 5 28 14 3 19 27 6 4 16 25 10 18 30 29 15 31 12 21 13 
0 7 23 8 9 1 17 26 11 22 20 24 2 5 28 14 3 19 27 6 4 16 25 10 18 30 29 15 31 12 21 13 
0 7 23 8 9 22 17 26 11 1 20 24 2 25 28 12 31 15 29 30 14 10 5 16 4 6 27 19 3 18 21 13 
0 7 23 8 9 22 17 26 11 1 20 24 2 25 28 12 31 15 29 30 14 10 5 16 4 6 27 19 3 18 21 13 
0 7 23 8 9 1 17 26 11 22 20 25 2 27 28 18 3 19 24 6 4 16 5 10 14 30 29 15 31 12 21 13 
0 7 23 8 9 1 17 26 2 24 20 22 11 25 28 18 3 19 27 6 4 16 5 10 14 30 29 15 31 12 21 13 
0 7 23 8 9 1 17 26 11 22 20 24 2 25 28 18 3 14 10 5 16 4 6 27 19 30 29 15 31 12 21 13 
0 7 23 8 9 1 17 26 11 22 20 24 2 25 28 18 3 14 10 5 16 4 6 27 19 30 29 15 31 12 21 13 
0 7 23 8 9 1 17 26 11 22 20 24 2 25 28 18 3 19 27 6 4 16 5 10 14 21 12 31 15 29 30 13 
0 7 23 8 9 1 17 26 11 22 20 5 16 4 6 27 19 3 18 28 25 2 24 10 14 30 29 15 31 12 21 13 
0 7 23 8 9 11 17 1 20 22 26 24 2 25 28 18 3 19 27 6 4 16 5 10 14 30 29 15 31 12 21 13 
0 7 23 8 9 1 17 26 11 22 20 24 2 25 28 18 3 19 27 6 4 16 5 10 14 21 12 31 15 29 30 13 
0 7 23 8 9 1 17 26 11 22 5 16 4 6 27 19 3 18 28 25 2 24 20 10 14 30 29 15 31 12 21 13 
0 7 23 8 9 1 17 26 11 22 20 24 2 14 10 5 16 4 6 27 19 3 18 28 25 30 29 15 31 12 21 13 
0 7 23 8 9 1 17 26 11 22 20 24 2 14 10 5 16 4 6 27 19 3 18 28 25 30 29 15 31 12 21 13 
0 7 23 8 9 1 17 26 11 22 20 24 4 25 28 18 19 3 27 6 2 16 5 10 14 30 29 15 31 12 21 13 
0 7 23 8 9 1 17 26 11 22 20 24 4 25 28 18 19 3 27 2 6 16 5 10 14 30 29 15 31 12 21 13 
0 7 23 8 9 1 17 26 11 22 20 24 2 25 27 19 3 18 28 6 4 16 5 10 14 30 29 15 31 12 21 13 
0 7 23 8 9 1 17 26 11 20 19 24 2 25 28 18 3 22 6 27 4 16 5 10 14 30 29 15 31 12 21 13 
0 7 23 8 9 1 17 26 11 20 19 24 2 25 28 18 3 22 6 27 4 16 5 10 14 30 29 15 31 12 21 13 
0 7 23 8 9 1 17 26 11 22 20 15 27 19 3 18 28 25 2 24 29 6 4 16 5 10 14 30 31 12 21 13 
0 7 23 8 9 1 17 26 11 22 20 15 27 19 3 18 28 25 2 24 29 6 4 16 5 10 14 30 31 12 21 13 
0 7 23 8 9 1 17 26 11 22 20 15 27 19 3 18 28 25 2 24 29 6 4 16 5 10 14 30 31 12 21 13 
0 7 23 8 9 1 17 26 11 22 20 15 27 19 3 18 28 25 2 24 29 6 4 16 5 10 14 30 31 12 21 13 
0 7 23 8 9 1 17 26 11 22 20 24 2 16 4 6 27 19 3 18 28 25 5 10 14 30 29 15 31 12 21 13 
0 7 23 8 17 1 28 26 11 22 20 24 2 25 9 18 3 19 27 6 4 16 5 10 14 30 29 15 31 12 21 13 
0 7 23 8 9 1 17 26 11 22 20 24 2 16 4 6 27 19 3 18 28 25 5 10 14 30 29 15 31 12 21 13 
0 7 23 8 9 1 17 26 27 19 3 18 28 25 2 24 20 22 11 6 4 16 5 10 14 30 29 15 31 12 21 13 
0 7 23 8 9 1 17 26 27 19 3 18 28 25 2 24 20 22 11 6 4 16 5 10 14 30 29 15 31 12 21 13 
0 7 23 8 9 1 17 26 28 22 20 24 2 25 11 18 3 19 27 6 4 16 5 10 14 30 29 15 31 12 21 13 
0 7 23 8 9 1 17 26 28 22 20 24 2 25 11 18 3 19 27 6 4 16 5 10 14 30 29 15 31 12 21 13 
0 7 23 8 9 1 17 26 28 22 20 24 2 25 11 18 3 19 27 6 4 16 5 10 14 30 29 15 31 12 21 13 
0 7 23 8 9 1 17 26 11 22 20 24 2 25 28 18 3 19 27 30 4 16 5 31 14 6 29 15 10 12 21 13 
0 7 23 8 9 1 17 26 11 22 20 24 2 25 28 21 27 19 3 18 12 31 15 29 30 14 10 5 16 4 6 13 
0 7 23 8 9 1 17 26 11 22 20 24 2 25 28 21 27 19 3 18 12 31 15 29 30 14 10 5 16 4 6 13 
0 7 23 8 9 1 17 26 11 22 20 24 2 25 28 12 31 15 29 30 14 10 5 16 4 6 27 19 3 18 21 13 
0 7 23 8 9 1 17 26 11 22 20 24 2 25 28 12 31 15 29 30 14 10 5 16 4 6 27 19 3 18 21 13 
0 7 23 8 9 1 17 26 11 28 25 2 24 20 22 18 3 19 27 6 4 16 5 10 14 30 29 15 31 12 21 13 
0 7 23 8 9 19 17 26 11 22 20 1 2 25 28 18 3 24 27 6 4 16 5 10 14 30 29 15 31 12 21 13 
0 7 23 8 9 1 17 26 11 22 20 6 2 25 28 18 3 19 27 24 4 16 5 10 14 30 29 15 31 12 21 13 
0 7 23 8 9 1 17 26 11 22 20 24 2 25 28 29 27 19 3 6 4 16 5 10 14 30 18 15 31 12 21 13 
0 7 23 8 9 19 17 26 11 22 20 1 2 25 28 18 3 24 27 6 4 16 5 10 14 30 29 15 31 12 21 13 
0 7 23 8 9 1 17 26 11 22 20 24 2 25 28 18 3 4 27 6 30 16 5 10 14 29 19 15 31 12 21 13 
0 7 23 8 9 1 17 26 11 22 20 24 2 25 28 18 3 21 12 31 15 29 30 14 10 5 16 4 6 27 19 13 
0 7 23 8 9 31 15 29 30 14 10 5 16 4 6 27 19 3 18 28 25 2 24 20 22 11 26 17 1 12 21 13 
0 7 23 8 9 1 17 26 11 22 20 24 2 6 16 25 27 19 28 18 4 3 5 10 14 30 29 15 31 12 21 13 
0 7 23 8 9 1 17 26 11 22 20 24 2 6 16 25 27 19 28 18 4 3 5 10 14 30 29 15 31 12 21 13 
0 7 23 8 9 1 17 12 31 15 29 30 14 10 5 16 4 6 27 19 3 18 28 25 2 24 20 22 11 26 21 13 
0 7 23 8 9 1 17 26 11 22 20 24 2 25 28 18 3 19 27 6 4 16 5 12 31 15 29 30 14 10 21 13 
0 7 23 8 9 1 17 26 11 22 20 24 2 25 28 18 3 19 27 6 4 16 5 10 14 30 29 15 31 21 12 13 
0 7 25 2 24 20 22 11 26 1 17 9 8 23 28 18 3 19 27 6 4 16 5 10 14 30 29 15 31 12 21 13 
0 7 23 8 9 1 17 2 11 22 24 20 26 25 28 18 3 19 27 6 4 16 5 10 14 30 29 15 31 12 21 13 
0 7 23 8 9 1 17 26 11 21 12 31 15 29 30 14 10 5 16 4 6 27 19 3 18 28 25 2 24 20 22 13 
0 7 23 8 9 1 17 26 11 21 12 31 15 29 30 14 10 5 16 4 6 27 19 3 18 28 25 2 24 20 22 13 
0 7 23 8 9 1 2 24 20 22 11 26 17 25 28 18 3 19 27 6 4 16 5 10 14 30 29 15 31 12 21 13 
0 7 23 8 11 20 17 26 9 22 1 24 2 25 28 18 3 19 27 6 4 16 5 10 14 30 29 15 31 12 21 13 
0 7 23 8 9 1 17 26 11 5 16 4 6 27 19 3 18 28 25 2 24 20 22 10 14 30 29 15 31 12 21 13 
0 7 23 8 9 1 17 26 11 22 20 24 2 25 28 18 3 19 27 12 31 15 29 30 14 10 5 16 4 6 21 13 
0 7 23 8 9 1 17 26 11 22 20 24 2 25 5 27 3 19 18 6 4 16 28 10 14 30 29 15 31 12 21 13 
0 7 23 8 9 1 17 26 11 22 20 24 2 25 28 18 3 15 29 30 14 10 5 16 6 4 27 19 31 12 21 13 
0 7 23 8 9 1 17 26 11 22 20 24 2 25 28 18 3 19 27 6 4 16 5 29 14 31 10 15 30 12 21 13 
0 7 23 8 9 1 17 26 11 22 20 24 2 25 28 18 3 19 27 6 4 16 5 29 14 31 10 15 30 12 21 13 
0 7 23 8 9 1 17 26 11 22 20 24 2 25 28 18 3 19 27 6 4 16 14 10 5 21 15 29 30 12 31 13 
0 7 23 8 9 1 17 26 11 22 20 24 2 25 28 14 10 5 16 4 6 27 19 3 18 30 29 15 31 12 21 13 
0 7 23 8 9 1 17 26 11 22 20 24 2 25 28 14 10 5 16 4 6 27 19 3 18 30 29 15 31 12 21 13 
0 7 23 8 9 22 17 26 11 1 20 24 2 25 28 18 3 19 27 6 4 16 5 10 14 30 29 15 31 12 21 13 
0 7 23 8 9 22 17 26 11 1 20 24 2 25 28 18 3 19 27 6 4 16 5 10 14 30 29 15 31 12 21 13 
0 7 23 8 9 1 17 26 11 22 20 24 2 4 28 18 3 19 6 27 25 16 5 10 14 30 29 15 31 12 21 13 
0 7 23 8 9 1 17 26 11 22 25 24 2 28 20 18 3 19 27 6 4 16 5 10 14 30 29 15 31 12 21 13 
0 7 23 8 9 1 17 26 11 22 20 24 2 25 28 18 3 19 27 6 4 16 5 10 14 30 29 21 31 12 15 13 
0 7 23 8 9 1 17 26 11 22 20 24 2 25 28 18 3 19 27 12 31 15 29 30 14 10 5 4 16 6 21 13 
0 7 23 8 9 1 17 26 11 22 20 24 2 25 28 18 3 19 27 6 4 30 5 31 14 16 29 15 10 12 21 13 
0 7 23 8 9 1 17 26 11 22 20 24 2 25 28 18 3 19 27 6 4 30 5 31 14 16 29 15 10 12 21 13 
0 7 23 8 9 1 17 26 11 22 20 24 2 25 28 18 3 19 27 6 4 30 5 31 14 16 29 15 10 12 21 13 
0 7 23 8 9 1 17 26 31 22 20 24 2 25 28 18 3 19 27 6 4 12 5 10 21 30 29 15 14 16 11 13 
0 7 23 8 9 1 17 26 31 22 20 24 2 25 28 18 3 19 27 6 4 12 5 10 21 30 29 15 14 16 11 13 
0 7 23 8 9 1 17 26 31 22 20 24 2 25 28 18 3 19 27 6 4 12 5 10 21 30 29 15 14 16 11 13 
0 7 23 8 9 1 17 26 11 22 20 24 2 25 28 18 3 19 27 31 6 4 12 5 10 21 30 29 15 14 16 13 
0 7 23 8 9 1 17 26 11 22 20 24 2 25 19 18 6 28 3 27 4 16 5 10 14 30 29 15 31 12 21 13 
0 7 23 8 9 1 17 26 11 22 20 24 2 25 19 18 6 28 3 27 4 16 5 10 14 30 29 15 31 12 21 13 
0 7 23 8 9 1 17 26 11 22 20 24 2 25 5 16 4 6 27 19 3 18 28 10 14 30 29 15 31 12 21 13 
0 7 23 8 9 1 17 26 11 22 20 24 2 25 28 18 3 19 27 6 4 16 5 10 14 30 21 12 31 15 29 13 
0 20 22 11 26 17 1 9 8 23 7 24 2 25 28 18 3 19 27 6 4 16 5 10 14 30 29 15 31 12 21 13 
0 20 22 11 26 17 1 9 8 23 7 24 2 25 28 18 3 19 27 6 4 16 5 10 14 30 29 15 31 12 21 13 
0 7 23 8 9 1 17 26 11 22 20 24 2 25 16 18 3 19 27 6 4 28 5 10 14 30 29 15 31 12 21 13 
0 7 23 8 9 1 17 26 18 28 25 2 24 20 22 11 3 19 27 6 4 16 5 10 14 30 29 15 31 12 21 13 
0 7 23 8 9 1 17 26 11 22 20 24 2 25 28 18 3 19 21 27 6 4 16 5 10 14 30 29 15 31 12 13 
0 7 23 8 9 1 17 26 11 22 20 24 2 25 28 18 3 19 21 27 6 4 16 5 10 14 30 29 15 31 12 13 
0 7 23 8 9 1 17 26 11 15 29 30 14 10 5 16 4 6 27 19 3 18 28 25 2 24 20 22 31 12 21 13 
0 7 23 8 9 1 17 26 20 22 19 24 2 25 28 18 3 11 27 6 4 16 5 10 14 30 29 15 31 12 21 13 
0 7 23 8 9 1 17 26 11 22 20 24 2 30 14 10 5 16 4 6 27 19 3 18 28 25 29 15 31 12 21 13 
0 7 23 8 9 1 17 26 11 22 20 24 2 25 28 18 12 31 15 29 30 14 10 5 16 4 6 27 19 3 21 13 
0 7 23 8 9 1 17 26 11 22 20 24 2 16 4 6 27 19 3 18 28 25 5 10 14 30 29 15 31 12 21 13 
0 7 23 8 9 1 17 26 11 22 20 24 2 25 28 18 3 19 27 6 4 16 5 10 14 30 29 21 12 31 15 13 
0 7 23 8 9 1 17 26 11 22 20 24 2 25 28 18 3 19 27 6 4 16 5 10 14 30 29 21 12 31 15 13 
0 7 23 4 28 1 17 26 11 22 20 24 2 25 9 14 3 19 27 6 8 16 5 10 18 30 29 15 31 12 21 13 
0 7 23 8 9 1 17 26 11 22 20 24 21 12 31 15 29 30 14 10 5 16 4 6 27 19 3 18 28 25 2 13 
0 7 23 8 9 1 17 26 11 22 20 24 21 12 31 15 29 30 14 10 5 16 4 6 27 19 3 18 28 25 2 13 
0 7 23 8 9 18 17 26 11 22 20 24 28 25 2 1 3 19 27 6 4 16 5 10 14 30 29 15 31 12 21 13 
0 7 23 8 9 1 17 26 4 6 27 19 3 18 28 25 2 24 20 22 11 16 5 10 14 30 29 15 31 12 21 13 
0 7 23 8 11 2 17 1 26 22 20 24 9 25 28 18 3 19 27 6 4 16 5 10 14 30 29 15 31 12 21 13 
0 7 23 8 9 1 17 26 11 6 27 19 3 18 28 25 2 24 20 22 4 16 5 10 14 30 29 15 31 12 21 13 
0 7 23 8 9 1 17 26 11 22 20 5 2 25 28 24 3 19 27 6 4 16 18 10 14 30 29 15 31 12 21 13 
0 7 23 8 9 1 17 26 11 22 20 5 2 25 28 24 3 19 27 6 4 16 18 10 14 30 29 15 31 12 21 13 
0 7 23 8 9 1 17 26 11 22 20 24 2 25 28 29 30 14 10 5 16 4 6 27 19 3 18 15 31 12 21 13 
0 7 23 8 9 1 17 26 11 22 20 24 2 25 28 18 3 19 27 6 4 16 5 14 31 30 29 15 12 10 21 13 
0 7 23 8 9 1 17 26 11 22 20 10 5 16 4 6 27 19 3 18 28 25 2 24 14 30 29 15 31 12 21 13 
0 7 23 8 9 1 17 26 11 22 20 24 2 25 28 18 3 19 27 6 4 16 5 14 31 30 29 15 12 10 21 13 
0 7 23 8 9 1 17 26 11 22 20 24 2 25 28 18 3 19 27 6 4 16 5 14 31 30 29 15 12 10 21 13 
0 7 23 8 9 1 17 26 11 28 20 24 22 25 2 18 3 19 27 6 4 16 5 10 14 30 29 15 31 12 21 13 
0 7 23 8 9 1 17 26 11 22 20 24 2 25 28 18 3 19 27 6 4 16 12 15 31 29 30 14 10 5 21 13 
0 7 23 8 9 1 17 26 11 22 20 24 2 25 28 18 3 10 5 27 4 16 19 6 14 30 29 15 31 12 21 13 
0 7 23 8 9 1 17 26 11 22 20 24 2 25 28 18 3 19 27 6 4 16 5 10 12 31 15 29 30 14 21 13 
0 7 23 8 9 1 10 5 16 4 6 27 19 3 18 28 25 2 24 20 22 11 26 17 14 30 29 15 31 12 21 13 
0 7 23 8 9 1 17 26 11 22 20 24 2 25 28 18 3 19 27 6 4 16 5 10 14 30 21 15 31 12 29 13 
0 7 23 8 9 1 17 26 11 22 20 24 2 25 28 18 3 19 27 6 4 16 5 10 14 30 21 12 31 15 29 13 
0 7 23 8 9 1 17 26 11 22 20 24 2 19 28 18 3 25 16 6 4 27 15 30 14 10 31 5 29 12 21 13 
0 7 23 8 9 1 17 26 11 22 20 24 2 25 28 18 3 19 12 6 4 16 5 10 14 30 29 15 31 27 21 13 
0 7 23 8 9 1 17 26 22 19 20 11 2 25 28 18 3 24 27 6 4 16 5 10 14 30 29 15 31 12 21 13 
0 7 23 8 9 1 17 14 10 5 16 4 6 27 19 3 18 28 25 2 24 20 22 11 26 30 29 15 31 12 21 13 
0 7 23 8 9 1 17 14 10 5 16 4 6 27 19 3 18 28 25 2 24 20 22 11 26 30 29 15 31 12 21 13 
0 7 23 8 9 1 17 26 11 22 20 24 2 3 28 18 25 19 27 6 4 5 16 10 14 30 29 15 31 12 21 13 
0 7 23 8 9 1 17 26 11 22 20 24 6 27 19 3 18 28 25 2 4 16 5 10 14 30 29 15 31 12 21 13 
0 7 23 8 9 1 17 26 11 22 31 15 29 30 14 10 5 16 4 6 27 19 3 18 28 25 2 24 20 12 21 13 
0 7 23 8 9 1 17 26 11 22 20 24 2 25 28 18 3 19 14 10 5 16 4 6 27 30 29 15 31 12 21 13 
0 7 23 8 9 1 17 26 11 22 20 24 2 25 28 18 3 19 27 6 4 16 5 31 14 10 30 15 29 12 21 13 
0 7 23 8 9 1 17 3 18 28 25 2 24 20 22 11 26 19 27 6 4 16 5 10 14 30 29 15 31 12 21 13 
0 7 23 8 9 1 17 26 11 22 20 24 2 25 28 18 3 19 27 6 4 16 5 10 14 30 15 21 31 12 29 13 
0 7 23 8 9 1 17 26 11 22 20 24 2 16 4 6 27 19 3 18 28 25 5 10 14 30 29 15 31 12 21 13 
0 7 23 25 2 24 20 22 11 26 17 1 9 8 28 18 3 19 27 6 4 16 5 10 14 30 29 15 31 12 21 13 
0 7 23 8 9 1 17 26 11 22 20 24 2 25 28 18 3 19 21 12 31 15 29 30 14 10 5 16 4 6 27 13 
0 7 23 8 9 1 17 26 11 22 6 27 19 3 18 28 25 2 24 20 4 16 5 10 14 30 29 15 31 12 21 13 
0 7 23 8 9 1 17 26 11 22 20 24 2 25 28 18 3 19 21 27 6 4 16 5 10 14 30 29 15 31 12 13 
0 7 23 8 9 10 14 25 30 6 27 19 16 5 28 3 2 24 20 22 11 26 17 1 18 4 29 15 31 12 21 13 
0 7 23 8 9 1 17 26 2 24 20 22 11 25 28 18 3 19 27 6 4 16 5 10 14 30 29 15 31 12 21 13 
0 7 23 8 9 1 17 26 11 22 20 24 2 25 28 18 3 6 27 16 4 12 14 10 5 19 29 15 31 30 21 13 
0 7 23 8 9 28 17 26 11 22 20 24 2 25 1 18 3 19 27 6 4 16 5 10 14 30 29 15 31 12 21 13 
0 7 23 8 9 1 17 26 11 22 20 24 2 25 28 18 14 19 27 6 10 16 5 4 15 30 29 3 31 12 21 13 
0 7 23 8 9 1 17 26 11 22 20 24 6 25 28 18 19 3 27 2 4 16 5 10 14 30 29 15 31 12 21 13 
0 7 23 8 9 1 17 26 11 22 20 24 2 19 28 18 3 25 27 6 4 16 5 10 14 30 29 15 31 12 21 13 
0 7 23 8 9 1 17 26 11 22 20 24 2 19 28 18 3 25 27 6 4 16 5 10 14 30 29 15 31 12 21 13 
0 24 20 22 11 26 17 1 9 8 23 7 2 25 28 18 3 19 27 6 4 16 5 10 14 30 29 15 31 12 21 13 
0 7 23 8 9 1 17 26 4 6 27 19 3 18 28 25 2 24 20 22 11 16 5 10 14 30 29 15 31 12 21 13 
0 7 23 8 9 1 17 26 4 6 27 19 3 18 28 25 2 24 20 11 22 16 5 10 14 30 29 15 31 12 21 13 
0 7 23 8 9 1 17 26 11 31 15 29 30 14 10 5 16 4 6 27 19 3 18 28 25 2 24 20 22 12 21 13 
0 7 23 8 9 1 17 26 4 6 27 19 3 18 28 25 2 24 20 11 22 16 5 10 14 30 29 15 31 12 21 13 
0 7 23 8 9 1 17 26 4 6 27 19 3 18 28 25 2 24 20 11 22 16 5 10 14 30 29 15 31 12 21 13 
0 7 23 8 9 1 17 26 4 6 27 19 3 18 28 25 2 24 20 11 22 16 5 10 14 30 29 15 31 12 21 13 
0 7 23 8 24 1 17 26 11 22 18 9 2 25 19 20 3 28 27 29 30 14 10 5 16 4 6 15 31 12 21 13 
0 7 23 8 24 1 17 26 11 22 18 9 2 25 19 20 3 28 27 29 30 14 10 5 16 4 6 15 31 12 21 13 
0 7 23 8 24 1 17 26 11 22 18 9 2 25 19 20 3 28 27 29 30 14 10 5 16 4 6 15 31 12 21 13 
0 7 23 8 9 1 17 26 11 22 20 24 2 25 12 31 15 29 30 14 10 5 16 4 6 27 19 3 18 28 21 13 
0 7 23 8 9 1 17 26 11 22 20 24 2 25 12 31 15 29 30 14 10 5 16 4 6 27 19 3 18 28 21 13 
0 7 23 8 9 1 17 26 11 22 20 24 2 25 28 18 3 16 27 12 31 15 29 30 14 10 5 19 4 6 21 13 
0 7 23 8 9 1 17 26 11 28 25 2 24 20 22 18 3 19 27 6 4 16 5 10 14 30 29 15 31 12 21 13 
0 7 23 8 9 1 17 26 11 22 20 24 2 25 28 18 3 19 27 6 4 16 5 10 21 12 31 15 29 30 14 13 
0 7 23 26 17 1 9 8 11 22 20 24 2 25 28 18 3 19 27 6 4 16 5 10 14 30 29 15 31 12 21 13 
0 7 23 8 9 1 17 26 11 22 20 24 2 25 28 18 19 3 29 6 4 16 5 10 15 27 30 14 31 12 21 13 
0 7 23 8 9 1 17 26 11 22 20 24 2 25 28 18 3 19 27 6 4 16 31 15 29 30 14 10 5 12 21 13 
0 7 11 26 17 1 9 8 23 22 20 24 2 25 28 18 3 19 27 6 4 16 5 10 14 30 29 15 31 12 21 13 
0 7 23 8 9 1 17 26 11 22 20 24 2 25 28 18 3 19 27 6 4 16 5 10 14 21 12 31 15 29 30 13 
0 7 23 8 9 1 17 26 11 22 20 24 2 25 28 18 3 19 27 6 4 16 5 10 14 21 12 31 15 29 30 13 
0 1 9 8 23 7 17 26 11 22 20 24 2 25 28 18 3 19 27 6 4 16 5 10 14 30 29 15 31 12 21 13 
0 22 11 26 17 1 9 8 23 7 20 24 2 25 28 18 3 19 27 6 4 16 5 10 14 30 29 15 31 12 21 13 
0 7 23 8 9 1 17 26 11 22 20 24 2 25 28 18 3 19 27 6 4 16 5 10 14 30 21 12 31 15 29 13 
0 7 23 8 9 1 17 26 19 22 20 18 2 11 28 25 3 24 27 6 4 16 5 10 14 30 29 15 31 12 21 13 
0 7 23 8 9 10 5 16 4 6 27 19 3 18 28 25 2 24 20 22 11 26 17 1 14 30 29 15 31 12 21 13 
0 7 23 8 9 1 17 26 11 22 20 24 2 25 27 19 3 18 28 6 4 16 5 10 14 30 29 15 31 12 21 13 
0 7 23 8 9 1 17 26 11 22 20 24 2 25 27 19 3 18 28 6 4 16 5 10 14 30 29 15 31 12 21 13 
0 7 23 8 9 10 5 16 4 6 27 19 3 18 28 25 2 24 20 22 11 26 17 1 14 30 29 15 31 12 21 13 
0 7 23 8 9 1 17 26 11 22 20 24 2 25 21 18 3 19 27 6 4 16 5 10 28 30 29 15 31 12 14 13 
0 7 23 8 9 1 17 26 11 22 20 24 2 25 21 18 3 19 27 6 4 16 5 10 28 30 29 15 31 12 14 13 
0 7 23 8 9 1 17 26 11 22 20 24 2 25 28 18 3 19 27 21 6 4 16 5 10 30 29 15 31 12 14 13 
0 7 23 8 9 1 17 26 11 22 20 24 2 25 28 18 3 19 27 21 6 4 16 5 10 30 29 15 31 12 14 13 
0 7 23 8 9 1 17 26 11 22 20 24 2 25 28 18 3 19 27 6 12 16 15 10 14 30 29 5 31 4 21 13 
0 7 23 8 9 6 28 26 22 11 20 24 2 25 17 18 1 19 27 3 4 16 5 10 14 30 29 15 31 12 21 13 
0 7 23 8 9 1 17 26 11 22 15 29 30 14 10 5 16 4 6 27 19 3 18 28 25 2 24 20 31 12 21 13 
0 7 23 8 9 1 17 26 11 22 20 24 2 25 21 12 31 15 29 30 14 10 5 16 4 6 27 19 3 18 28 13 
0 7 23 8 9 1 17 26 11 22 20 24 2 25 21 12 31 15 29 30 14 10 5 16 4 6 27 19 3 18 28 13 
0 7 23 8 9 1 17 26 11 22 20 24 2 25 12 31 15 29 30 14 10 5 16 4 6 27 19 3 18 28 21 13 
0 7 23 8 9 1 17 26 11 22 20 24 2 25 12 31 15 29 30 14 10 5 16 4 6 27 19 3 18 28 21 13 
0 7 8 23 9 1 2 26 11 22 20 24 17 25 28 18 3 19 27 6 4 16 5 10 14 30 29 15 31 12 21 13 
0 7 23 8 9 1 17 26 11 12 31 15 29 30 14 10 5 16 4 6 27 19 3 18 28 25 2 24 20 22 21 13 
0 7 23 8 9 1 17 26 11 12 31 15 29 30 14 10 5 16 4 6 27 19 3 18 28 25 2 24 20 22 21 13 
0 7 23 8 9 1 17 26 11 22 20 24 2 21 12 31 15 29 30 14 10 5 16 4 6 27 19 3 18 28 25 13 
0 7 23 8 9 1 17 26 11 22 20 24 2 25 28 18 3 19 27 21 12 31 15 29 30 14 10 5 16 4 6 13 
0 7 17 8 9 1 23 26 11 22 20 24 2 25 28 18 3 19 27 6 4 16 5 10 14 30 29 15 31 12 21 13 
0 7 23 8 9 1 17 26 11 22 20 24 2 21 12 31 15 29 30 14 10 5 16 4 6 27 19 3 18 28 25 13 
0 7 23 8 9 1 17 26 11 22 20 24 2 21 12 31 15 29 30 14 10 5 16 4 6 27 19 3 18 28 25 13 
0 28 25 2 24 20 22 11 26 17 1 9 8 23 7 18 3 19 27 30 6 4 16 5 10 14 29 15 31 12 21 13 
0 7 23 8 9 1 17 26 11 22 20 24 2 25 28 18 3 19 21 27 6 4 16 5 10 14 30 29 15 31 12 13 
0 7 23 8 9 1 17 26 11 22 20 24 2 25 28 18 3 5 27 29 4 16 10 6 14 19 30 15 31 12 21 13 
0 7 23 8 9 1 17 11 26 25 22 24 2 20 28 18 3 19 27 6 4 16 5 10 14 30 29 15 31 12 21 13 
0 7 23 8 9 1 17 11 26 25 22 24 2 20 28 18 3 19 27 6 4 16 5 10 14 30 29 15 31 12 21 13 
0 7 23 8 9 1 17 11 26 25 22 24 2 20 28 18 3 19 27 6 4 16 5 10 14 30 29 15 31 12 21 13 
0 7 23 8 9 1 17 11 26 25 22 24 2 20 28 18 3 19 27 6 4 16 5 10 14 30 29 15 31 12 21 13 
0 7 23 8 9 1 17 11 26 25 22 24 2 20 28 18 3 19 27 6 4 16 5 10 14 30 29 15 31 12 21 13 
0 7 23 8 9 1 17 26 11 22 20 24 2 25 28 18 3 19 21 27 6 4 16 5 10 14 30 29 15 31 12 13 
0 7 23 8 9 1 17 26 11 22 20 24 2 25 28 18 3 19 21 27 6 4 16 5 10 14 30 29 15 31 12 13 
0 7 23 8 9 1 17 26 11 22 20 24 2 25 28 18 3 19 27 12 31 15 29 30 6 4 16 5 10 14 21 13 
0 7 23 8 9 1 17 26 11 22 20 24 2 25 28 18 12 31 15 29 30 14 10 5 16 4 6 27 19 3 21 13 
0 7 23 8 9 1 17 26 11 22 20 24 2 25 28 18 6 16 27 3 4 29 5 10 14 30 19 15 31 12 21 13 
0 7 23 8 9 1 17 26 11 22 20 24 2 25 14 6 3 4 27 18 28 16 5 10 19 30 29 15 31 12 21 13 
0 7 23 8 9 1 17 26 22 25 11 24 2 20 28 18 3 19 27 6 4 16 5 10 14 30 29 15 31 12 21 13 
0 7 23 8 9 1 17 26 11 22 20 24 2 25 28 18 3 19 27 21 12 31 15 29 30 14 10 5 16 4 6 13 
0 7 23 8 9 1 17 26 11 22 20 24 2 25 28 18 3 21 12 31 15 29 30 14 10 5 16 4 6 27 19 13 
0 7 23 8 9 1 17 26 11 22 20 24 2 25 28 18 3 21 12 31 15 29 30 14 10 5 16 4 6 27 19 13 
0 7 23 8 9 1 17 26 24 20 22 11 2 25 28 18 3 19 27 15 29 30 14 10 5 16 4 6 31 12 21 13 
0 7 23 8 9 1 17 26 11 22 20 24 2 25 28 19 3 18 27 6 15 16 5 10 4 30 29 14 31 12 21 13 
0 7 23 8 9 1 17 15 29 30 14 10 5 16 4 6 27 19 3 18 28 25 2 24 20 22 11 26 31 12 21 13 
0 7 23 8 9 1 17 20 18 22 26 24 2 25 28 27 3 19 11 16 4 6 5 10 14 30 29 15 31 12 21 13 
0 7 23 8 9 1 17 20 18 22 26 24 2 25 28 27 3 19 11 16 4 6 5 10 14 30 29 15 31 12 21 13 
0 7 23 8 9 1 17 20 18 22 26 24 2 25 28 27 3 19 11 16 4 6 5 10 14 30 29 15 31 12 21 13 
0 7 23 8 9 1 17 26 11 22 20 24 2 25 28 18 3 31 27 6 4 16 19 30 14 10 5 15 29 12 21 13 
0 7 23 8 9 1 17 26 11 22 20 24 2 25 28 18 3 31 27 6 4 16 19 30 14 10 5 15 29 12 21 13 
0 25 2 24 20 22 11 26 17 1 9 8 23 7 28 18 3 19 27 6 4 16 5 10 14 30 29 15 31 12 21 13 
0 25 2 24 20 22 11 26 17 1 9 8 23 7 28 18 3 19 27 6 4 16 5 10 14 30 29 15 31 12 21 13 
0 25 2 24 20 22 11 26 17 1 9 8 23 7 28 18 3 19 27 6 4 16 5 10 14 30 29 15 31 12 21 13 
0 7 23 8 9 1 17 26 11 22 20 24 2 25 14 10 5 16 4 6 27 19 3 18 28 30 29 15 31 12 21 13 
0 7 23 8 9 1 17 26 11 22 20 24 2 25 14 10 5 16 4 6 27 19 3 18 28 30 29 15 31 12 21 13 
0 7 23 8 9 1 17 26 11 22 20 24 2 25 28 18 3 19 27 6 4 16 12 31 15 29 30 14 10 5 21 13 
0 7 23 8 9 1 17 26 11 22 20 24 2 25 28 18 3 19 27 6 4 16 12 31 15 29 30 14 10 5 21 13 
0 7 23 8 9 1 17 26 11 22 20 24 2 27 19 3 18 28 25 6 4 16 5 10 14 30 29 15 31 12 21 13 
0 7 23 8 9 1 17 26 11 22 28 24 2 25 20 18 3 19 27 6 4 16 5 10 14 30 29 15 31 12 21 13 
0 7 23 8 9 1 17 26 11 22 20 24 2 25 6 18 3 19 27 28 4 16 5 10 14 30 29 15 31 12 21 13 
0 7 23 8 9 1 17 26 11 22 20 24 2 25 28 18 3 19 27 6 4 16 5 10 14 30 29 21 12 31 15 13 
0 7 23 8 9 1 17 26 11 22 20 24 2 25 28 18 3 19 27 6 4 16 5 10 14 30 29 21 12 31 15 13 
0 7 23 8 9 1 17 26 11 22 20 24 2 25 28 18 3 19 27 6 4 16 21 12 31 15 29 30 14 10 5 13 
0 7 23 8 9 1 17 26 11 22 20 24 2 25 28 18 3 19 27 6 4 16 5 10 14 30 21 12 31 15 29 13 
0 7 23 8 9 1 17 26 11 22 20 24 2 25 30 14 10 5 16 4 6 27 19 3 18 28 29 15 31 12 21 13 
0 7 23 8 9 1 17 26 11 22 20 24 2 27 28 19 3 18 25 6 4 16 5 10 14 30 29 15 31 12 21 13 
0 7 23 8 2 1 17 26 11 22 20 24 9 25 28 18 3 19 27 6 4 16 5 10 14 30 29 15 31 12 21 13 
0 7 23 8 9 1 17 26 11 22 20 24 2 25 10 6 3 19 28 29 4 16 5 27 14 30 18 15 31 12 21 13 
0 7 23 8 9 1 17 26 11 22 20 24 2 25 28 18 15 19 27 3 6 4 16 5 10 14 30 29 31 12 21 13 
0 7 23 8 9 1 17 26 11 25 20 24 2 22 28 18 3 19 27 6 4 16 5 10 14 30 29 15 31 12 21 13 
0 7 23 8 9 1 17 26 11 22 20 24 2 25 14 10 5 16 4 6 27 19 3 18 28 30 29 15 31 12 21 13 
0 7 23 8 9 1 17 26 11 22 20 24 2 5 28 18 27 19 25 6 4 16 3 10 14 30 29 15 31 12 21 13 
0 7 23 8 9 1 17 26 11 18 20 24 3 25 28 22 2 19 27 6 4 16 5 10 14 30 29 15 31 12 21 13 
0 7 23 8 9 1 17 26 11 22 20 24 12 31 15 29 30 14 10 5 16 4 6 27 19 3 18 28 25 2 21 13 
0 7 23 8 9 1 17 26 11 22 20 24 2 25 19 3 18 28 27 6 4 16 5 10 14 30 29 15 31 12 21 13 
0 7 23 8 9 1 17 26 11 22 20 24 2 25 28 18 3 19 27 6 4 16 5 10 14 30 29 15 31 21 12 13 
0 7 23 8 9 18 26 1 11 22 20 24 2 25 28 17 3 19 27 6 4 16 5 10 14 30 29 15 31 12 21 13 
0 7 23 8 9 1 17 26 11 22 20 24 2 25 28 18 3 19 27 12 31 15 29 30 14 10 5 16 4 6 21 13 
0 7 23 8 9 1 17 26 11 22 20 24 2 25 28 18 31 15 29 30 14 10 5 16 4 6 27 19 3 12 21 13 
0 7 23 8 9 1 17 26 21 12 31 15 29 30 14 10 5 16 4 6 27 19 3 18 28 25 2 24 20 22 11 13 
0 7 23 8 9 1 17 26 11 22 20 24 6 25 2 18 3 19 10 28 4 12 5 27 14 21 29 15 31 16 30 13 
0 7 23 8 9 1 17 26 11 22 20 24 6 25 2 18 3 19 10 28 27 4 16 5 14 30 29 15 31 12 21 13 
0 7 23 5 9 1 17 26 20 22 11 8 2 25 28 19 3 18 27 6 4 16 24 10 14 30 29 15 31 12 21 13 
0 7 23 5 9 1 17 26 20 22 11 8 2 25 28 19 3 18 27 6 4 16 24 10 14 30 29 15 31 12 21 13 
0 7 23 5 9 1 17 26 20 22 11 8 2 25 28 19 3 18 27 6 4 16 24 10 14 30 29 15 31 12 21 13 
0 7 23 5 9 1 17 26 20 22 11 8 2 25 28 19 3 18 27 6 4 16 24 10 14 30 29 15 31 12 21 13 
0 7 23 8 9 1 17 26 12 31 15 29 30 14 10 5 16 4 6 27 19 3 18 28 25 2 24 20 22 11 21 13 
0 7 23 8 9 1 30 14 10 5 16 4 6 27 19 3 18 28 25 2 24 20 22 11 26 17 29 15 31 12 21 13 
0 7 23 8 9 1 17 26 11 22 20 24 2 25 28 18 3 19 27 6 4 12 31 15 29 30 14 10 5 16 21 13 
0 7 23 8 9 1 17 26 11 22 20 24 19 3 28 18 2 25 27 6 4 16 5 10 14 30 29 15 31 12 21 13 
0 7 23 8 9 1 17 26 11 22 20 24 2 25 28 18 3 19 27 21 12 31 15 29 30 14 10 5 4 16 6 13 
0 7 23 8 9 1 17 26 11 22 20 24 2 25 28 10 3 27 18 16 4 6 5 19 14 30 29 15 31 12 21 13 
0 7 23 8 9 1 17 26 11 22 20 24 2 25 28 18 3 19 27 6 4 16 5 10 14 12 30 15 31 29 21 13 
0 7 23 8 11 1 17 26 22 9 20 24 2 25 28 18 3 19 27 6 4 16 5 10 14 30 29 15 31 12 21 13 
0 7 23 8 9 1 17 26 11 27 19 3 18 28 25 2 24 20 22 6 4 16 5 10 14 30 29 15 31 12 21 13 
0 7 23 8 9 1 17 26 11 27 19 3 18 28 25 2 24 20 22 6 4 16 5 10 14 30 29 15 31 12 21 13 
0 7 23 8 9 1 17 26 11 4 6 27 19 3 18 28 25 2 24 20 22 16 5 10 14 30 29 15 31 12 21 13 
0 26 17 1 9 8 23 7 11 22 20 24 2 25 28 18 3 19 27 6 4 16 5 10 14 30 29 15 31 12 21 13 
0 7 23 8 9 1 17 26 11 22 20 24 2 25 28 18 3 19 27 6 4 16 5 10 21 12 31 15 29 30 14 13 
0 7 23 8 9 1 17 26 11 21 20 25 2 22 28 18 3 19 14 4 24 16 5 10 27 30 29 15 31 12 6 13 
0 7 23 8 9 1 17 26 11 22 20 24 2 25 28 18 3 19 29 6 5 16 4 10 14 30 27 15 31 12 21 13 
0 7 23 8 9 1 17 26 11 22 20 24 2 25 28 3 18 29 27 6 5 16 4 30 14 10 19 15 31 12 21 13 
0 7 23 8 9 1 17 26 11 22 20 24 2 25 10 18 3 28 5 16 4 6 27 19 14 30 29 15 31 12 21 13 
0 7 23 8 9 1 17 26 11 22 20 24 2 25 28 30 14 10 5 16 4 6 27 19 3 18 29 15 31 12 21 13 
0 7 23 8 9 1 17 26 11 22 25 24 2 20 28 18 3 19 27 6 4 16 5 10 14 30 29 15 31 12 21 13 
0 7 23 8 9 1 17 26 11 22 25 24 2 20 28 18 3 19 27 6 4 16 5 10 14 30 29 15 31 12 21 13 
0 7 23 8 9 1 17 26 11 22 20 24 2 25 28 18 3 19 10 6 4 16 5 27 30 14 29 15 31 12 21 13 
0 7 23 8 9 22 17 11 20 1 26 24 2 25 28 18 3 19 27 6 4 16 5 10 14 30 29 15 31 12 21 13 
0 7 23 8 9 1 17 26 11 6 24 19 18 3 28 25 2 20 4 22 27 16 5 10 14 30 31 15 29 12 21 13 
0 7 23 8 9 1 17 25 2 24 20 22 11 26 28 18 3 19 6 27 4 16 5 10 14 30 29 15 31 12 21 13 
0 7 23 8 9 1 17 26 11 21 12 31 15 29 30 14 10 5 16 4 6 27 19 3 18 28 25 2 24 20 22 13 
0 7 23 8 9 1 17 26 11 22 20 24 2 25 28 18 3 19 27 21 12 31 15 29 30 14 10 5 16 4 6 13 
0 7 23 8 9 1 17 26 11 22 20 24 2 25 28 18 3 19 27 21 12 31 15 29 30 14 10 5 16 4 6 13 
0 7 23 8 9 1 17 26 11 22 20 2 24 25 3 19 28 27 18 6 4 16 5 10 14 30 29 15 31 12 21 13 
0 7 23 8 11 1 17 9 26 22 20 24 2 25 28 18 3 19 27 6 4 16 5 10 14 30 29 15 31 12 21 13 
0 7 23 8 11 1 17 9 26 22 20 24 2 25 28 18 3 19 27 6 4 16 5 10 14 30 29 15 31 12 21 13 
0 7 23 8 9 25 17 26 24 1 20 11 22 2 18 28 3 19 27 6 4 16 5 10 14 30 29 15 31 12 21 13 
0 7 23 8 9 1 17 26 11 22 20 24 2 25 28 18 3 19 27 21 6 4 16 5 10 14 30 29 15 31 12 13 
0 7 23 8 9 1 17 20 11 22 26 28 2 25 3 18 24 19 27 6 4 16 5 10 14 30 29 15 31 12 21 13 
0 7 23 8 9 1 17 20 11 22 26 28 2 25 3 18 24 19 27 6 4 16 5 10 14 30 29 15 31 12 21 13 
0 7 23 8 9 1 17 20 11 22 26 28 2 25 3 18 24 19 27 6 4 16 5 10 14 30 29 15 31 12 21 13 
0 7 23 8 9 1 17 26 11 22 20 24 2 25 27 18 19 6 28 3 4 16 5 10 14 30 29 15 31 12 21 13 
0 7 23 8 9 1 17 26 11 22 20 24 2 25 29 30 14 10 5 16 4 6 27 19 3 18 28 15 31 12 21 13 
0 7 23 8 9 1 17 26 11 22 20 24 2 25 28 18 3 19 27 16 4 6 5 12 31 15 29 30 14 10 21 13 
0 7 23 8 9 1 17 26 11 22 20 24 2 25 5 16 6 19 27 4 3 18 28 10 14 30 29 15 31 12 21 13 
0 7 23 8 9 1 17 26 11 22 20 24 2 25 5 16 6 19 27 4 3 18 28 10 14 30 29 15 31 12 21 13 
0 7 23 8 9 1 17 26 11 18 20 24 28 25 2 27 3 19 22 6 4 16 5 10 14 30 29 15 31 12 21 13 
0 7 23 8 9 1 17 26 11 6 20 24 2 25 28 18 3 19 27 22 4 16 5 10 14 30 29 15 31 12 21 13 
0 7 23 8 9 1 17 26 11 22 20 24 2 25 21 12 31 15 29 30 14 10 5 16 4 6 27 19 3 18 28 13 
0 7 23 8 9 1 17 26 11 6 20 24 2 25 28 18 3 19 27 22 4 16 5 10 14 30 29 15 31 12 21 13 
0 7 23 8 9 1 17 26 11 18 20 24 28 25 2 27 3 19 22 6 4 16 5 10 14 30 29 15 31 12 21 13 
0 7 23 8 9 1 17 26 11 18 20 24 28 25 2 27 3 19 22 6 4 16 5 10 14 30 29 15 31 12 21 13 
0 7 23 8 9 1 17 16 4 27 6 19 3 18 28 25 2 24 20 22 11 26 5 10 14 30 29 15 31 12 21 13 
0 7 23 8 9 1 17 26 11 22 20 24 2 25 31 15 29 30 14 28 18 3 19 27 6 4 16 5 10 12 21 13 
0 7 23 8 9 1 17 26 11 22 20 24 2 25 31 15 29 30 14 28 18 3 19 27 6 4 16 5 10 12 21 13 
0 7 23 8 9 1 17 20 28 22 18 24 2 25 11 26 3 19 27 6 4 16 5 10 14 30 29 15 31 12 21 13 
0 7 23 8 9 1 17 26 11 22 20 14 10 5 16 4 6 27 19 3 18 28 25 2 24 30 29 15 31 12 21 13 
0 7 23 8 9 1 17 26 11 22 20 14 10 5 16 4 6 27 19 3 18 28 25 2 24 30 29 15 31 12 21 13 
0 7 23 8 9 1 17 26 11 22 20 24 2 14 10 5 16 4 6 27 19 3 18 28 25 30 29 15 31 12 21 13 
0 7 23 8 9 1 17 26 11 22 20 24 2 14 10 5 16 4 6 27 19 3 18 28 25 30 29 15 31 12 21 13 
0 7 23 8 9 1 17 26 11 22 20 24 2 14 10 5 16 4 6 27 19 3 18 28 25 30 29 15 31 12 21 13 
0 7 23 8 9 1 17 26 11 16 4 6 27 19 3 18 28 25 2 24 20 22 5 10 14 30 29 15 31 12 21 13 
0 7 23 8 9 1 17 26 11 22 5 16 4 6 27 19 3 18 28 25 2 24 20 10 14 30 29 15 31 12 21 13 
0 7 23 8 9 1 17 26 11 22 5 16 4 6 27 19 3 18 28 25 2 24 20 10 14 30 29 15 31 12 21 13 
0 7 23 8 9 1 17 26 11 22 20 24 2 25 28 18 3 19 27 6 21 16 4 5 10 14 30 29 15 31 12 13 
0 7 23 8 9 1 17 26 11 22 20 24 2 15 29 30 14 10 5 16 4 6 27 19 3 18 28 25 31 12 21 13 
0 7 23 8 9 1 17 26 11 22 20 24 2 25 28 18 3 19 21 12 31 15 29 30 14 10 5 16 4 6 27 13 
0 7 23 8 9 1 17 26 11 22 20 24 2 25 21 12 31 15 29 30 14 10 5 16 4 6 27 19 3 18 28 13 
0 7 23 8 9 1 17 26 11 22 20 24 2 25 21 12 31 15 29 30 14 10 5 16 4 6 27 19 3 18 28 13 
0 7 23 8 9 1 17 26 11 22 20 24 2 25 21 12 31 15 29 30 14 10 5 16 4 6 27 19 3 18 28 13 
0 7 23 8 9 27 19 3 20 28 25 2 26 18 22 11 24 17 1 6 4 16 5 10 14 30 29 15 31 12 21 13 
0 7 23 8 9 1 17 26 11 22 30 14 10 5 16 4 19 27 6 3 18 28 25 2 24 20 29 15 31 12 21 13 
0 7 23 8 9 1 17 26 11 22 30 14 10 5 16 4 6 27 19 3 18 28 25 2 24 20 29 15 31 12 21 13 
0 7 23 8 9 1 17 11 26 28 20 22 27 25 24 18 3 2 19 6 4 16 5 10 14 30 29 15 31 12 21 13 
0 7 23 8 9 1 17 11 26 28 20 22 27 25 24 18 3 2 19 6 4 16 5 10 14 30 29 15 31 12 21 13 
0 7 23 8 9 1 17 26 11 22 20 24 2 25 28 18 3 19 27 6 4 16 5 10 21 12 31 15 29 30 14 13 
0 7 23 8 9 1 17 26 11 22 20 24 2 25 28 18 3 19 27 15 29 30 14 10 5 21 12 31 6 4 16 13 
0 7 23 8 9 1 17 26 11 22 20 24 2 25 28 18 3 19 27 15 29 30 14 10 5 21 12 31 6 4 16 13 
0 7 23 8 9 1 17 2 24 20 22 11 26 25 28 18 3 19 27 6 4 16 5 10 14 30 29 15 31 12 21 13 
0 7 23 8 9 1 17 26 11 22 20 24 2 25 28 18 3 19 10 15 4 29 5 27 14 30 16 12 31 6 21 13 
0 7 23 8 9 1 17 26 11 22 21 12 31 15 29 30 14 10 5 16 4 6 27 19 3 18 28 25 2 24 20 13 
0 7 23 8 9 1 17 26 11 22 20 24 2 25 28 18 3 19 27 21 12 31 15 29 30 14 10 5 16 4 6 13 
0 7 27 19 11 18 28 25 2 22 20 17 3 26 24 1 9 8 23 6 4 16 5 10 14 30 29 15 31 12 21 13 
0 7 27 19 11 18 28 25 2 22 20 17 3 26 24 1 9 8 23 6 4 16 5 10 14 30 29 15 31 12 21 13 
0 7 23 8 26 1 22 9 11 17 20 24 2 25 28 18 3 19 27 6 4 16 5 10 14 30 29 15 31 12 21 13 
0 7 23 8 26 1 22 9 11 17 20 24 2 25 28 18 3 19 27 6 4 16 5 10 14 30 29 15 31 12 21 13 
0 7 23 8 26 1 22 9 11 17 20 24 2 25 28 18 3 19 27 6 4 16 5 10 14 30 29 15 31 12 21 13 
0 7 23 8 9 1 17 26 11 22 20 24 2 25 28 18 3 19 27 6 4 16 15 10 14 29 30 31 21 12 5 13 
0 7 23 8 9 1 17 26 4 6 27 19 3 18 28 25 2 24 20 22 11 16 5 10 14 30 29 15 31 12 21 13 
0 7 23 8 9 1 17 26 11 30 14 10 5 16 4 6 27 19 3 18 28 25 2 24 20 22 29 15 31 12 21 13 
0 7 23 8 9 1 17 26 11 30 14 10 5 16 4 6 27 19 3 18 28 25 2 24 20 22 29 15 31 12 21 13 
0 7 23 8 9 1 17 26 11 30 14 10 5 16 4 6 27 19 3 18 28 25 2 24 20 22 29 15 31 12 21 13 
0 7 23 8 9 1 17 26 11 22 20 24 2 25 27 14 3 19 28 6 4 16 5 10 18 30 29 15 31 12 21 13 
0 7 23 8 9 1 17 26 11 22 20 24 2 25 28 31 15 29 30 14 10 5 16 4 6 27 19 3 18 12 21 13 
0 7 23 8 9 1 17 26 11 22 20 12 31 15 29 30 14 10 5 16 4 6 27 19 3 18 28 25 2 24 21 13 
0 7 23 8 9 1 17 26 11 22 20 24 2 25 28 31 3 19 27 6 4 16 15 10 14 30 29 5 18 12 21 13 
0 7 23 8 9 1 17 26 11 22 20 24 2 27 19 3 18 28 25 6 4 16 5 10 14 30 29 15 31 12 21 13 
0 7 23 8 9 1 17 26 11 22 20 24 2 27 19 3 18 28 25 6 4 16 5 10 14 30 29 15 31 12 21 13 
0 7 23 8 9 1 17 26 11 22 20 24 2 25 28 18 3 19 27 6 4 21 12 31 15 29 30 14 10 5 16 13 
0 7 23 8 9 1 17 26 11 22 20 24 2 3 25 18 28 19 27 6 4 16 5 10 14 30 29 15 31 12 21 13 
0 7 23 8 9 1 17 26 11 22 20 24 2 25 28 18 31 15 29 30 14 10 5 16 4 6 27 19 3 12 21 13 
0 7 23 8 9 1 17 26 11 22 20 24 2 25 28 18 3 5 16 6 4 27 19 10 14 30 29 15 31 12 21 13 
0 7 23 8 9 1 17 26 11 22 20 27 19 3 18 28 25 2 24 6 4 16 5 10 14 30 29 15 31 12 21 13 
0 7 23 8 9 1 17 26 11 22 20 24 2 25 28 18 19 10 27 6 16 4 5 3 14 30 29 15 31 12 21 13 
0 7 23 8 9 1 17 26 11 22 20 24 4 25 28 18 3 19 27 6 2 16 5 10 14 30 29 15 31 12 21 13 
0 7 23 8 9 1 17 26 11 22 20 24 2 25 28 18 3 19 27 6 4 16 21 12 31 15 29 30 14 10 5 13 
0 22 11 26 17 1 9 8 23 7 16 24 2 25 28 18 3 19 27 6 4 20 5 29 14 30 10 15 31 12 21 13 
0 22 11 26 17 1 9 8 23 7 16 24 2 25 28 18 3 19 27 6 4 20 5 29 14 30 10 15 31 12 21 13 
0 7 23 8 9 1 17 26 11 22 20 24 2 25 29 30 14 10 5 16 4 6 27 19 3 18 28 15 31 12 21 13 
0 7 23 8 9 1 17 26 11 22 20 24 2 25 28 18 3 19 27 15 4 16 5 21 12 29 30 6 31 14 10 13 
0 7 23 8 9 1 17 26 11 22 20 24 2 25 28 18 3 19 27 15 4 16 5 21 12 29 30 6 31 14 10 13 
0 7 23 8 9 1 17 26 11 22 20 24 2 25 29 30 14 10 5 16 4 6 27 19 3 18 28 15 31 12 21 13 
0 7 25 2 24 20 22 11 26 17 1 9 8 23 28 18 3 19 27 6 4 16 5 10 14 30 29 15 31 12 21 13 
0 7 23 8 9 1 17 26 11 22 20 24 2 25 28 18 3 19 27 15 4 16 12 10 14 30 29 21 31 5 6 13 
0 7 17 1 9 8 23 26 11 22 20 24 2 25 28 18 3 19 27 6 4 16 5 10 14 30 29 15 31 12 21 13 
0 7 23 8 9 1 17 26 11 22 5 24 2 25 28 18 3 19 27 6 4 16 20 10 14 30 29 15 31 12 21 13 
0 7 23 8 9 1 17 26 11 22 5 24 2 25 28 18 3 19 27 6 4 16 20 10 14 30 29 15 31 12 21 13 
0 7 23 8 9 1 17 26 11 22 20 24 2 25 28 18 3 19 27 5 10 30 14 29 15 31 12 21 16 4 6 13 
0 7 23 8 9 1 25 2 11 26 20 24 17 22 28 18 3 19 27 6 4 16 5 10 14 30 29 15 31 12 21 13 
0 7 23 8 9 1 25 2 11 26 20 24 17 22 28 18 3 19 27 6 4 16 5 10 14 30 29 15 31 12 21 13 
0 7 23 8 9 1 17 26 11 22 20 24 2 25 28 3 27 31 15 29 30 14 10 19 16 4 6 5 18 12 21 13 
0 7 23 8 9 1 17 26 11 22 20 24 2 25 28 3 27 31 15 29 30 14 10 19 16 4 6 5 18 12 21 13 
0 7 23 8 9 1 17 26 11 22 20 10 5 16 4 6 27 19 3 18 28 25 2 24 14 30 29 15 31 12 21 13 
0 7 23 8 9 1 17 26 11 22 20 10 5 16 4 6 27 19 3 18 28 25 2 24 14 30 29 15 31 12 21 13 
0 7 23 8 9 1 17 26 11 22 20 24 2 25 28 18 3 31 27 6 4 12 5 10 14 30 29 15 19 16 21 13 
0 7 23 8 9 1 17 26 11 22 20 24 2 25 28 18 3 31 27 6 4 12 5 10 14 30 29 15 19 16 21 13 
0 7 23 8 9 1 17 26 18 28 25 2 24 20 22 11 3 19 27 6 4 16 5 10 14 30 29 15 31 12 21 13 
0 7 23 8 9 1 17 26 11 22 20 24 2 25 28 18 3 19 27 6 4 16 5 10 12 31 15 29 30 14 21 13 
0 7 23 8 9 1 17 26 11 22 20 24 2 25 28 18 3 19 27 6 4 16 5 10 12 31 15 29 30 14 21 13 
0 7 26 17 9 1 8 23 11 22 20 24 2 25 28 18 3 19 27 6 4 16 5 10 14 30 29 15 31 12 21 13 
0 7 26 17 9 1 8 23 11 22 20 24 2 25 28 18 3 19 27 6 4 16 5 10 14 30 29 15 31 12 21 13 
0 7 26 17 9 1 8 23 11 22 20 24 2 25 28 18 3 19 27 6 4 16 5 10 14 30 29 15 31 12 21 13 
0 7 26 17 9 1 8 23 11 22 20 24 2 25 28 18 3 19 27 6 4 16 5 10 14 30 29 15 31 12 21 13 
0 7 23 8 9 1 17 26 11 22 20 24 2 25 28 18 10 5 16 4 6 27 19 3 14 30 29 15 31 12 21 13 
0 23 7 1 9 8 17 26 11 22 20 24 2 25 28 18 3 19 27 6 4 16 5 10 14 30 29 15 31 12 21 13 
0 7 23 8 9 1 17 26 11 22 20 24 2 25 28 18 3 19 27 6 4 16 5 10 14 12 31 15 29 30 21 13 
0 7 23 8 9 1 17 26 11 22 20 21 12 31 15 29 30 14 10 5 16 4 6 27 19 3 18 28 25 2 24 13 
0 7 23 8 9 1 17 26 11 4 20 24 2 22 28 18 3 19 27 6 25 16 5 10 14 30 29 15 31 12 21 13 
0 7 23 8 9 1 17 26 11 22 20 24 3 25 28 16 2 19 27 6 4 18 29 10 14 30 5 15 31 12 21 13 
0 7 23 8 9 1 17 26 11 22 20 24 2 3 28 4 25 19 5 6 18 16 27 10 14 30 29 15 31 12 21 13 
0 7 23 8 9 1 17 26 11 22 20 24 2 3 28 4 25 19 5 6 18 16 27 10 14 30 29 15 31 12 21 13 
0 7 23 8 9 1 17 26 11 22 20 24 2 3 28 4 25 19 5 6 18 16 27 10 14 30 29 15 31 12 21 13 
0 7 23 8 9 1 17 26 11 22 20 24 2 3 28 4 25 19 5 6 18 16 27 10 14 30 29 15 31 12 21 13 
0 7 23 17 1 9 8 26 11 22 20 24 2 25 28 18 3 19 27 5 16 4 6 10 14 30 29 15 31 12 21 13 
0 7 23 17 1 9 8 26 11 22 20 24 2 25 28 18 3 19 27 5 16 4 6 10 14 30 29 15 31 12 21 13 
0 7 23 8 9 1 17 26 11 22 20 24 2 25 28 30 14 10 5 16 4 6 27 19 3 18 29 15 31 12 21 13 
0 7 23 8 9 25 2 24 20 22 11 26 17 1 28 18 3 19 27 6 4 16 5 10 14 30 29 15 31 12 21 13 
0 7 23 8 9 1 17 24 11 22 20 25 3 26 28 16 4 6 27 19 2 18 5 10 14 30 29 15 31 12 21 13 
0 7 23 8 9 1 17 26 11 22 6 24 2 20 28 18 5 19 16 3 10 27 25 4 14 30 29 15 31 12 21 13 
0 7 23 8 9 1 17 26 11 22 20 24 2 25 28 18 3 19 21 27 6 4 16 5 10 14 30 29 15 31 12 13 
0 7 23 8 9 1 17 26 20 22 18 24 2 27 28 11 3 19 25 6 16 4 5 10 14 30 29 15 31 12 21 13 
0 7 23 8 9 1 17 26 20 22 18 24 2 27 28 11 3 19 25 6 16 4 5 10 14 30 29 15 31 12 21 13 
0 7 23 8 9 1 17 26 20 22 18 24 2 27 28 11 3 19 25 6 16 4 5 10 14 30 29 15 31 12 21 13 
0 7 23 2 24 20 22 11 26 17 1 9 8 25 28 18 3 19 27 6 4 16 5 10 14 30 29 15 31 12 21 13 
0 7 23 8 9 1 17 26 4 6 27 19 3 18 28 25 2 24 20 22 11 16 5 10 14 30 29 15 31 12 21 13 
0 7 23 8 26 17 1 9 11 22 20 24 2 25 28 18 3 19 27 6 4 16 5 10 14 30 29 15 31 12 21 13 
0 7 23 8 9 1 17 26 11 22 20 24 2 25 28 18 3 19 27 6 4 16 5 10 14 30 12 15 21 29 31 13 
0 7 23 8 9 1 17 26 11 22 20 24 10 5 16 4 6 27 19 3 18 28 25 2 14 30 29 15 31 12 21 13 
0 7 23 8 9 1 17 26 11 22 20 24 10 5 16 4 6 27 19 3 18 28 25 2 14 30 29 15 31 12 21 13 
0 7 23 8 9 1 17 26 11 22 20 24 10 5 16 4 6 27 19 3 18 28 25 2 14 30 29 15 31 12 21 13 
0 7 23 8 9 1 17 26 11 22 20 24 10 5 16 4 6 27 19 3 18 28 25 2 14 30 29 15 31 12 21 13 
0 7 23 8 9 1 17 26 11 22 20 24 2 25 28 15 29 30 14 10 5 16 4 6 27 19 3 18 31 12 21 13 
0 7 24 20 22 11 26 17 1 9 8 23 2 25 28 18 3 19 27 6 4 16 5 10 14 30 29 15 31 12 21 13 
0 7 23 8 9 1 17 26 11 22 20 24 21 12 31 15 29 30 14 10 5 16 4 6 27 19 3 18 28 25 2 13 
0 7 23 11 26 17 1 9 8 22 20 24 2 25 28 18 3 19 27 6 4 16 5 10 14 30 29 15 31 12 21 13 
0 7 23 8 9 1 21 12 31 15 29 6 4 16 5 10 14 30 27 17 26 11 22 20 24 2 25 28 18 3 19 13 
0 7 23 8 9 1 17 26 11 22 20 24 21 12 31 15 29 30 14 10 5 16 4 6 27 19 3 18 28 25 2 13 
0 7 23 8 9 1 17 26 28 22 20 24 2 25 11 18 3 19 27 6 4 16 5 10 14 30 29 15 31 12 21 13 
0 7 23 8 9 1 17 26 28 22 20 24 2 25 11 18 3 19 27 6 4 16 5 10 14 30 29 15 31 12 21 13 
0 7 23 8 9 1 17 26 28 22 20 24 2 25 11 18 3 19 27 6 4 16 5 10 14 30 29 15 31 12 21 13 
0 7 23 8 9 1 17 26 28 22 20 24 2 25 11 18 3 19 27 6 4 16 5 10 14 30 29 15 31 12 21 13 
0 7 23 8 9 1 17 26 28 22 20 24 2 25 11 18 3 19 27 6 4 16 5 10 14 30 29 15 31 12 21 13 
0 7 23 8 9 1 17 26 11 22 20 24 2 4 28 18 3 19 30 6 15 16 5 10 14 27 29 25 31 12 21 13 
0 7 23 8 9 1 17 26 28 22 20 24 2 25 11 18 3 19 27 6 4 16 5 10 14 30 29 15 31 12 21 13 
0 7 23 11 26 17 1 9 8 22 20 24 2 25 28 18 3 19 27 6 4 16 5 10 14 30 29 15 31 12 21 13 
0 7 23 8 9 1 16 4 6 27 19 3 18 28 25 2 24 20 22 11 26 17 5 10 14 30 29 15 31 12 21 13 
0 7 23 8 9 1 17 25 2 24 20 22 11 26 28 18 3 19 27 6 4 16 5 10 14 30 29 15 31 12 21 13 
0 7 23 8 9 1 17 26 11 22 20 5 16 4 6 27 19 3 18 28 25 2 24 10 14 30 29 15 31 12 21 13 
0 7 24 20 22 11 26 17 1 9 8 23 2 25 28 18 3 19 27 6 4 16 5 10 14 30 29 15 31 12 21 13 
0 7 23 8 9 21 12 31 15 29 30 14 10 5 16 4 6 27 19 1 17 26 11 22 20 24 2 25 28 18 3 13 
0 7 23 8 9 1 17 26 11 12 31 6 4 16 5 10 14 30 29 15 27 19 3 18 28 25 2 24 20 22 21 13 
0 7 23 8 9 1 17 26 11 12 31 6 4 16 5 10 14 30 29 15 27 19 3 18 28 25 2 24 20 22 21 13 
0 7 23 8 9 1 17 26 11 12 31 6 4 16 5 10 14 30 29 15 27 19 3 18 28 25 2 24 20 22 21 13 
0 7 23 8 9 1 22 26 11 17 20 24 2 28 5 18 3 19 27 6 4 16 25 10 14 30 29 15 31 12 21 13 
0 7 23 8 9 1 17 26 11 22 18 19 2 4 28 20 3 14 27 6 25 16 5 10 24 30 29 15 31 12 21 13 
0 7 23 8 9 1 17 26 10 5 16 4 6 27 19 3 18 28 25 2 24 20 22 11 14 30 29 15 31 12 21 13 
0 7 23 8 9 21 12 31 15 29 30 14 10 5 16 4 6 27 19 1 17 26 11 22 20 24 2 25 28 18 3 13 
0 7 23 8 9 1 17 26 11 22 20 24 2 25 28 18 3 19 27 21 12 31 15 29 30 14 10 5 16 4 6 13 
0 7 23 8 9 1 17 26 11 22 20 24 2 25 28 18 10 5 16 4 6 27 19 3 14 30 29 15 31 12 21 13 
0 7 23 8 9 1 17 26 11 18 22 24 2 25 3 20 28 19 27 6 4 16 5 10 14 30 29 15 31 12 21 13 
0 7 23 8 9 1 17 2 11 27 20 24 22 25 28 18 3 19 26 6 4 16 5 10 14 30 29 15 31 12 21 13 
0 7 23 8 9 1 17 26 11 22 20 24 2 25 19 18 3 28 27 6 4 16 5 10 14 30 29 15 31 12 21 13 
0 7 23 8 9 1 17 26 11 22 20 24 2 25 28 18 3 19 27 6 4 12 31 15 29 30 14 10 5 16 21 13 
0 7 23 8 9 1 17 26 11 22 20 24 31 5 16 4 6 27 19 3 18 28 25 2 14 30 29 15 10 12 21 13 
0 7 23 8 9 1 17 26 11 22 20 24 31 5 16 4 6 27 19 3 18 28 25 2 14 30 29 15 10 12 21 13 
0 7 23 8 9 1 17 26 11 22 20 24 2 25 28 18 3 19 27 31 5 16 4 6 14 30 29 15 10 12 21 13 
0 7 23 8 9 1 17 26 11 22 20 24 2 25 28 18 5 16 4 3 19 27 6 10 12 30 29 15 31 14 21 13 
0 7 23 8 9 1 17 26 11 22 20 24 2 25 28 18 5 16 4 3 19 27 6 10 12 30 29 15 31 14 21 13 
0 7 23 8 9 1 17 26 11 22 20 24 2 21 12 31 15 29 30 14 10 5 16 4 6 27 19 3 18 28 25 13 
0 7 23 8 9 1 17 26 11 22 20 24 2 15 29 30 14 10 5 16 4 6 27 19 3 18 28 25 31 12 21 13 
0 7 23 8 9 1 17 26 11 22 20 24 2 6 4 16 5 10 14 30 29 15 27 19 3 18 28 25 31 12 21 13 
0 7 23 8 9 1 17 26 11 22 20 24 2 25 28 18 3 19 27 6 4 16 5 12 31 15 29 30 14 10 21 13 
0 7 23 8 9 1 17 28 2 22 20 24 11 25 26 18 3 19 27 6 4 16 5 10 14 30 29 15 31 12 21 13 
0 7 23 8 9 1 17 28 2 22 20 24 11 25 26 18 3 19 27 6 4 16 5 10 14 30 29 15 31 12 21 13 
0 7 23 8 9 1 17 26 11 22 20 24 30 14 10 5 16 4 6 27 19 3 18 28 25 2 29 15 31 12 21 13 
0 7 23 8 9 1 17 26 11 22 20 24 30 14 10 5 16 4 6 27 19 3 18 28 25 2 29 15 31 12 21 13 
0 7 23 8 9 1 17 26 11 22 20 24 30 14 10 5 16 4 6 27 19 3 18 28 25 2 29 15 31 12 21 13 
0 7 23 8 9 1 17 26 11 22 29 30 14 10 5 16 4 6 27 19 3 18 28 25 2 24 20 15 31 12 21 13 
0 7 23 8 9 1 17 26 11 22 29 30 14 10 5 16 4 6 27 19 3 18 28 25 2 24 20 15 31 12 21 13 
0 7 23 8 9 1 17 26 15 29 30 14 10 5 16 4 6 27 19 3 18 28 25 2 24 20 22 11 31 12 21 13 
0 7 23 8 1 9 17 26 11 22 20 24 2 25 28 18 3 19 27 21 12 31 15 29 30 14 10 5 16 4 6 13 
0 7 23 8 9 1 17 4 6 27 19 3 18 28 25 2 24 20 22 11 26 16 5 10 14 30 29 15 31 12 21 13 
0 7 23 8 9 1 17 26 11 22 20 24 2 25 28 18 3 19 27 21 12 31 15 29 30 14 10 5 16 4 6 13 
0 7 23 8 9 1 17 22 11 26 20 2 24 25 28 18 6 19 27 3 4 16 5 10 14 30 29 15 31 12 21 13 
0 7 23 8 9 1 17 26 11 22 20 24 2 25 28 18 3 19 27 6 4 16 5 10 21 12 31 15 29 30 14 13 
0 7 23 8 9 17 1 26 11 22 20 24 2 25 28 18 3 19 27 6 4 16 5 10 14 30 29 15 31 12 21 13 
0 7 23 8 9 1 17 26 11 16 4 6 27 19 3 18 28 25 2 24 20 22 5 10 14 30 29 15 31 12 21 13 
0 7 23 8 9 1 17 26 11 22 20 24 2 25 28 29 30 14 10 5 16 4 6 27 19 3 18 15 31 12 21 13 
0 7 23 8 9 1 17 5 16 4 6 27 19 3 18 28 25 2 11 26 24 22 20 10 14 30 29 15 31 12 21 13 
