6.98992
6.59029
6.23797
5.91016
5.62518
5.30434
5.01545
4.7878
4.60506
4.46803
4.34951
4.27196
4.1734
4.06182
3.93094
3.7978
3.70588
3.63627
3.57953
3.52965
3.48143
3.44226
3.39193
3.33145
3.27122
3.17053
3.05721
2.96995
2.89762
2.83984
2.79975
2.76017
2.68669
2.59338
2.48157
2.39461
2.32334
2.26823
2.24187
2.2118
2.19161
2.15777
2.11907
2.09036
2.06514
2.03785
1.99383
1.9591
1.9234
1.88389
1.84422
1.80139
1.76935
1.73014
1.69768
1.66847
1.64646
1.61643
1.58247
1.55786
1.52977
1.50677
1.48852
1.47006
1.4508
1.43965
1.42566
1.40347
1.37573
1.35603
1.34043
1.32148
1.3062
1.29606
1.28114
1.26503
1.24364
1.22633
1.21886
1.21646
1.21327
1.20626
1.19519
1.18306
1.17493
1.15756
1.13236
1.10908
1.10201
1.08859
1.06696
1.06499
1.06466
1.0643
1.06355
1.06148
1.05751
1.05348
1.05217
1.05089
1.05014
1.04952
1.04834
1.04685
1.04458
1.0437
1.0422
1.0406
1.04036
1.0399
1.03917
1.03802
1.03631
1.03366
1.03091
1.02733
1.0238
1.02043
1.01714
1.01346
1.01316
1.013
1.01262
1.01196
1.01061
1.00858
1.00814
1.00813
1.00805
1.00804
1.00797
1.00791
1.00769
1.00728
1.00639
1.00505
1.0027
1.00217
1.00216
1.00212
1.00211
1.00204
1.002
1.00193
1.00174
1.00141
1.00075
0.999618
0.998892
0.998803
0.998753
0.998703
0.998649
0.998553
0.998518
0.998464
0.998351
0.998266
0.99793
0.997397
0.996596
0.995441
0.995408
0.995408
0.995401
0.995401
0.995401
0.995384
0.995384
0.995384
0.995384
0.995384
0.995388
0.995388
0.995283
0.995267
0.995267
0.995233
0.995233
0.995193
0.995136
0.995141
0.995084
0.995084
0.995027
0.99502
0.995009
0.995009
0.99502
0.995012
0.994973
0.994973
0.99494
0.99494
0.99494
0.99494
0.994906
0.994906
0.994867
0.994849
0.99484
0.994819
0.994763
0.994756
0.994756
0.994746
0.994741
0.994741
0.994672
0.994655
0.994675
0.994675
0.994675
0.994682
0.994697
0.994704
0.994686
0.994686
0.994689
0.994713
0.994713
0.994689
0.994682
0.994716
0.994699
0.994733
0.994709
0.994709
0.994713
0.994674
0.994691
0.994691
0.994671
0.994671
0.994624
0.994631
0.994602
0.994602
0.994602
0.994598
0.994539
0.994546
0.994563
0.99453
0.994491
0.994529
0.994529
0.994522
0.994556
0.994526
0.994509
0.994519
0.99452
0.994488
0.994526
0.994526
0.994491
0.994491
0.994489
0.994489
0.994432
0.994442
0.99442
0.994444
0.994484
0.994484
0.994484
0.994484
0.994501
0.994518
0.994517
0.994551
0.994551
0.994551
0.994567
0.99451
0.994493
0.994453
0.994453
0.994397
0.99439
0.99439
0.994408
0.99439
0.994373
0.994355
0.994372
0.994355
0.994354
0.994315
0.994315
0.994281
0.994281
0.994206
0.994213
0.99422
0.994198
0.994198
0.994215
0.994082
0.994042
0.994042
0.993981
0.993991
0.994008
0.994026
0.994009
0.99399
0.994007
0.994
0.994
0.99396
0.993977
0.993977
0.993966
0.993949
0.993966
0.993966
0.99391
0.993917
0.993898
0.993854
0.993819
0.993814
0.993797
0.993725
0.993737
0.993737
0.993737
0.993792
0.993775
0.993775
0.993792
0.993771
0.993753
0.993771
0.993764
0.993764
0.993782
0.993759
0.993759
0.993759
0.993759
0.993759
0.993759
0.993741
0.993702
0.993662
0.993662
0.99368
0.99368
0.99368
0.993697
0.993697
0.993657
0.993639
0.993582
0.993582
0.993582
0.993542
0.993537
0.993533
0.993472
0.993472
0.993455
0.993455
0.993485
0.993485
0.993485
0.993523
0.993516
0.993494
0.993494
0.993494
0.993516
0.993494
0.993511
0.993511
0.993511
0.993497
0.993497
0.993457
0.993427
0.993365
0.993365
0.993365
0.993344
0.993322
0.993261
0.993244
0.993205
0.993205
0.993187
0.99313
0.993091
0.993091
0.993047
0.993025
0.993018
0.993011
0.993011
0.993018
0.993025
0.992986
0.992986
0.992986
0.992986
0.992929
0.992946
0.992963
0.992963
0.993002
0.993002
0.993042
0.993042
0.993042
0.993021
0.992981
0.992981
0.992981
0.992925
0.992908
0.992901
0.992918
0.992878
0.992878
0.992885
0.992879
0.99284
0.99284
0.992783
0.992783
0.992805
0.992783
0.992744
0.992704
0.992687
0.992687
0.992648
0.992631
0.992528
0.992528
0.992511
0.992528
0.992475
0.992491
0.992538
0.992498
0.992498
0.992498
0.992498
0.992535
0.992495
0.992485
0.992485
0.992467
0.992428
0.992428
0.992467
0.992445
0.992426
0.992426
0.992483
0.992454
0.992415
0.992375
0.992336
0.992336
0.992336
0.992275
0.992252
0.992177
0.99216
0.992153
0.992199
0.99216
0.992057
0.992034
0.992081
0.99212
0.992097
0.992107
0.992067
0.992067
0.992027
0.99202
0.992004
0.992025
0.992004
0.992004
0.991964
0.991947
0.991987
0.992083
0.992083
0.992004
0.991986
0.991986
0.992008
0.992025
0.992025
0.992082
0.992042
0.991986
0.991946
0.991946
0.991981
0.991964
0.99195
0.99195
0.99195
0.99195
0.991893
0.991854
0.991854
0.991847
0.991807
0.991832
0.991832
0.991832
0.991799
0.991759
0.991782
0.991742
0.991742
0.991686
0.991725
0.991765
0.991782
0.991742
0.991703
0.991719
0.991736
0.99168
0.991627
0.991649
0.99157
0.991594
0.991594
0.991666
0.991586
0.99151
0.991426
0.99079
0.989708
0.987327
0.983571
0.974102
0.959539
0.940756
0.937777
0.937674
0.937306
0.936608
0.934459
0.930692
0.925148
0.922391
0.922391
0.922391
0.92237
0.922349
0.922349
0.922349
0.922307
0.922281
0.922281
0.922128
0.922128
0.922149
0.922149
0.922073
0.922073
0.922062
0.922062
0.922062
0.921986
0.921965
0.921965
0.921888
0.921862
0.921862
0.921862
0.921785
0.921709
0.921709
0.921688
0.921688
0.921688
0.921688
0.921612
0.921606
0.921585
0.921585
0.921514
0.921493
0.921498
0.921498
0.921493
0.921451
0.921451
0.921375
0.921375
0.921327
0.921312
0.921312
0.921235
0.921159
0.921159
0.92093
0.920964
0.920888
0.920888
0.920888
0.920867
0.920846
0.920825
0.920748
0.920748
0.920769
0.920774
0.920732
0.920711
0.92069
0.92069
0.920635
0.920482
0.920343
0.920343
0.920327
0.920327
0.920264
0.920145
0.920145
0.920124
0.920124
0.920006
0.91993
0.919853
0.919756
0.919735
0.919658
0.919756
0.91974
0.919587
0.919524
0.919385
0.919364
0.919301
0.919306
0.919264
0.919201
0.91918
0.91904
0.918922
0.918693
0.918651
0.918595
0.918532
0.918393
0.918448
0.918351
0.917982
0.917787
0.917724
0.917745
0.917606
0.917369
0.917145
0.917006
0.916876
0.91652
0.916276
0.916031
0.915905
0.91559
0.915464
0.91524
0.914988
0.914736
0.91419
0.913756
0.91299
0.912157
0.911632
0.910567
0.909706
0.908747
0.908692
0.908637
0.908637
0.908637
0.908581
0.908581
0.908526
0.908526
0.908581
0.908637
0.908637
0.908637
0.908637
0.908581
0.908581
0.908581
0.908526
0.908526
0.908415
0.908415
0.908354
0.908354
0.908354
0.908299
0.908188
0.908188
0.908188
0.908188
0.908133
0.908077
0.908022
0.908022
0.908022
0.907966
0.908022
0.907972
0.907972
0.907972
0.907916
0.907916
0.907805
0.907805
0.907805
0.907805
0.907916
0.907916
0.907861
0.907838
0.907838
0.907838
0.907838
0.907782
0.907782
0.907782
0.907782
0.907782
0.907722
0.907666
0.907666
0.907666
0.907666
0.907666
0.907666
0.90755
0.907495
0.90755
0.9075
0.907445
0.907334
0.907278
0.907223
0.907223
0.907135
0.907135
0.90708
0.90708
0.907024
0.907024
0.906969
0.906974
0.906974
0.906974
0.906974
0.906919
0.906919
0.906974
0.906919
0.906858
0.906747
0.906747
0.906692
0.906692
0.906687
0.906798
0.906747
0.906637
0.906637
0.906526
0.906526
0.906526
0.906526
0.906526
0.906476
0.90647
0.90647
0.906526
0.906526
0.906526
0.906526
0.906526
0.906465
0.906188
0.906188
0.906133
0.906022
0.905966
0.905911
0.905966
0.905911
0.905856
0.905856
0.905806
0.905806
0.905861
0.905806
0.905639
0.905639
0.905529
0.905473
0.905418
0.905418
0.905418
0.905412
0.905357
0.905302
0.905257
0.905201
0.905146
0.905091
0.905035
0.904919
0.904919
0.904808
0.904697
0.904753
0.904753
0.904697
0.904697
0.904697
0.904642
0.904642
0.904476
0.904476
0.904426
0.904259
0.904093
0.904038
0.903816
0.903595
0.903428
0.903439
0.903378
0.903312
0.903257
0.903146
0.903146
0.902924
0.902919
0.902814
0.902703
0.902592
0.902481
0.902426
0.90237
0.902325
0.90227
0.902315
0.90226
0.902149
0.902038
0.901983
0.901927
0.901706
0.901539
0.901595
0.901539
0.901318
0.901151
0.901091
0.901035
0.901035
0.900758
0.900608
0.900597
0.90032
0.900265
0.899988
0.899988
0.899711
0.899656
0.8996
0.899479
0.899423
0.899202
0.89893
0.898714
0.898437
0.898326
0.89827
0.897943
0.897777
0.897354
0.897077
0.896966
0.897011
0.8969
0.896554
0.896499
0.896
0.895737
0.895631
0.89541
0.895243
0.895022
0.8948
0.894634
0.894523
0.894468
0.894302
0.89408
0.893581
0.89336
0.892972
0.892806
0.892695
0.892173
0.892025
0.891591
0.891465
0.891309
0.890963
0.890515
0.89058
0.890232
0.889757
0.889556
0.889163
0.888267
0.887984
0.887531
0.887351
0.886742
0.886523
0.886112
0.885803
0.885526
0.885028
0.885138
0.884972
0.884695
0.884252
0.883975
0.883975
0.883975
0.883975
0.883975
0.883975
0.883975
0.883975
0.883975
0.883975
0.883969
0.883969
0.883969
0.883969
0.883964
0.883964
0.883964
0.883964
0.883964
0.883964
0.883964
0.883964
0.883964
0.883959
0.883959
0.883959
0.883959
0.883959
0.883959
0.883959
0.883959
0.883959
0.883959
0.883959
0.883959
0.883959
0.883959
0.883909
0.883903
0.883903
0.883903
0.883903
0.883898
0.883898
0.883898
0.883887
0.883887
0.883877
0.883877
0.883871
0.883871
