5.02475
4.95923
4.78331
4.59168
4.23807
4.23807
4.23807
4.13855
3.65015
3.65015
3.44577
3.44577
3.44577
3.40294
3.2415
3.2415
3.2415
3.01264
3.01264
3.01264
2.9983
2.714
2.714
2.69217
2.69217
2.66369
2.66369
2.64631
2.64631
2.64631
2.48434
2.48434
2.3338
2.3338
1.84189
1.84189
1.84189
1.84189
1.84189
1.72301
1.72301
1.72301
1.68535
1.64757
1.48769
1.48769
1.48769
1.47412
1.44375
1.34477
1.34477
1.34477
1.34477
1.2687
1.26221
1.26221
1.26221
1.24888
1.20559
1.20559
1.20559
1.20559
1.20559
1.20559
1.20559
1.20559
1.20559
1.14418
1.14418
1.12942
1.12942
1.12942
1.12942
1.12942
1.12942
1.12942
1.12942
1.11356
1.11356
1.11356
1.11356
1.11356
1.11356
1.11356
1.11356
1.11356
1.02732
1.02732
1.02732
1.02732
1.02732
1.02732
1.02732
1.02732
1.02732
1.02732
1.02732
1.01424
1.01424
1.01424
1.01424
1.01424
1.01424
1.01424
1.01424
1.01424
1.01424
1.01424
1.01424
1.01424
1.01424
1.01424
1.01424
1.01424
1.01424
1.01424
1.01424
1.01424
1.01424
1.01424
1.01424
1.01424
1.01424
1.01424
1.01424
1.01424
1.01424
1.01424
1.01424
1.01424
1.01424
1.01424
1.01424
1.01424
1.01424
1.01424
1.01424
1.01424
1.01424
1.01424
1.01424
1.01424
1.01424
1.01424
1.01424
0.997973
0.997973
0.997973
0.997973
0.972829
0.967969
0.967969
0.967969
0.927347
0.927347
0.927347
0.927347
0.927347
0.927347
0.927347
0.927347
0.927347
0.876939
0.876939
0.876939
0.876939
0.876939
0.876939
0.876939
0.876939
0.876939
0.876939
0.874951
0.874951
0.874951
0.874951
0.874951
0.874951
0.874951
0.874951
0.874951
0.874951
0.874951
0.874951
0.874951
0.874951
0.874951
0.874951
0.874951
0.874951
0.874951
0.874951
0.874951
0.874951
0.874951
0.874951
0.874951
0.874951
0.874951
0.874951
0.874951
0.874951
0.874951
0.874951
0.874951
0.874951
0.874951
0.874951
0.874951
0.874951
0.874951
0.874951
0.874951
0.874951
0.874951
0.874951
0.874951
0.874951
0.874951
0.874951
0.874951
0.874951
0.874951
0.874951
0.874951
0.874951
0.874951
0.874951
0.874951
0.874951
0.874951
0.874951
0.874951
0.874951
0.874951
0.874951
0.874951
0.874951
0.874951
0.874951
0.874951
0.874951
0.874951
0.874951
0.874951
0.874951
0.874951
0.874951
0.874951
0.874951
0.874951
0.874951
0.874951
0.874951
0.874951
0.874951
0.874951
0.874951
0.874951
0.874951
0.874951
0.874951
0.874951
0.874951
0.874951
0.874951
0.874951
0.874951
0.874951
0.874951
0.874951
0.874951
0.874951
0.874951
0.874951
0.874951
0.874951
0.874951
0.874951
0.874951
0.874951
0.874951
0.874951
0.874951
0.874951
0.874951
0.874951
0.874951
0.874951
0.874951
0.874951
0.874951
0.874951
0.874951
0.874951
0.874951
0.874951
0.874951
0.874951
0.847513
0.847513
0.847513
0.847513
0.847513
0.847513
0.847513
0.847513
0.847513
0.834436
0.834436
0.834436
0.834436
0.833647
0.82947
0.82947
0.82947
0.82947
0.82947
0.82947
0.768967
0.761685
0.761685
0.757508
0.757508
0.757508
0.757508
0.757508
0.757508
0.757508
0.757508
0.757508
0.757508
0.757508
0.757508
0.757508
0.757508
0.757508
0.757508
0.757508
0.757508
0.757508
0.757508
0.757508
0.757508
0.757508
0.757508
0.757508
0.757508
0.757508
0.757508
0.757508
0.757508
0.757508
0.757508
0.757508
0.757508
0.757508
0.757508
0.757508
0.757508
0.757508
0.757508
0.757508
0.757508
0.757508
0.757508
0.757508
0.757508
0.757508
0.757508
0.757508
0.757508
0.757508
0.757508
0.757508
0.757508
0.757508
0.757508
0.757508
0.757508
0.757508
0.757508
0.757508
0.757508
0.757508
0.757508
0.757508
0.757508
0.757508
0.757508
0.757508
0.757508
0.757508
0.757508
0.757508
0.757508
0.757508
0.757508
0.757508
0.757508
0.757508
0.757508
0.757508
0.757508
0.757508
0.757508
0.757508
0.757508
0.757508
0.757508
0.757508
0.757508
0.757508
0.757508
0.757508
0.757508
0.757508
0.757508
0.757508
0.757508
0.757508
0.757508
0.757508
0.757508
0.757508
0.757508
0.757508
0.757508
0.757508
0.757508
0.757508
0.757508
0.757508
0.757508
0.757508
0.757508
0.757508
0.757508
0.757508
0.757508
0.757508
0.757508
0.757508
0.757508
0.757508
0.757508
0.757508
0.757508
0.757508
0.842547
0.757508
0.757508
0.757508
0.757508
0.757508
0.757508
0.757508
0.757508
0.757508
0.757508
0.757508
0.757508
0.757508
0.757508
0.757508
0.757508
0.757508
0.757508
0.757508
0.757508
0.757508
0.757508
0.757508
0.757508
0.757508
0.757508
0.757508
0.757508
0.757508
0.757508
0.757508
0.757508
0.757508
0.757508
0.757508
0.757508
0.757508
0.757508
0.757508
0.757508
0.757508
0.757508
0.757508
0.757508
0.757508
0.757508
0.757508
0.757508
0.757508
0.757508
0.757508
0.757508
0.757508
0.757508
0.757508
0.757508
0.757508
0.757508
0.757508
0.757508
0.757508
0.757508
0.757508
0.757508
0.757508
0.757508
0.757508
0.757508
0.757508
0.757508
0.757508
0.757508
0.757508
0.757508
0.757508
0.757508
0.757508
0.757508
0.757508
0.757508
0.757508
0.757508
0.757508
0.757508
0.757508
0.757508
0.757508
0.757508
0.757508
0.757508
0.757508
0.757508
0.757508
0.757508
0.757508
0.757508
0.757508
0.757508
0.757508
0.757508
0.757508
0.757508
0.757508
0.757508
0.757508
0.757508
0.757508
0.757508
0.757508
0.757508
0.757508
0.757508
0.757508
0.757508
0.757508
0.757508
0.757508
0.757508
0.757508
0.757508
0.757508
0.757508
0.757508
0.757508
0.757508
0.757508
0.757508
0.757508
0.757508
0.757508
0.757508
0.757508
0.757508
0.757508
0.757508
0.757508
0.757508
0.757508
0.757508
0.757508
0.757508
0.757508
0.757508
0.757508
0.757508
0.757508
0.757508
0.757508
0.757508
0.842547
0.757508
0.757508
0.757508
0.757508
0.757508
0.757508
0.757508
0.757508
0.757508
0.757508
0.757508
0.757508
0.757508
0.757508
0.757508
0.757508
0.757508
0.757508
0.757508
0.757508
0.757508
0.757508
0.757508
0.757508
0.757508
0.757508
0.757508
0.757508
0.757508
0.757508
0.757508
0.757508
0.757508
0.757508
0.757508
0.757508
0.757508
0.757508
0.757508
0.757508
0.757508
0.757508
0.757508
0.757508
0.757508
0.757508
0.757508
0.757508
0.757508
0.757508
0.757508
0.757508
0.757508
0.757508
0.757508
0.757508
0.757508
0.757508
0.757508
0.757508
0.757508
0.757508
0.757508
0.757508
0.757508
0.757508
0.757508
0.757508
0.757508
0.757508
0.757508
0.757508
0.757508
0.757508
0.757508
0.757508
0.757508
0.757508
0.757508
0.757508
0.757508
0.757508
0.757508
0.757508
0.757508
0.757508
0.757508
0.757508
0.757508
0.757508
0.757508
0.757508
0.757508
0.757508
0.757508
0.757508
0.757508
0.757508
0.757508
0.757508
0.757508
0.757508
0.757508
0.757508
0.757508
0.757508
0.757508
0.757508
0.757508
0.757508
0.757508
0.757508
0.757508
0.757508
0.757508
0.757508
0.757508
0.757508
0.757508
0.757508
0.757508
0.757508
0.757508
0.757508
0.757508
0.757508
0.757508
0.757508
0.757508
0.757508
0.757508
0.757508
0.757508
0.757508
0.757508
0.757508
0.757508
0.757508
0.757508
0.757508
0.757508
0.757508
0.757508
0.757508
0.757508
0.757508
0.757508
0.757508
0.757508
0.842547
0.757508
0.757508
0.757508
0.757508
0.757508
0.757508
0.757508
0.757508
0.757508
0.757508
0.757508
0.757508
0.757508
0.757508
0.757508
0.757508
0.757508
0.757508
0.757508
0.757508
0.757508
0.757508
0.757508
0.757508
0.757508
0.757508
0.757508
0.757508
0.757508
0.757508
0.757508
0.757508
0.757508
0.757508
0.757508
0.757508
0.757508
0.757508
0.757508
0.757508
0.757508
0.757508
0.757508
0.757508
0.757508
0.757508
0.757508
0.757508
0.757508
0.757508
0.757508
0.757508
0.757508
0.757508
0.757508
0.757508
0.757508
0.757508
0.757508
0.757508
0.757508
0.757508
0.757508
0.757508
0.757508
0.757508
0.757508
0.757508
0.757508
0.757508
0.757508
0.757508
0.757508
0.757508
0.757508
0.757508
0.757508
0.757508
0.757508
0.757508
0.757508
0.757508
0.757508
0.757508
0.757508
0.757508
0.757508
0.757508
0.757508
0.757508
0.757508
0.757508
0.757508
0.757508
0.757508
0.757508
0.757508
0.757508
0.757508
0.757508
0.757508
0.757508
0.757508
0.757508
0.757508
0.757508
0.757508
0.757508
0.757508
0.757508
0.757508
0.757508
0.757508
0.757508
0.757508
0.757508
0.757508
0.757508
0.757508
0.757508
0.757508
0.757508
0.757508
0.757508
0.757508
0.757508
0.757508
0.757508
0.757508
0.757508
0.757508
0.757508
0.757508
0.757508
0.757508
0.757508
0.757508
0.757508
0.757508
0.757508
0.757508
0.757508
0.757508
0.757508
0.757508
0.757508
0.757508
0.757508
0.757508
0.757508
0.757508
0.757508
0.757508
0.757508
0.757508
0.757508
0.757508
0.757508
0.757508
0.757508
0.757508
0.757508
0.757508
0.757508
0.757508
0.757508
0.757508
0.757508
0.757508
0.757508
0.757508
0.757508
0.757508
0.757508
0.757508
0.757508
0.757508
0.757508
0.757508
0.757508
0.757508
0.757508
0.757508
0.757508
0.757508
0.757508
0.757508
0.757508
0.757508
0.757508
0.757508
0.757508
0.757508
0.757508
0.757508
0.757508
0.757508
0.757508
0.757508
0.757508
0.757508
0.757508
0.757508
0.757508
0.757508
0.757508
0.757508
0.757508
0.757508
0.757508
0.757508
0.757508
0.757508
0.757508
0.757508
0.757508
0.757508
0.757508
0.757508
0.757508
0.757508
0.757508
0.757508
0.757508
0.757508
0.757508
0.757508
0.757508
0.757508
0.757508
0.757508
0.757508
0.757508
0.757508
0.757508
0.757508
0.757508
0.757508
0.757508
0.757508
0.757508
0.757508
0.757508
0.757508
0.757508
0.757508
0.757508
0.757508
0.757508
0.757508
