5.01381
5.01381
4.73038
4.73038
4.35414
4.35414
3.9055
3.9055
3.78202
3.45521
3.45521
3.45521
3.33137
3.33137
3.33137
3.10481
3.10481
3.10481
3.10481
2.98895
2.95909
2.75582
2.75582
2.67969
2.53729
2.52607
2.41402
2.4017
2.34338
2.34338
2.31225
2.20525
2.20525
2.08717
2.05829
2.05829
2.0205
2.0205
1.88053
1.88053
1.83729
1.82046
1.81398
1.69292
1.69292
1.61893
1.61893
1.55295
1.55295
1.55295
1.54798
1.54798
1.5009
1.45978
1.4266
1.38739
1.37505
1.37505
1.33017
1.33017
1.29992
1.29992
1.29992
1.21226
1.21226
1.21226
1.21226
1.15336
1.15336
1.15336
1.15336
1.15336
1.09677
1.05323
1.05323
1.05323
1.05323
1.05323
1.05323
1.04022
1.03582
1.03582
0.981342
0.981342
0.981342
0.981342
0.981342
0.981342
0.981342
0.981342
0.981342
0.919556
0.919556
0.919556
0.919556
0.919556
0.916594
0.916594
0.916594
0.914105
0.914105
0.913584
0.913584
0.913584
0.913584
0.894363
0.88834
0.88834
0.88834
0.88834
0.88834
0.88834
0.88834
0.88834
0.88834
0.88834
0.886834
0.886834
0.885378
0.882368
0.882368
0.872491
0.872491
0.872491
0.872491
0.872491
0.872491
0.865729
0.864074
0.864074
0.864074
0.864074
0.864074
0.864074
0.864074
0.864074
0.864074
0.859545
0.859545
0.859545
0.859545
0.857312
0.857312
0.857312
0.847513
0.847513
0.847513
0.847513
0.847513
0.967679
0.847513
0.842547
0.842547
0.842547
0.842547
0.842547
0.842547
0.842547
0.842547
0.842547
0.842547
0.842547
0.842547
0.842547
0.842547
0.842547
0.842547
0.842547
0.842547
0.842547
0.842547
0.842547
0.842547
0.842547
0.842547
0.842547
0.842547
0.842547
0.842547
0.842547
0.842547
0.842547
0.842547
0.842547
0.842547
0.842547
0.842547
0.842547
0.842547
0.842547
0.842547
0.842547
0.842547
0.842547
0.842547
0.842547
0.842547
0.842547
0.842547
0.842547
0.842547
0.842547
0.842547
0.842547
0.842547
0.842547
0.842547
0.842547
0.842547
0.842547
0.842547
0.842547
0.842547
0.842547
0.842547
0.842547
0.842547
0.842547
0.842547
0.842547
0.842547
0.842547
0.842547
0.842547
0.842547
0.842547
0.842547
0.842547
0.842547
0.842547
0.842547
0.842547
0.842547
0.842547
0.842547
0.842547
0.842547
0.842547
0.842547
0.842547
0.842547
0.842547
0.842547
0.842547
0.842547
0.842547
0.842547
0.842547
0.842547
0.842547
0.842547
0.842547
0.842547
0.842547
0.842547
0.842547
0.842547
0.842547
0.842547
0.842547
0.842547
0.842547
0.842547
0.842547
0.842547
0.842547
0.842547
0.842547
0.842547
0.842547
0.842547
0.842547
0.842547
0.842547
0.842547
0.842547
0.842547
0.842547
0.842547
0.842547
0.842547
0.842547
0.842547
0.842547
0.842547
0.842547
0.842547
0.842547
0.842547
0.842547
0.842547
0.842547
0.842547
0.842547
0.842547
0.842547
0.842547
0.842547
0.842547
0.967468
0.842547
0.842547
0.842547
0.842547
0.842547
0.842547
0.842547
0.842547
0.842547
0.842547
0.842547
0.842547
0.842547
0.842547
0.842547
0.842547
0.842547
0.842547
0.842547
0.842547
0.842547
0.842547
0.842547
0.842547
0.842547
0.842547
0.842547
0.842547
0.842547
0.842547
0.842547
0.842547
0.842547
0.842547
0.842547
0.842547
0.842547
0.842547
0.842547
0.842547
0.842547
0.842547
0.842547
0.842547
0.842547
0.842547
0.842547
0.842547
0.842547
0.842547
0.842547
0.842547
0.842547
0.842547
0.842547
0.842547
0.842547
0.842547
0.842547
0.842547
0.842547
0.842547
0.842547
0.842547
0.842547
0.842547
0.842547
0.842547
0.842547
0.842547
0.842547
0.842547
0.842547
0.842547
0.842547
0.842547
0.842547
0.842547
0.842547
0.842547
0.842547
0.842547
0.842547
0.842547
0.842547
0.842547
0.842547
0.842547
0.842547
0.842547
0.842547
0.842547
0.842547
0.842547
0.842547
0.842547
0.842547
0.842547
0.842547
0.842547
0.842547
0.842547
0.842547
0.842547
0.842547
0.842547
0.842547
0.842547
0.842547
0.842547
0.842547
0.842547
0.842547
0.842547
0.842547
0.842547
0.842547
0.842547
0.842547
0.842547
0.842547
0.842547
0.842547
0.842547
0.842547
0.842547
0.842547
0.842547
0.842547
0.842547
0.842547
0.842547
0.842547
0.842547
0.842547
0.842547
0.842547
0.842547
0.842547
0.842547
0.842547
0.842547
0.842547
0.842547
0.842547
0.842547
0.842547
0.842547
0.842547
0.874951
0.842547
0.842547
0.842547
0.842547
0.842547
0.842547
0.842547
0.842547
0.842547
0.842547
0.842547
0.842547
0.842547
0.842547
0.842547
0.842547
0.842547
0.842547
0.842547
0.842547
0.842547
0.842547
0.842547
0.842547
0.842547
0.842547
0.842547
0.842547
0.842547
0.842547
0.842547
0.842547
0.842547
0.842547
0.842547
0.842547
0.842547
0.842547
0.842547
0.842547
0.842547
0.842547
0.842547
0.842547
0.842547
0.842547
0.842547
0.842547
0.842547
0.842547
0.842547
0.842547
0.842547
0.842547
0.842547
0.842547
0.842547
0.842547
0.842547
0.842547
0.842547
0.842547
0.842547
0.842547
0.842547
0.842547
0.842547
0.842547
0.842547
0.842547
0.842547
0.842547
0.842547
0.842547
0.842547
0.842547
0.842547
0.842547
0.842547
0.842547
0.842547
0.842547
0.842547
0.842547
0.842547
0.842547
0.842547
0.842547
0.842547
0.842547
0.842547
0.842547
0.842547
0.842547
0.842547
0.842547
0.842547
0.842547
0.842547
0.842547
0.842547
0.842547
0.842547
0.842547
0.842547
0.842547
0.842547
0.842547
0.842547
0.842547
0.842547
0.842547
0.842547
0.842547
0.842547
0.842547
0.842547
0.842547
0.842547
0.842547
0.842547
0.842547
0.842547
0.842547
0.842547
0.842547
0.842547
0.842547
0.842547
0.842547
0.842547
0.842547
0.842547
0.842547
0.842547
0.842547
0.842547
0.842547
0.842547
0.842547
0.842547
0.842547
0.842547
0.842547
0.842547
0.842547
0.842547
0.842547
0.842547
0.757508
0.757508
0.757508
0.757508
0.757508
0.757508
0.757508
0.757508
0.757508
0.757508
0.757508
0.757508
0.757508
0.757508
0.757508
0.757508
0.757508
0.757508
0.757508
0.757508
0.757508
0.757508
0.757508
0.757508
0.757508
0.757508
0.757508
0.757508
0.757508
0.757508
0.757508
0.757508
0.757508
0.757508
0.757508
0.757508
0.757508
0.757508
0.757508
0.757508
0.757508
0.757508
0.757508
0.757508
0.757508
0.757508
0.757508
0.757508
0.757508
0.757508
0.757508
0.757508
0.757508
0.757508
0.757508
0.757508
0.757508
0.757508
0.757508
0.757508
0.757508
0.757508
0.757508
0.757508
0.757508
0.757508
0.757508
0.757508
0.757508
0.757508
0.757508
0.757508
0.757508
0.757508
0.757508
0.757508
0.757508
0.757508
0.757508
0.757508
0.757508
0.757508
0.757508
0.757508
0.757508
0.757508
0.757508
0.757508
0.757508
0.757508
0.757508
0.757508
0.757508
0.757508
0.757508
0.757508
0.757508
0.757508
0.757508
0.757508
0.757508
0.757508
0.757508
0.757508
0.757508
0.757508
0.757508
0.757508
0.757508
0.757508
0.757508
0.757508
0.757508
0.757508
0.757508
0.757508
0.757508
0.757508
0.757508
0.757508
0.757508
0.757508
0.757508
0.757508
0.757508
0.757508
0.757508
0.757508
0.757508
0.757508
0.757508
0.757508
0.757508
0.757508
0.757508
0.757508
0.757508
0.757508
0.757508
0.757508
0.757508
0.757508
0.757508
0.757508
0.757508
0.757508
0.757508
0.757508
0.757508
0.757508
0.757508
0.757508
0.757508
0.757508
0.757508
0.757508
0.757508
0.757508
0.757508
0.757508
0.757508
0.757508
0.757508
0.757508
0.757508
0.757508
0.757508
0.757508
0.757508
0.757508
0.757508
0.757508
0.757508
0.757508
0.757508
0.757508
0.757508
0.757508
0.757508
0.757508
0.757508
0.757508
0.757508
0.757508
0.757508
0.757508
0.757508
0.757508
0.757508
0.757508
0.757508
0.757508
0.757508
0.757508
0.757508
0.757508
0.757508
0.757508
0.757508
0.757508
0.757508
0.757508
0.757508
0.757508
0.757508
0.757508
0.757508
0.757508
0.757508
0.757508
0.757508
0.757508
0.757508
0.757508
0.757508
0.757508
0.757508
0.757508
0.757508
0.757508
0.757508
0.757508
0.757508
0.757508
0.757508
0.757508
0.757508
0.757508
0.757508
0.757508
0.757508
0.757508
0.757508
0.757508
0.757508
0.757508
0.757508
0.757508
0.757508
0.757508
0.757508
0.757508
0.757508
0.757508
0.757508
0.757508
0.757508
0.757508
0.757508
0.757508
0.757508
0.757508
0.757508
0.757508
0.757508
0.757508
0.757508
0.757508
0.757508
0.757508
0.757508
0.757508
0.757508
0.757508
0.757508
0.757508
0.757508
0.757508
0.757508
0.757508
0.757508
0.757508
0.757508
0.757508
0.757508
0.757508
0.757508
0.757508
0.757508
0.757508
0.757508
0.757508
0.757508
0.757508
0.757508
0.757508
0.757508
0.757508
0.757508
0.757508
0.757508
0.757508
0.757508
0.757508
0.757508
0.757508
0.757508
0.757508
0.757508
0.757508
0.757508
0.757508
0.757508
0.757508
0.757508
0.757508
0.757508
0.757508
0.757508
0.757508
0.757508
0.757508
0.757508
0.757508
0.757508
0.757508
0.757508
0.757508
0.757508
0.757508
0.757508
0.757508
0.757508
0.757508
0.757508
0.757508
0.757508
0.757508
0.757508
0.757508
0.757508
0.757508
0.757508
0.757508
0.757508
0.757508
0.757508
0.757508
0.757508
0.757508
0.757508
0.757508
0.757508
0.757508
0.757508
0.757508
0.757508
0.757508
0.757508
0.757508
0.757508
0.757508
0.757508
0.757508
0.757508
0.757508
0.757508
0.757508
0.757508
0.757508
0.757508
0.757508
0.757508
0.757508
0.757508
0.757508
0.757508
0.757508
0.757508
0.757508
0.757508
0.757508
0.757508
0.757508
0.757508
0.757508
0.757508
0.757508
0.757508
0.757508
0.757508
0.757508
0.757508
0.757508
0.757508
0.757508
0.757508
0.757508
0.757508
0.757508
0.757508
0.757508
0.757508
0.757508
0.757508
0.757508
0.757508
0.757508
0.757508
0.757508
0.757508
