1 1.64875 1.64875 0
2 1.64437 1.64656 0.00218903
3 1.63663 1.64325 0.00354296
4 1.62513 1.63872 0.00517607
5 1.60933 1.63284 0.00711566
6 1.58853 1.62546 0.00939644
7 1.56188 1.61638 0.0120651
8 1.52836 1.60537 0.0151729
9 1.48694 1.59221 0.0187675
10 1.43669 1.57666 0.0228838
11 1.377 1.55851 0.0275301
12 1.30792 1.53763 0.0326753
13 1.23039 1.51399 0.0382358
14 1.14661 1.48775 0.0440651
15 1.06008 1.45924 0.0499575
16 0.975285 1.42899 0.0556657
17 0.897142 1.39771 0.0609336
18 0.830067 1.36617 0.0655351
19 0.777267 1.33518 0.0693069
20 0.740292 1.30543 0.0721653
21 0.718983 1.27751 0.0741061
22 0.711671 1.25179 0.075193
23 0.715667 1.22848 0.0755359
24 0.727752 1.20761 0.0752694
25 0.744714 1.1891 0.0745325
26 0.763753 1.17274 0.0734534
27 0.782739 1.15829 0.0721414
28 0.800267 1.14551 0.0706834
29 0.815654 1.13413 0.0691445
30 0.828797 1.12396 0.0675708
31 0.839969 1.11479 0.0659937
32 0.849554 1.10651 0.0644335
33 0.857863 1.09897 0.0629033
34 0.865048 1.09209 0.0614118
35 0.871052 1.08578 0.0599649
36 0.875691 1.07994 0.0585668
37 0.878833 1.0745 0.0572207
38 0.880536 1.0694 0.055928
39 0.881094 1.06457 0.0546886
40 0.881 1.05998 0.0535011
41 0.88085 1.05561 0.0523624
42 0.881187 1.05146 0.051269
43 0.882392 1.04753 0.0502166
44 0.884697 1.04383 0.0492015
45 0.888142 1.04037 0.0482199
46 0.892538 1.03715 0.0472694
47 0.897495 1.03418 0.0463481
48 0.902429 1.03144 0.0454552
49 0.906745 1.02889 0.0445905
50 0.909948 1.02651 0.0437543
51 0.911749 1.02426 0.0429468
52 0.912181 1.02211 0.042168
53 0.911555 1.02002 0.0414172
54 0.910362 1.01799 0.0406937
55 0.909162 1.01601 0.039996
56 0.908418 1.01409 0.0393222
57 0.908449 1.01224 0.0386706
58 0.909436 1.01047 0.0380394
59 0.911415 1.00879 0.0374268
60 0.914273 1.00721 0.0368314
61 0.91774 1.00575 0.0362522
62 0.921372 1.00438 0.0356887
63 0.924553 1.00312 0.0351405
64 0.926667 1.00192 0.0346077
65 0.927194 1.00077 0.0340905
66 0.925841 0.999638 0.0335892
67 0.922681 0.998489 0.033104
68 0.91819 0.997308 0.0326349
69 0.913203 0.996089 0.0321816
70 0.90867 0.994841 0.0317431
71 0.905274 0.993579 0.0313182
72 0.903063 0.992322 0.0309057
73 0.901415 0.991077 0.0305049
74 0.899361 0.989837 0.0301153
75 0.896075 0.988587 0.0297374
76 0.891283 0.987307 0.0293714
77 0.885301 0.985982 0.0290177
78 0.878931 0.98461 0.0286761
79 0.873243 0.9832 0.0283459
80 0.869341 0.981777 0.0280255
81 0.868184 0.980374 0.0277128
82 0.870412 0.979033 0.0274056
83 0.876205 0.977794 0.0271017
84 0.885229 0.976692 0.0267998
85 0.896761 0.975752 0.0264993
86 0.909863 0.974986 0.0262006
87 0.923572 0.974395 0.0259044
88 0.937031 0.97397 0.0256119
89 0.94954 0.973696 0.025324
90 0.960548 0.97355 0.0250414
91 0.969644 0.973507 0.0247648
92 0.976476 0.973539 0.0244941
93 0.980761 0.973617 0.0242294
94 0.982346 0.97371 0.0239705
95 0.981186 0.973788 0.0237169
96 0.977386 0.973826 0.0234686
97 0.971159 0.973798 0.0232254
98 0.962784 0.973686 0.0229875
99 0.952512 0.973472 0.0227551
100 0.940581 0.973143 0.0225288
1 1.62986 1.62986 0
2 1.60124 1.61555 0.0143107
3 1.56572 1.59894 0.018552
4 1.52476 1.5804 0.0227151
5 1.48055 1.56043 0.0266153
6 1.43569 1.53964 0.0300747
7 1.39274 1.51865 0.0329607
8 1.35378 1.49804 0.0352068
9 1.32017 1.47828 0.0368059
10 1.29271 1.45972 0.03779
11 1.27208 1.44266 0.0382023
12 1.25907 1.42737 0.0380824
13 1.25452 1.41407 0.037469
14 1.25896 1.40299 0.0364159
15 1.27201 1.39426 0.0350079
16 1.2921 1.38787 0.0333635
17 1.31672 1.38369 0.0316178
18 1.34304 1.38143 0.029895
19 1.36859 1.38075 0.0282859
20 1.39154 1.38129 0.0268398
21 1.41058 1.38269 0.0255678
22 1.42462 1.38459 0.0244523
23 1.43281 1.38669 0.0234589
24 1.43465 1.38869 0.0225489
25 1.43016 1.39035 0.0216917
26 1.41994 1.39149 0.0208718
27 1.40507 1.39199 0.0200902
28 1.38674 1.3918 0.0193603
29 1.36591 1.39091 0.0187021
30 1.3431 1.38932 0.0181381
31 1.31861 1.38703 0.0176908
32 1.29296 1.38409 0.0173795
33 1.26754 1.38056 0.0172109
34 1.24507 1.37658 0.017166
35 1.22934 1.37237 0.017191
36 1.22392 1.36825 0.017208
37 1.23027 1.36452 0.0171469
38 1.24681 1.36142 0.0169745
39 1.26981 1.35907 0.0166996
40 1.29513 1.35747 0.0163551
41 1.31951 1.35655 0.0159781
42 1.3409 1.35617 0.0155974
43 1.35815 1.35622 0.0152305
44 1.37072 1.35655 0.0148839
45 1.37832 1.35703 0.0145575
46 1.38091 1.35755 0.0142469
47 1.37864 1.358 0.0139477
48 1.37188 1.35829 0.0136571
49 1.36124 1.35835 0.0133756
50 1.34755 1.35813 0.0131072
51 1.33172 1.35762 0.012858
52 1.31465 1.35679 0.0126354
53 1.2971 1.35566 0.0124457
54 1.27995 1.35426 0.0122933
55 1.26452 1.35263 0.0121775
56 1.25267 1.35085 0.0120906
57 1.24644 1.34901 0.012017
58 1.24724 1.34726 0.0119376
59 1.25503 1.3457 0.0118372
60 1.26831 1.34441 0.0117095
61 1.28487 1.34343 0.0115572
62 1.30239 1.34277 0.0113886
63 1.31903 1.34239 0.0112127
64 1.3334 1.34225 0.011037
65 1.34459 1.34229 0.0108659
66 1.35202 1.34243 0.010701
67 1.35533 1.34263 0.0105418
68 1.35422 1.3428 0.0103871
69 1.34851 1.34288 0.0102358
70 1.33811 1.34281 0.0100887
71 1.32321 1.34254 0.00994942
72 1.30427 1.342 0.00982465
73 1.28216 1.34118 0.00972375
74 1.25817 1.34006 0.00965683
75 1.2339 1.33865 0.00963178
76 1.21103 1.33697 0.0096514
77 1.19114 1.33507 0.00971167
78 1.17551 1.33303 0.00980221
79 1.16509 1.3309 0.00990808
80 1.16062 1.32877 0.0100123
81 1.16259 1.32672 0.0100986
82 1.17106 1.32482 0.0101537
83 1.1853 1.32314 0.0101705
84 1.2037 1.32172 0.0101488
85 1.22403 1.32057 0.0100943
86 1.2441 1.31968 0.0100158
87 1.26218 1.31902 0.00992204
88 1.27722 1.31855 0.00982014
89 1.28869 1.31821 0.00971497
90 1.29634 1.31797 0.0096095
91 1.30001 1.31777 0.00950536
92 1.29946 1.31757 0.00940358
93 1.29465 1.31733 0.00930518
94 1.28603 1.31699 0.00921168
95 1.2749 1.31655 0.00912496
96 1.2634 1.316 0.00904637
97 1.25393 1.31536 0.00897546
98 1.24836 1.31467 0.00890966
99 1.24744 1.31399 0.00884531
100 1.25073 1.31336 0.00877924
1 1.65392 1.65392 0
2 1.65522 1.65457 0.000648608
3 1.65326 1.65414 0.000575973
4 1.64824 1.65266 0.001528
5 1.64074 1.65028 0.00266134
6 1.63146 1.64714 0.0038155
7 1.62115 1.64343 0.00491827
8 1.61054 1.63932 0.00591935
9 1.6003 1.63498 0.00678564
10 1.59079 1.63056 0.00750788
11 1.58199 1.62615 0.00810044
12 1.57381 1.62179 0.00858495
13 1.56666 1.61755 0.00896359
14 1.5617 1.61356 0.00920753
15 1.56042 1.61002 0.00927503
16 1.56382 1.60713 0.00914377
17 1.57206 1.60507 0.00883327
18 1.58437 1.60392 0.00840705
19 1.59935 1.60368 0.0079559
20 1.61527 1.60426 0.00756987
21 1.63015 1.60549 0.00730519
22 1.64187 1.60714 0.0071589
23 1.64835 1.60893 0.00707128
24 1.64789 1.61056 0.00696212
25 1.6397 1.61172 0.00677879
26 1.62424 1.6122 0.00653063
27 1.60345 1.61188 0.00629246
28 1.58059 1.61076 0.00616569
29 1.55931 1.60899 0.00620824
30 1.54229 1.60676 0.00639655
31 1.53029 1.6043 0.00666042
32 1.52221 1.60173 0.0069404
33 1.51603 1.59914 0.00721069
34 1.50999 1.59651 0.00747063
35 1.5031 1.59384 0.00772942
36 1.49539 1.59111 0.00799398
37 1.48778 1.58832 0.00826131
38 1.482 1.58552 0.00851381
39 1.48031 1.58282 0.00872038
40 1.48444 1.58036 0.00884827
41 1.49437 1.57826 0.00888098
42 1.50774 1.57659 0.00882813
43 1.52072 1.57529 0.00871772
44 1.52993 1.57426 0.00857944
45 1.53409 1.57336 0.00843398
46 1.53432 1.57251 0.00829215
47 1.53272 1.57167 0.00815785
48 1.5307 1.57081 0.00803157
49 1.52813 1.56994 0.00791403
50 1.52423 1.56903 0.00780786
51 1.51828 1.56803 0.00771765
52 1.50981 1.56691 0.00765015
53 1.49887 1.56563 0.00761345
54 1.4866 1.56417 0.00761312
55 1.47529 1.56255 0.00764614
56 1.46727 1.56085 0.00769872
57 1.46372 1.55915 0.00775206
58 1.46421 1.55751 0.0077911
59 1.46756 1.55598 0.00780819
60 1.47262 1.55459 0.00780168
61 1.47852 1.55335 0.0077734
62 1.48462 1.55224 0.00772693
63 1.49011 1.55125 0.00766697
64 1.4943 1.55036 0.00759851
65 1.49691 1.54954 0.00752575
66 1.49831 1.54876 0.00745139
67 1.49934 1.54803 0.00737631
68 1.50076 1.54733 0.0073002
69 1.50237 1.54668 0.00722307
70 1.50271 1.54605 0.00714679
71 1.49948 1.5454 0.00707588
72 1.49115 1.54464 0.00701748
73 1.47874 1.54374 0.00697931
74 1.46661 1.5427 0.00696281
75 1.46082 1.54161 0.00695556
76 1.46582 1.54061 0.00693549
77 1.48172 1.53984 0.00688742
78 1.50474 1.53939 0.00681342
79 1.52971 1.53927 0.00672774
80 1.55224 1.53943 0.00664509
81 1.56962 1.53981 0.00657311
82 1.58055 1.5403 0.00651144
83 1.58481 1.54084 0.00645482
84 1.58276 1.54134 0.00639702
85 1.57516 1.54174 0.00633382
86 1.56289 1.54198 0.00626457
87 1.54702 1.54204 0.00619241
88 1.52893 1.54189 0.00612345
89 1.51056 1.54154 0.00606448
90 1.49434 1.54101 0.00601961
91 1.48268 1.54037 0.00598751
92 1.47702 1.53968 0.00596197
93 1.4771 1.53901 0.00593578
94 1.48122 1.5384 0.00590439
95 1.4872 1.53786 0.00586671
96 1.49345 1.5374 0.00582368
97 1.49914 1.537 0.00577681
98 1.50419 1.53667 0.00572736
99 1.50905 1.53639 0.00567607
100 1.51459 1.53617 0.00562325
1 1.65541 1.65541 0
2 1.66184 1.65862 0.00321851
3 1.66926 1.66217 0.00400276
4 1.67717 1.66592 0.00469885
5 1.6846 1.66966 0.00521597
6 1.69033 1.6731 0.00547821
7 1.69318 1.67597 0.00544644
8 1.69234 1.67802 0.00514148
9 1.68771 1.67909 0.0046606
10 1.6801 1.67919 0.00416977
11 1.671 1.67845 0.00384462
12 1.66199 1.67708 0.00376817
13 1.65401 1.6753 0.00389391
14 1.64697 1.67328 0.00413419
15 1.63978 1.67105 0.00444974
16 1.63092 1.66854 0.00485937
17 1.61907 1.66563 0.00541314
18 1.60337 1.66217 0.00616518
19 1.58361 1.65804 0.00714877
20 1.56035 1.65315 0.00835753
21 1.53519 1.64753 0.0097338
22 1.51117 1.64134 0.0111604
23 1.4928 1.63488 0.0124672
24 1.48507 1.62864 0.01347
25 1.4917 1.62316 0.0140331
26 1.51355 1.61894 0.0141263
27 1.54834 1.61633 0.0138423
28 1.59156 1.61544 0.0133681
29 1.63763 1.61621 0.0129215
30 1.6811 1.61837 0.0126694
31 1.71797 1.62158 0.0126681
32 1.7465 1.62549 0.0128721
33 1.76701 1.62978 0.0131924
34 1.78055 1.63421 0.013545
35 1.78771 1.6386 0.0138643
36 1.78812 1.64275 0.0140993
37 1.78098 1.64649 0.0142127
38 1.76583 1.64963 0.0141857
39 1.74288 1.65202 0.0140226
40 1.713 1.65354 0.0137523
41 1.67742 1.65413 0.0134253
42 1.63768 1.65373 0.0131076
43 1.59593 1.65239 0.0128695
44 1.55587 1.6502 0.0127636
45 1.52295 1.64737 0.0127931
46 1.50318 1.64423 0.0128986
47 1.50026 1.64117 0.0129876
48 1.51337 1.63851 0.0129899
49 1.53745 1.63645 0.0128881
50 1.56552 1.63503 0.0127072
51 1.59122 1.63417 0.0124851
52 1.61011 1.63371 0.0122514
53 1.61996 1.63345 0.0120208
54 1.6207 1.63321 0.0117984
55 1.61402 1.63286 0.0115872
56 1.60292 1.63233 0.0113909
57 1.59094 1.6316 0.0112129
58 1.58097 1.63073 0.0110524
59 1.57481 1.62978 0.0109047
60 1.57343 1.62884 0.0107625
61 1.57748 1.628 0.010618
62 1.5871 1.62734 0.0104661
63 1.60164 1.62693 0.0103068
64 1.61998 1.62682 0.010145
65 1.6409 1.62704 0.00999006
66 1.66301 1.62758 0.00985262
67 1.6847 1.62844 0.00974182
68 1.70423 1.62955 0.00966199
69 1.71977 1.63086 0.0096103
70 1.7297 1.63227 0.00957668
71 1.73294 1.63369 0.0095467
72 1.72972 1.63502 0.00950719
73 1.72198 1.63621 0.00945142
74 1.71299 1.63725 0.00938038
75 1.70581 1.63816 0.0092995
76 1.70178 1.639 0.00921442
77 1.7004 1.6398 0.00912886
78 1.70014 1.64057 0.0090442
79 1.69927 1.64132 0.00895984
80 1.6963 1.642 0.00887379
81 1.69034 1.6426 0.00878384
82 1.68133 1.64307 0.00868891
83 1.6699 1.6434 0.00858967
84 1.65702 1.64356 0.00848835
85 1.64369 1.64356 0.00838789
86 1.63076 1.64341 0.00829112
87 1.61899 1.64313 0.00820007
88 1.60906 1.64274 0.00811559
89 1.60152 1.64228 0.00803724
90 1.59661 1.64177 0.00796362
91 1.59409 1.64125 0.00789303
92 1.59335 1.64073 0.00782411
93 1.5939 1.64022 0.00775588
94 1.59593 1.63975 0.00768738
95 1.60024 1.63934 0.0076174
96 1.60803 1.63901 0.00754469
97 1.62031 1.63882 0.00746899
98 1.63732 1.6388 0.0073924
99 1.6581 1.639 0.00731994
100 1.68048 1.63941 0.00725823
1 1.66872 1.66872 0
2 1.68473 1.67673 0.0080014
3 1.69502 1.68282 0.0076503
4 1.69883 1.68683 0.00672935
5 1.69652 1.68877 0.00556166
6 1.68931 1.68886 0.004542
7 1.67869 1.6874 0.0041043
8 1.66574 1.6847 0.00446881
9 1.65076 1.68092 0.00545474
10 1.63343 1.67618 0.00680875
11 1.61332 1.67046 0.00840132
12 1.59025 1.66378 0.0101733
13 1.5646 1.65615 0.012074
14 1.53723 1.64765 0.0140395
15 1.50953 1.63845 0.0159879
16 1.48338 1.62875 0.0178211
17 1.46104 1.61889 0.0194307
18 1.44488 1.60922 0.0207138
19 1.43673 1.60014 0.0215944
20 1.43727 1.592 0.0220455
21 1.44563 1.58503 0.0220975
22 1.45963 1.57933 0.0218265
23 1.47648 1.57486 0.0213299
24 1.49362 1.57147 0.0207005
25 1.5094 1.56899 0.0200098
26 1.5233 1.56723 0.0193049
27 1.53567 1.56606 0.0186129
28 1.5472 1.56539 0.0179485
29 1.55841 1.56515 0.0173202
30 1.56905 1.56528 0.0167334
31 1.57806 1.56569 0.0161899
32 1.58386 1.56626 0.0156861
33 1.58506 1.56683 0.015214
34 1.58117 1.56725 0.0147657
35 1.57305 1.56742 0.0143386
36 1.5627 1.56729 0.0139353
37 1.55255 1.56689 0.0135592
38 1.54481 1.56631 0.0132104
39 1.54089 1.56565 0.0128837
40 1.54116 1.56504 0.0125724
41 1.54519 1.56456 0.0122715
42 1.55183 1.56425 0.0119796
43 1.55953 1.56415 0.0116982
44 1.56672 1.5642 0.0114294
45 1.57222 1.56438 0.0111739
46 1.5754 1.56462 0.0109309
47 1.57594 1.56486 0.0106985
48 1.57343 1.56504 0.0104748
49 1.56751 1.56509 0.0102589
50 1.55872 1.56496 0.0100525
51 1.54895 1.56465 0.00985838
52 1.54077 1.56419 0.00967784
53 1.53635 1.56366 0.00950801
54 1.53684 1.56317 0.00934349
55 1.54245 1.56279 0.00917976
56 1.55274 1.56261 0.00901613
57 1.56688 1.56269 0.00885686
58 1.58399 1.56305 0.00871056
59 1.60348 1.56374 0.00858903
60 1.62516 1.56476 0.00850649
61 1.64901 1.56614 0.0084791
62 1.67454 1.56789 0.00852248
63 1.70031 1.56999 0.0086455
64 1.72379 1.5724 0.00884215
65 1.74205 1.57501 0.00908791
66 1.75254 1.5777 0.00934466
67 1.75366 1.58032 0.00957148
68 1.745 1.58274 0.00973569
69 1.72737 1.58484 0.00981988
70 1.70277 1.58653 0.00982409
71 1.67443 1.58776 0.00976355
72 1.64653 1.58858 0.00966152
73 1.62336 1.58906 0.00954016
74 1.60815 1.58931 0.00941389
75 1.60207 1.58948 0.00928908
76 1.60419 1.58968 0.00916809
77 1.61179 1.58997 0.00905279
78 1.62108 1.59036 0.00894488
79 1.6281 1.59084 0.00884383
80 1.62972 1.59133 0.00874609
81 1.62436 1.59174 0.00864706
82 1.61215 1.59198 0.00854459
83 1.59457 1.59202 0.00844107
84 1.57398 1.5918 0.00834274
85 1.55289 1.59134 0.00825671
86 1.5336 1.59067 0.00818771
87 1.51786 1.58983 0.00813621
88 1.5067 1.58889 0.00809852
89 1.50029 1.58789 0.00806865
90 1.49787 1.58689 0.00804096
91 1.49762 1.58591 0.00801238
92 1.49717 1.58495 0.0079833
93 1.49435 1.58397 0.00795685
94 1.48812 1.58295 0.00793753
95 1.47937 1.58186 0.00792887
96 1.47119 1.58071 0.00793009
97 1.46827 1.57955 0.00793306
98 1.47499 1.57849 0.00792385
99 1.49318 1.57762 0.00789059
100 1.52094 1.57706 0.00783182
1 1.6804 1.6804 0
2 1.70999 1.69519 0.0147926
3 1.73395 1.70811 0.0154866
4 1.75165 1.719 0.0154392
5 1.76472 1.72814 0.0150545
6 1.77612 1.73614 0.0146638
7 1.78867 1.74364 0.0144887
8 1.8036 1.75114 0.0146158
9 1.81975 1.75876 0.0149757
10 1.83406 1.76629 0.0153659
11 1.84304 1.77327 0.015552
12 1.84453 1.77921 0.0153891
13 1.8385 1.78377 0.0148726
14 1.82682 1.78684 0.0141086
15 1.81226 1.78854 0.0132433
16 1.79722 1.78908 0.0123998
17 1.78304 1.78872 0.011653
18 1.76994 1.78768 0.011036
19 1.75737 1.78609 0.0105602
20 1.74465 1.78401 0.0102302
21 1.73151 1.78151 0.010047
22 1.71823 1.77864 0.010002
23 1.70542 1.77545 0.0100734
24 1.6936 1.77204 0.0102298
25 1.68283 1.76848 0.0104409
26 1.67282 1.7648 0.0106847
27 1.66327 1.76104 0.0109474
28 1.6542 1.75722 0.011218
29 1.64591 1.75338 0.0114846
30 1.63865 1.74956 0.0117358
31 1.6325 1.74578 0.0119625
32 1.6275 1.74209 0.0121581
33 1.62396 1.73851 0.0123156
34 1.62263 1.7351 0.0124245
35 1.62448 1.73194 0.0124714
36 1.63003 1.72911 0.0124462
37 1.63879 1.72667 0.0123489
38 1.64913 1.72462 0.0121915
39 1.65877 1.72294 0.0119942
40 1.66561 1.7215 0.011778
41 1.66853 1.72021 0.0115596
42 1.66778 1.71896 0.0113499
43 1.66501 1.71771 0.0111536
44 1.66271 1.71646 0.0109686
45 1.66309 1.71527 0.0107875
46 1.66705 1.71422 0.0106023
47 1.67359 1.71336 0.0104102
48 1.6804 1.71267 0.0102141
49 1.68494 1.71211 0.0100195
50 1.68548 1.71157 0.0098315
51 1.68133 1.71098 0.00965503
52 1.67283 1.71025 0.00949593
53 1.66111 1.70932 0.00936105
54 1.64777 1.70818 0.00925651
55 1.63459 1.70684 0.00918463
56 1.62326 1.70535 0.00914179
57 1.61509 1.70377 0.00911852
58 1.61083 1.70216 0.00910208
59 1.6106 1.70061 0.00908008
60 1.61377 1.69917 0.00904402
61 1.6192 1.69785 0.00899061
62 1.62562 1.69669 0.00892081
63 1.63234 1.69567 0.00883729
64 1.6395 1.69479 0.00874227
65 1.64786 1.69407 0.00863695
66 1.65795 1.69352 0.00852267
67 1.66946 1.69316 0.00840218
68 1.68158 1.69299 0.00827945
69 1.69392 1.693 0.00815859
70 1.70663 1.6932 0.00804355
71 1.71914 1.69356 0.00793786
72 1.72954 1.69406 0.00784277
73 1.73576 1.69464 0.00775565
74 1.73755 1.69522 0.00767208
75 1.73645 1.69577 0.00758903
76 1.73446 1.69627 0.0075058
77 1.73287 1.69675 0.00742291
78 1.73182 1.6972 0.00734091
79 1.73057 1.69762 0.00725969
80 1.72791 1.698 0.00717836
81 1.72294 1.69831 0.00709587
82 1.71557 1.69852 0.00701196
83 1.70642 1.69861 0.00692762
84 1.6961 1.69858 0.00684472
85 1.6845 1.69842 0.00676574
86 1.67047 1.69809 0.0066945
87 1.65276 1.69757 0.00663759
88 1.63249 1.69683 0.00660327
89 1.61598 1.69592 0.00659155
90 1.61284 1.695 0.00658295
91 1.62766 1.69426 0.00655213
92 1.65526 1.69384 0.00649437
93 1.6867 1.69376 0.00642462
94 1.71585 1.694 0.00636025
95 1.73952 1.69447 0.00631116
96 1.75542 1.69511 0.00627726
97 1.76183 1.6958 0.00625018
98 1.7584 1.69644 0.00621896
99 1.74644 1.69694 0.00617651
100 1.72863 1.69726 0.00612264
1 1.63034 1.63034 0
2 1.61067 1.62051 0.00983162
3 1.59277 1.61126 0.0108498
4 1.5758 1.6024 0.0117227
5 1.55831 1.59358 0.0126572
6 1.5391 1.5845 0.0137561
7 1.51792 1.57499 0.0150213
8 1.49569 1.56507 0.016355
9 1.47457 1.55502 0.0175835
10 1.45739 1.54525 0.0185112
11 1.44662 1.53629 0.0189938
12 1.44321 1.52853 0.0189948
13 1.446 1.52218 0.0185902
14 1.45229 1.51719 0.0179206
15 1.45908 1.51332 0.0171271
16 1.46433 1.51026 0.0163109
17 1.46762 1.50775 0.0155252
18 1.47007 1.50565 0.0147862
19 1.47364 1.50397 0.0140875
20 1.48019 1.50278 0.0134174
21 1.49095 1.50222 0.0127749
22 1.5062 1.5024 0.0121817
23 1.52506 1.50338 0.0116817
24 1.54565 1.50514 0.0113222
25 1.56555 1.50756 0.0111254
26 1.58281 1.51045 0.0110738
27 1.59666 1.51365 0.0111238
28 1.60758 1.517 0.0112319
29 1.61681 1.52044 0.011371
30 1.62545 1.52394 0.0115296
31 1.63375 1.52749 0.0117005
32 1.64068 1.53102 0.0118684
33 1.64425 1.53445 0.0120039
34 1.64239 1.53763 0.0120704
35 1.63384 1.54038 0.0120385
36 1.6185 1.54255 0.0118988
37 1.59725 1.54403 0.0116668
38 1.57186 1.54476 0.0113793
39 1.54496 1.54476 0.0110837
40 1.51983 1.54414 0.010821
41 1.49969 1.54306 0.0106093
42 1.48671 1.54171 0.0104402
43 1.48151 1.54031 0.0102902
44 1.48321 1.53902 0.010137
45 1.48993 1.53793 0.00996905
46 1.4996 1.53709 0.00978547
47 1.51051 1.53653 0.00959169
48 1.52171 1.53622 0.00939481
49 1.53292 1.53615 0.00920133
50 1.54439 1.53632 0.00901693
51 1.55645 1.53671 0.00884717
52 1.56926 1.53734 0.00869791
53 1.58259 1.53819 0.00857484
54 1.59601 1.53926 0.00848241
55 1.60882 1.54053 0.00842227
56 1.62011 1.54195 0.00839172
57 1.62874 1.54347 0.00838263
58 1.63365 1.54502 0.00838231
59 1.63429 1.54654 0.00837679
60 1.6309 1.54794 0.00835513
61 1.62468 1.5492 0.00831277
62 1.61765 1.55031 0.00825177
63 1.61179 1.55128 0.00817817
64 1.60824 1.55217 0.00809841
65 1.60708 1.55302 0.00801748
66 1.60809 1.55385 0.00793905
67 1.6113 1.55471 0.00786653
68 1.61679 1.55562 0.00780357
69 1.62394 1.55661 0.00775314
70 1.63119 1.55768 0.00771549
71 1.63684 1.55879 0.00768733
72 1.6401 1.55992 0.00766348
73 1.64159 1.56104 0.00764012
74 1.64248 1.56214 0.00761609
75 1.64343 1.56322 0.00759163
76 1.64412 1.56429 0.00756633
77 1.64374 1.56532 0.00753836
78 1.64189 1.5663 0.00750556
79 1.63937 1.56723 0.00746743
80 1.63816 1.56811 0.00742662
81 1.64085 1.56901 0.00738912
82 1.64965 1.57 0.00736441
83 1.66549 1.57115 0.00736556
84 1.68735 1.57253 0.00740767
85 1.71231 1.57417 0.00750245
86 1.73634 1.57606 0.00765071
87 1.75544 1.57812 0.0078383
88 1.76673 1.58026 0.00803967
89 1.769 1.58238 0.00822683
90 1.76272 1.58439 0.00837803
91 1.74978 1.58621 0.00848245
92 1.73299 1.5878 0.00854009
93 1.71527 1.58917 0.00855823
94 1.69898 1.59034 0.0085469
95 1.68548 1.59134 0.00851555
96 1.67513 1.59221 0.00847146
97 1.66772 1.59299 0.00841972
98 1.66277 1.5937 0.00836373
99 1.65968 1.59437 0.0083056
100 1.65774 1.59501 0.00824651
1 1.64786 1.64786 0
2 1.64635 1.6471 0.000754841
3 1.64551 1.64657 0.000688306
4 1.64484 1.64614 0.000651376
5 1.64337 1.64558 0.000749172
6 1.64004 1.64466 0.00110774
7 1.63415 1.64316 0.00176909
8 1.62555 1.64096 0.00268193
9 1.61465 1.63804 0.00376034
10 1.60246 1.63448 0.00489598
11 1.59041 1.63047 0.0059715
12 1.57982 1.62625 0.00689411
13 1.5712 1.62202 0.00762573
14 1.56406 1.61788 0.00818427
15 1.55779 1.61387 0.00860802
16 1.55248 1.61003 0.00891943
17 1.54894 1.60644 0.00911655
18 1.54793 1.60319 0.00918934
19 1.54968 1.60037 0.00913713
20 1.55412 1.59806 0.00897145
21 1.56103 1.5963 0.00871383
22 1.57012 1.59511 0.00839308
23 1.58086 1.59449 0.00804376
24 1.59242 1.5944 0.00770179
25 1.60412 1.59479 0.00739752
26 1.61636 1.59562 0.00715558
27 1.63062 1.59692 0.00700639
28 1.64771 1.59873 0.00699097
29 1.66634 1.60106 0.00713708
30 1.6836 1.60381 0.00742371
31 1.69679 1.60681 0.00778149
32 1.70467 1.60987 0.00813139
33 1.70726 1.61282 0.00841563
34 1.70504 1.61553 0.00860313
35 1.69837 1.6179 0.00868254
36 1.68747 1.61983 0.00865637
37 1.67267 1.62126 0.00853942
38 1.655 1.62215 0.00835893
39 1.6364 1.62251 0.00814998
40 1.61938 1.62244 0.007944
41 1.60626 1.62204 0.00775786
42 1.59842 1.62148 0.00759175
43 1.59609 1.62089 0.00743657
44 1.59856 1.62038 0.0072833
45 1.6047 1.62003 0.00712813
46 1.61328 1.61989 0.006973
47 1.62306 1.61995 0.00682336
48 1.6328 1.62022 0.00668505
49 1.64127 1.62065 0.00656128
50 1.64737 1.62119 0.00645089
51 1.65027 1.62176 0.0063488
52 1.64956 1.62229 0.00624844
53 1.64564 1.62273 0.00614522
54 1.63973 1.62305 0.00603855
55 1.63382 1.62324 0.00593098
56 1.63 1.62336 0.00582536
57 1.62953 1.62347 0.00572327
58 1.63197 1.62362 0.00562563
59 1.63539 1.62382 0.00553306
60 1.63761 1.62405 0.00544492
61 1.63769 1.62427 0.00535958
62 1.63639 1.62447 0.00527605
63 1.63524 1.62464 0.00519444
64 1.63537 1.6248 0.00511538
65 1.63701 1.62499 0.00503957
66 1.63978 1.62522 0.00496768
67 1.64324 1.62548 0.00490036
68 1.64718 1.6258 0.00483829
69 1.65148 1.62618 0.00478215
70 1.65572 1.6266 0.0047322
71 1.65871 1.62705 0.00468694
72 1.65863 1.62749 0.00464215
73 1.65353 1.62785 0.004592
74 1.64202 1.62804 0.00453356
75 1.6236 1.62798 0.0044731
76 1.59932 1.6276 0.00442993
77 1.57247 1.62688 0.00443027
78 1.54871 1.62588 0.00448647
79 1.53467 1.62473 0.00457733
80 1.5346 1.6236 0.00465806
81 1.54798 1.62267 0.00469397
82 1.57018 1.62203 0.00468034
83 1.5953 1.62171 0.00463481
84 1.61853 1.62167 0.00457946
85 1.63709 1.62185 0.00452889
86 1.65038 1.62218 0.00448821
87 1.65929 1.62261 0.00445678
88 1.66454 1.62308 0.00443153
89 1.66547 1.62356 0.00440727
90 1.6607 1.62397 0.00437751
91 1.65 1.62426 0.00433858
92 1.63539 1.62438 0.00429287
93 1.61997 1.62433 0.00424672
94 1.60599 1.62414 0.00420583
95 1.59458 1.62383 0.00417294
96 1.58712 1.62344 0.0041469
97 1.58569 1.62305 0.00412234
98 1.59199 1.62274 0.00409235
99 1.60586 1.62257 0.00405439
100 1.62483 1.62259 0.00401371
1 1.66782 1.66782 0
2 1.68316 1.67549 0.00766909
3 1.69183 1.68094 0.00701724
4 1.69207 1.68372 0.00568952
5 1.68377 1.68373 0.0044071
6 1.66825 1.68115 0.00442802
7 1.64817 1.67644 0.00601745
8 1.62687 1.67024 0.00809573
9 1.60764 1.66329 0.00996835
10 1.59266 1.65622 0.0113741
11 1.58245 1.64952 0.0122813
12 1.57581 1.64338 0.0127835
13 1.57089 1.6378 0.013014
14 1.5665 1.63271 0.0130809
15 1.56325 1.62808 0.0130282
16 1.56391 1.62407 0.0128297
17 1.57212 1.62101 0.0124327
18 1.58967 1.61927 0.0118503
19 1.61421 1.619 0.0112125
20 1.64026 1.62007 0.01069
21 1.66225 1.62207 0.0103648
22 1.67679 1.62456 0.0101906
23 1.68282 1.62709 0.0100615
24 1.68038 1.62931 0.00988567
25 1.66958 1.63092 0.00961783
26 1.6506 1.63168 0.00927145
27 1.62436 1.63141 0.00892557
28 1.59342 1.63005 0.00870725
29 1.56215 1.62771 0.00872181
30 1.53613 1.62466 0.00896201
31 1.52067 1.62131 0.00929458
32 1.51868 1.6181 0.00955382
33 1.52892 1.6154 0.00964607
34 1.54586 1.61335 0.00957895
35 1.56168 1.61187 0.00941767
36 1.56945 1.6107 0.00922788
37 1.56525 1.60947 0.00905867
38 1.54884 1.60787 0.00896027
39 1.52354 1.60571 0.00899136
40 1.49564 1.60296 0.00918555
41 1.47271 1.59978 0.00950531
42 1.46123 1.59648 0.00984537
43 1.46433 1.59341 0.010093
44 1.48072 1.59085 0.0101881
45 1.50525 1.58895 0.0101391
46 1.53092 1.58768 0.0099962
47 1.55154 1.58691 0.00981138
48 1.56348 1.58643 0.0096172
49 1.56593 1.58601 0.00942817
50 1.5601 1.58549 0.0092522
51 1.54826 1.58476 0.00909831
52 1.53275 1.58376 0.00897753
53 1.51552 1.58247 0.00890013
54 1.49778 1.5809 0.00887348
55 1.48017 1.57907 0.00890112
56 1.4634 1.57701 0.00898147
57 1.44884 1.57476 0.00910451
58 1.4388 1.57241 0.00924818
59 1.43595 1.5701 0.00937971
60 1.44208 1.56797 0.00946569
61 1.45682 1.56615 0.00948585
62 1.47786 1.56472 0.00943963
63 1.5018 1.56372 0.00934212
64 1.52537 1.56312 0.0092145
65 1.54588 1.56286 0.0090755
66 1.56153 1.56284 0.00893696
67 1.57137 1.56297 0.00880349
68 1.57535 1.56315 0.00867497
69 1.57415 1.56331 0.0085498
70 1.56905 1.56339 0.00842718
71 1.56172 1.56337 0.00830767
72 1.55393 1.56323 0.00819252
73 1.54723 1.56302 0.00808249
74 1.5427 1.56274 0.00797725
75 1.54102 1.56245 0.00787549
76 1.54263 1.56219 0.00777555
77 1.54773 1.562 0.0076762
78 1.55608 1.56193 0.00757753
79 1.56698 1.56199 0.00748127
80 1.57945 1.56221 0.00739038
81 1.59252 1.56258 0.00730816
82 1.60557 1.56311 0.0072375
83 1.61825 1.56377 0.00718057
84 1.63 1.56456 0.00713825
85 1.63985 1.56545 0.00710916
86 1.64666 1.56639 0.00708919
87 1.64989 1.56735 0.00707266
88 1.65036 1.56829 0.00705518
89 1.65031 1.56921 0.00703607
90 1.65257 1.57014 0.00701883
91 1.659 1.57112 0.00700961
92 1.66876 1.57218 0.00701377
93 1.67827 1.57332 0.00703111
94 1.683 1.57449 0.0070531
95 1.67968 1.57559 0.00706576
96 1.66765 1.57655 0.00705722
97 1.64906 1.5773 0.00702398
98 1.62821 1.57782 0.00697132
99 1.61015 1.57815 0.00690827
100 1.59891 1.57835 0.00684199
1 1.64676 1.64676 0
2 1.64997 1.64837 0.00160497
3 1.65698 1.65124 0.00301644
4 1.66406 1.65444 0.00384913
5 1.66784 1.65712 0.00400907
6 1.66603 1.65861 0.00359454
7 1.65782 1.6585 0.00304002
8 1.64398 1.65668 0.00319747
9 1.62661 1.65334 0.0043721
10 1.60873 1.64888 0.00593243
11 1.59377 1.64387 0.00734117
12 1.58455 1.63893 0.00832733
13 1.58166 1.63452 0.00883653
14 1.58244 1.6308 0.00898722
15 1.58242 1.62758 0.00896681
16 1.57833 1.6245 0.00893447
17 1.5703 1.62131 0.0089777
18 1.56128 1.61797 0.0090975
19 1.55426 1.61462 0.00923558
20 1.54996 1.61139 0.00933911
21 1.54724 1.60833 0.00939383
22 1.54507 1.60546 0.0094069
23 1.54322 1.60275 0.00938707
24 1.54171 1.60021 0.0093404
25 1.54048 1.59782 0.00927208
26 1.53965 1.59558 0.00918497
27 1.53957 1.59351 0.00907845
28 1.54026 1.59161 0.00895252
29 1.5409 1.58986 0.00881345
30 1.54047 1.58821 0.0086723
31 1.53894 1.58662 0.00853713
32 1.5377 1.58509 0.00840623
33 1.5385 1.58368 0.00826896
34 1.54223 1.58246 0.0081142
35 1.54842 1.58149 0.00793877
36 1.55575 1.58077 0.00774815
37 1.56306 1.5803 0.00755102
38 1.56997 1.58002 0.00735465
39 1.57696 1.57995 0.00716402
40 1.58522 1.58008 0.00698386
41 1.59608 1.58047 0.00682257
42 1.61056 1.58118 0.00669658
43 1.62848 1.58228 0.00663084
44 1.64838 1.58379 0.00665028
45 1.66772 1.58565 0.00676312
46 1.68347 1.58778 0.00694786
47 1.6929 1.59001 0.00715693
48 1.69441 1.59219 0.00733606
49 1.68816 1.59415 0.00744697
50 1.67613 1.59579 0.00747848
51 1.66165 1.59708 0.00744326
52 1.64854 1.59807 0.0073655
53 1.64002 1.59886 0.00726842
54 1.63814 1.59959 0.00716954
55 1.64349 1.60039 0.0070831
56 1.65523 1.60137 0.00702409
57 1.67132 1.60259 0.00700806
58 1.68928 1.60409 0.00704651
59 1.70725 1.60584 0.00714336
60 1.7245 1.60781 0.00729645
61 1.74115 1.61 0.00750136
62 1.75713 1.61237 0.00775156
63 1.77159 1.6149 0.00803533
64 1.78306 1.61753 0.00833383
65 1.79027 1.62018 0.00862432
66 1.79282 1.6228 0.00888632
67 1.79132 1.62532 0.00910691
68 1.78693 1.62769 0.00928144
69 1.78077 1.62991 0.00941115
70 1.77337 1.63196 0.00949945
71 1.76462 1.63383 0.00954927
72 1.75401 1.6355 0.0095625
73 1.74103 1.63694 0.00954076
74 1.72552 1.63814 0.00948677
75 1.7076 1.63907 0.00940513
76 1.68768 1.63971 0.00930257
77 1.66646 1.64005 0.00918754
78 1.64516 1.64012 0.00906922
79 1.62565 1.63994 0.00895556
80 1.61023 1.63956 0.0088507
81 1.60093 1.63909 0.00875375
82 1.59847 1.63859 0.00866052
83 1.60181 1.63815 0.00856701
84 1.60853 1.6378 0.00847174
85 1.61603 1.63754 0.0083754
86 1.62285 1.63737 0.0082792
87 1.62939 1.63728 0.008184
88 1.63738 1.63728 0.00809046
89 1.64804 1.6374 0.00799996
90 1.66023 1.63765 0.00791463
91 1.67017 1.63801 0.00783533
92 1.67346 1.6384 0.00775927
93 1.66764 1.63871 0.00768182
94 1.65346 1.63887 0.00760128
95 1.63414 1.63882 0.007521
96 1.61362 1.63856 0.00744688
97 1.59481 1.6381 0.00738349
98 1.57904 1.6375 0.00733258
99 1.56643 1.63678 0.00729355
100 1.55677 1.63598 0.00726444
1 1.64173 1.64173 0
2 1.63446 1.6381 0.00363663
3 1.62862 1.63494 0.00379222
4 1.62388 1.63217 0.00385031
5 1.61963 1.62967 0.0038972
6 1.6151 1.62724 0.00400269
7 1.60976 1.62474 0.00420413
8 1.60373 1.62211 0.00448921
9 1.59773 1.61941 0.00479754
10 1.59295 1.61676 0.00504093
11 1.59054 1.61438 0.0051451
12 1.59115 1.61244 0.00508001
13 1.59484 1.61109 0.00486514
14 1.60111 1.61037 0.00456027
15 1.60916 1.61029 0.00424615
16 1.61809 1.61078 0.00400173
17 1.62709 1.61174 0.00387949
18 1.63564 1.61307 0.00389124
19 1.64401 1.6147 0.0040249
20 1.65331 1.61663 0.00427875
21 1.66489 1.61893 0.00467386
22 1.67935 1.62167 0.0052348
23 1.69598 1.6249 0.00595458
24 1.71301 1.62857 0.00678074
25 1.72817 1.63256 0.00762693
26 1.73911 1.63666 0.0083959
27 1.74366 1.64062 0.00899863
28 1.73987 1.64416 0.00936784
29 1.72628 1.64699 0.00947215
30 1.70241 1.64884 0.00933554
31 1.66991 1.64952 0.00905492
32 1.63349 1.64902 0.00878169
33 1.60027 1.64754 0.00863865
34 1.57688 1.64547 0.00863459
35 1.5661 1.6432 0.00868552
36 1.56654 1.64107 0.00870524
37 1.57477 1.63928 0.00865421
38 1.58657 1.63789 0.00853681
39 1.59739 1.63685 0.00837963
40 1.60347 1.63602 0.00820997
41 1.60347 1.63522 0.00804646
42 1.59917 1.63436 0.00789933
43 1.59493 1.63345 0.00776776
44 1.59608 1.6326 0.00763654
45 1.60648 1.63202 0.00748744
46 1.62689 1.63191 0.00732371
47 1.65462 1.63239 0.00718247
48 1.68462 1.63348 0.00711494
49 1.71113 1.63506 0.00714617
50 1.72927 1.63695 0.00725088
51 1.73605 1.63889 0.00736812
52 1.73068 1.64065 0.00743753
53 1.71444 1.64205 0.0074275
54 1.69046 1.64294 0.00734359
55 1.66323 1.64331 0.00721827
56 1.63737 1.64321 0.00708899
57 1.61569 1.64272 0.00698023
58 1.5985 1.64196 0.00690108
59 1.58501 1.641 0.00685144
60 1.57567 1.63991 0.00682369
61 1.57314 1.63881 0.00679955
62 1.58066 1.63787 0.00675444
63 1.59938 1.63726 0.00667439
64 1.62775 1.63711 0.00657095
65 1.663 1.63751 0.00648132
66 1.70237 1.6385 0.00645757
67 1.74279 1.64005 0.00654815
68 1.78007 1.64211 0.0067718
69 1.8095 1.64454 0.00710024
70 1.82758 1.64715 0.00747065
71 1.83349 1.64978 0.00781833
72 1.82909 1.65227 0.00810129
73 1.81736 1.65453 0.00830346
74 1.80089 1.65651 0.0084259
75 1.78138 1.65817 0.0084779
76 1.76049 1.65952 0.00847325
77 1.74102 1.66058 0.0084292
78 1.72665 1.66142 0.00836344
79 1.71954 1.66216 0.0082896
80 1.7179 1.66286 0.00821493
81 1.71678 1.66352 0.00814014
82 1.71181 1.66411 0.0080618
83 1.70194 1.66457 0.00797711
84 1.68998 1.66487 0.00788738
85 1.68127 1.66506 0.00779642
86 1.68106 1.66525 0.00770748
87 1.69175 1.66555 0.00762446
88 1.71174 1.66608 0.00755557
89 1.73681 1.66687 0.00751236
90 1.76248 1.66793 0.007504
91 1.78515 1.66922 0.00753204
92 1.80199 1.67067 0.00758821
93 1.8108 1.67217 0.00765593
94 1.81045 1.67364 0.00771557
95 1.80135 1.67499 0.00775137
96 1.78547 1.67614 0.00775606
97 1.7657 1.67706 0.00773101
98 1.74532 1.67776 0.00768335
99 1.72756 1.67826 0.00762197
100 1.71513 1.67863 0.00755437
1 1.64494 1.64494 0
2 1.64791 1.64642 0.00148601
3 1.6584 1.65042 0.00408274
4 1.67405 1.65632 0.00657543
5 1.69149 1.66336 0.00868398
6 1.70705 1.67064 0.0101638
7 1.71755 1.67734 0.0108945
8 1.72117 1.68282 0.0109101
9 1.71819 1.68675 0.0103936
10 1.71097 1.68917 0.00960659
11 1.70317 1.69044 0.00878222
12 1.6982 1.69109 0.00804303
13 1.69763 1.69159 0.00741562
14 1.70074 1.69225 0.00689657
15 1.70584 1.69315 0.00648396
16 1.71261 1.69437 0.00618592
17 1.723 1.69605 0.00604976
18 1.73886 1.69843 0.00617974
19 1.75891 1.70161 0.00665582
20 1.77934 1.7055 0.0074144
21 1.79712 1.70986 0.0082929
22 1.8118 1.7145 0.00916447
23 1.82444 1.71928 0.00997668
24 1.83558 1.72412 0.0107108
25 1.84392 1.72891 0.0113361
26 1.84678 1.73345 0.0117971
27 1.84152 1.73745 0.0120367
28 1.82693 1.74065 0.0120311
29 1.80357 1.74282 0.0118098
30 1.77299 1.74382 0.0114536
31 1.73691 1.7436 0.0110802
32 1.69662 1.74213 0.0108284
33 1.65325 1.73944 0.0108352
34 1.60898 1.7356 0.0111901
35 1.56826 1.73082 0.011871
36 1.53754 1.72545 0.0127247
37 1.52253 1.71997 0.0135368
38 1.52522 1.71484 0.0141374
39 1.54372 1.71045 0.0144523
40 1.57462 1.70706 0.0144899
41 1.61459 1.7048 0.0143109
42 1.66016 1.70374 0.0140064
43 1.7072 1.70382 0.013677
44 1.75126 1.7049 0.013406
45 1.78845 1.70675 0.0132356
46 1.81616 1.70913 0.0131613
47 1.83328 1.71177 0.0131463
48 1.83966 1.71444 0.0131425
49 1.83535 1.71691 0.0131059
50 1.82003 1.71897 0.0130056
51 1.79358 1.72043 0.0128317
52 1.75788 1.72115 0.0126032
53 1.71827 1.7211 0.0123632
54 1.68319 1.72039 0.0121524
55 1.66123 1.71932 0.0119778
56 1.65729 1.71821 0.011814
57 1.67067 1.71738 0.0116348
58 1.69599 1.71701 0.0114384
59 1.72562 1.71715 0.0112438
60 1.75211 1.71774 0.0110702
61 1.76975 1.71859 0.0109205
62 1.77509 1.7195 0.0107815
63 1.76719 1.72026 0.010636
64 1.74764 1.72069 0.0104772
65 1.72044 1.72068 0.0103147
66 1.69136 1.72024 0.010167
67 1.66612 1.71943 0.0100466
68 1.64873 1.71839 0.00995222
69 1.64058 1.71726 0.00987154
70 1.6411 1.71617 0.00979016
71 1.64862 1.71522 0.00969807
72 1.66111 1.71447 0.00959192
73 1.67646 1.71395 0.00947393
74 1.69257 1.71366 0.0093495
75 1.70747 1.71358 0.00922437
76 1.71979 1.71366 0.00910255
77 1.72904 1.71386 0.00898578
78 1.73519 1.71413 0.00887404
79 1.73853 1.71444 0.00876643
80 1.73982 1.71476 0.00866197
81 1.74063 1.71508 0.00856032
82 1.743 1.71542 0.00846213
83 1.74866 1.71582 0.00836914
84 1.75833 1.71633 0.00828438
85 1.77165 1.71698 0.00821217
86 1.78777 1.7178 0.00815775
87 1.80574 1.71881 0.00812654
88 1.82486 1.72002 0.00812354
89 1.84456 1.72142 0.00815274
90 1.86391 1.723 0.00821566
91 1.88147 1.72474 0.0083094
92 1.89509 1.72659 0.00842458
93 1.90204 1.72848 0.00854437
94 1.89947 1.7303 0.00864649
95 1.88502 1.73193 0.00870864
96 1.85743 1.73323 0.00871605
97 1.81722 1.7341 0.00866907
98 1.76717 1.73444 0.00858679
99 1.71221 1.73421 0.00850258
100 1.65874 1.73346 0.00845089
1 1.60628 1.60628 0
2 1.57177 1.58903 0.0172559
3 1.54931 1.57579 0.0165688
4 1.53669 1.56601 0.0152582
5 1.53126 1.55906 0.0137117
6 1.53176 1.55451 0.0120852
7 1.5382 1.55218 0.0104762
8 1.55054 1.55198 0.00907496
9 1.56754 1.55371 0.00818811
10 1.58713 1.55705 0.00805021
11 1.60709 1.5616 0.00858593
12 1.62554 1.56693 0.00947754
13 1.64119 1.57264 0.0104228
14 1.65363 1.57842 0.0112508
15 1.66352 1.5841 0.0119116
16 1.67237 1.58961 0.0124334
17 1.68179 1.59504 0.0128765
18 1.69274 1.60046 0.0132982
19 1.70493 1.60596 0.0137279
20 1.71676 1.6115 0.0141527
21 1.72576 1.61694 0.0145199
22 1.7291 1.62204 0.0147531
23 1.72417 1.62648 0.0147798
24 1.70903 1.62992 0.0145626
25 1.68302 1.63204 0.0141285
26 1.64744 1.63264 0.0135872
27 1.60612 1.63165 0.0131111
28 1.56533 1.62929 0.0128543
29 1.53269 1.62595 0.0128426
30 1.51505 1.62226 0.0129462
31 1.51619 1.61884 0.0129806
32 1.53556 1.61623 0.0128351
33 1.5684 1.61478 0.0125242
34 1.60758 1.61457 0.0121521
35 1.64609 1.61547 0.0118341
36 1.67874 1.61723 0.0116342
37 1.70271 1.61954 0.0115488
38 1.7172 1.62211 0.0115308
39 1.72286 1.62469 0.0115246
40 1.72158 1.62712 0.0114909
41 1.71604 1.62928 0.0114151
42 1.70941 1.63119 0.0113022
43 1.70471 1.6329 0.0111678
44 1.70406 1.63452 0.0110303
45 1.7083 1.63616 0.0109063
46 1.71701 1.63792 0.0108104
47 1.72889 1.63985 0.0107536
48 1.74238 1.64199 0.0107417
49 1.75616 1.64432 0.0107751
50 1.76939 1.64682 0.0108497
51 1.78158 1.64946 0.0109582
52 1.79226 1.65221 0.0110907
53 1.80059 1.65501 0.0112339
54 1.80535 1.65779 0.0113701
55 1.80532 1.66047 0.0114792
56 1.79965 1.66296 0.0115431
57 1.78787 1.66515 0.0115486
58 1.76958 1.66695 0.0114897
59 1.74439 1.66826 0.0113693
60 1.71287 1.66901 0.0112029
61 1.67803 1.66916 0.0110187
62 1.64582 1.66878 0.010846
63 1.62289 1.66805 0.0106973
64 1.61281 1.66719 0.0105642
65 1.61448 1.66638 0.0104319
66 1.62426 1.66574 0.0102925
67 1.63894 1.66534 0.0101456
68 1.6571 1.66522 0.00999599
69 1.67857 1.66541 0.00985195
70 1.70311 1.66595 0.00972512
71 1.72941 1.66684 0.00962874
72 1.75534 1.66807 0.0095733
73 1.77881 1.66959 0.00956233
74 1.79847 1.67133 0.00959168
75 1.81375 1.67323 0.00965156
76 1.82425 1.67522 0.00972883
77 1.82953 1.67722 0.00980857
78 1.82919 1.67917 0.00987607
79 1.82335 1.68099 0.00991959
80 1.8129 1.68264 0.00993262
81 1.7994 1.68408 0.00991456
82 1.78465 1.68531 0.0098694
83 1.77012 1.68633 0.00980316
84 1.75656 1.68717 0.00972177
85 1.74422 1.68784 0.00963014
86 1.73327 1.68837 0.00953215
87 1.724 1.68878 0.00943084
88 1.71673 1.6891 0.00932847
89 1.71125 1.68934 0.00922642
90 1.70633 1.68953 0.00912528
91 1.69985 1.68965 0.00902516
92 1.68963 1.68965 0.00892652
93 1.67453 1.68948 0.00883151
94 1.65514 1.68912 0.00874468
95 1.63393 1.68854 0.00867162
96 1.61451 1.68777 0.0086154
97 1.60021 1.68686 0.00857377
98 1.59274 1.6859 0.00854002
99 1.59198 1.68495 0.00850639
100 1.59731 1.68408 0.00846638
1 1.65993 1.65993 0
2 1.6749 1.66742 0.00748498
3 1.6913 1.67538 0.00905822
4 1.704 1.68253 0.00960298
5 1.70854 1.68773 0.00907678
6 1.70293 1.69027 0.00783173
7 1.68792 1.68993 0.00662748
8 1.66662 1.68702 0.00643685
9 1.64366 1.6822 0.00744501
10 1.62432 1.67641 0.00882305
11 1.61313 1.67066 0.00983822
12 1.61272 1.66583 0.0101966
13 1.62311 1.66254 0.00993848
14 1.64187 1.66107 0.00931904
15 1.6649 1.66132 0.00867932
16 1.68756 1.66296 0.00828275
17 1.70568 1.66548 0.008176
18 1.71655 1.66831 0.00821405
19 1.71943 1.671 0.00822229
20 1.71549 1.67323 0.00811127
21 1.70729 1.67485 0.00788404
22 1.69783 1.67589 0.00758936
23 1.68981 1.6765 0.00727707
24 1.68524 1.67686 0.00697677
25 1.68532 1.6772 0.00670041
26 1.69019 1.6777 0.00645692
27 1.69885 1.67848 0.00626234
28 1.70945 1.67959 0.00613504
29 1.72021 1.68099 0.00608317
30 1.73008 1.68263 0.00610043
31 1.73875 1.68444 0.00617183
32 1.74608 1.68636 0.00627866
33 1.75176 1.68835 0.00639994
34 1.75544 1.69032 0.00651487
35 1.75731 1.69223 0.00660922
36 1.75823 1.69407 0.00667951
37 1.75946 1.69583 0.00673262
38 1.76207 1.69758 0.0067809
39 1.76624 1.69934 0.00683538
40 1.77116 1.70113 0.00690005
41 1.77523 1.70294 0.00696808
42 1.77661 1.70469 0.00702273
43 1.774 1.70631 0.00704432
44 1.76727 1.70769 0.00702044
45 1.7579 1.70881 0.00695275
46 1.74867 1.70967 0.00685491
47 1.74247 1.71037 0.00674367
48 1.74069 1.711 0.00663183
49 1.74236 1.71164 0.00652652
50 1.74485 1.71231 0.00642904
51 1.74544 1.71296 0.00633513
52 1.74278 1.71353 0.00623853
53 1.73721 1.71398 0.00613597
54 1.73025 1.71428 0.00602881
55 1.72365 1.71445 0.00592063
56 1.71844 1.71452 0.00581438
57 1.71425 1.71452 0.00571146
58 1.70945 1.71443 0.0056128
59 1.70189 1.71422 0.00552095
60 1.68985 1.71381 0.00544332
61 1.67268 1.71313 0.00539564
62 1.65113 1.71213 0.00540128
63 1.62746 1.71079 0.00548217
64 1.60513 1.70914 0.00564273
65 1.588 1.70728 0.00585953
66 1.57916 1.70534 0.00608784
67 1.58022 1.70347 0.00628036
68 1.59101 1.70181 0.0064045
69 1.60976 1.70048 0.00645047
70 1.63344 1.69952 0.00642938
71 1.65863 1.69895 0.00636429
72 1.6824 1.69872 0.00627949
73 1.70296 1.69877 0.00619314
74 1.71991 1.69906 0.00611555
75 1.73395 1.69953 0.00605136
76 1.74617 1.70014 0.00600267
77 1.75731 1.70088 0.00597055
78 1.76698 1.70173 0.00595412
79 1.77369 1.70264 0.00594842
80 1.77562 1.70355 0.00594402
81 1.77161 1.70439 0.00593
82 1.76192 1.70509 0.00589911
83 1.74832 1.70561 0.00585082
84 1.73343 1.70595 0.00579023
85 1.71974 1.70611 0.00572401
86 1.70857 1.70614 0.00565713
87 1.69949 1.70606 0.00559225
88 1.6905 1.70588 0.00553116
89 1.67943 1.70559 0.00547674
90 1.6654 1.70514 0.00543392
91 1.64935 1.70453 0.00540873
92 1.63343 1.70375 0.00540514
93 1.6201 1.70285 0.00542184
94 1.61152 1.70188 0.00545115
95 1.60942 1.70091 0.00548058
96 1.61484 1.70001 0.0054968
97 1.6273 1.69926 0.00549124
98 1.6444 1.6987 0.00546368
99 1.66257 1.69834 0.00542051
100 1.67853 1.69814 0.00536969
1 1.65968 1.65968 0
2 1.66606 1.66287 0.00319371
3 1.66988 1.66521 0.0029764
4 1.67334 1.66724 0.00292593
5 1.67851 1.66949 0.00319577
6 1.68643 1.67232 0.0038436
7 1.69679 1.67581 0.0047726
8 1.70822 1.67986 0.00578718
9 1.71881 1.68419 0.00669171
10 1.72672 1.68844 0.00734232
11 1.73045 1.69226 0.00766092
12 1.72904 1.69533 0.0076356
13 1.72237 1.69741 0.00732531
14 1.71129 1.6984 0.00685404
15 1.69764 1.69835 0.00638097
16 1.68388 1.69744 0.00603691
17 1.67258 1.69598 0.00585632
18 1.66572 1.6943 0.00577167
19 1.66446 1.69273 0.00568085
20 1.6688 1.69153 0.00552057
21 1.67774 1.69088 0.00529203
22 1.68939 1.69081 0.00504621
23 1.70144 1.69127 0.00484393
24 1.71152 1.69211 0.00471386
25 1.71769 1.69314 0.00463567
26 1.719 1.69413 0.0045635
27 1.71578 1.69493 0.00446384
28 1.70962 1.69546 0.00433332
29 1.70278 1.69571 0.00418883
30 1.69747 1.69577 0.00404722
31 1.69506 1.69575 0.00391456
32 1.69553 1.69574 0.00379026
33 1.69746 1.69579 0.00367398
34 1.69873 1.69588 0.00356533
35 1.69738 1.69592 0.00346223
36 1.69228 1.69582 0.0033662
37 1.68351 1.69549 0.00329081
38 1.6722 1.69487 0.00326112
39 1.66018 1.69399 0.00329863
40 1.64927 1.69287 0.00340386
41 1.64069 1.69159 0.00355541
42 1.63448 1.69023 0.0037267
43 1.62963 1.68883 0.00390237
44 1.62457 1.68736 0.00408279
45 1.61791 1.68582 0.00427908
46 1.60907 1.68415 0.00450537
47 1.59816 1.68232 0.00477307
48 1.5855 1.68031 0.00508938
49 1.57138 1.67808 0.0054577
50 1.55623 1.67565 0.00587659
51 1.54143 1.67301 0.00633289
52 1.52983 1.67026 0.00679298
53 1.52534 1.66753 0.00720275
54 1.53151 1.66501 0.00750352
55 1.54949 1.66291 0.00765945
56 1.57692 1.66137 0.00767658
57 1.60851 1.66044 0.00759751
58 1.63816 1.66006 0.00747524
59 1.66115 1.66008 0.00734748
60 1.67555 1.66034 0.00722858
61 1.68244 1.6607 0.00711832
62 1.68498 1.66109 0.00701351
63 1.68656 1.6615 0.00691312
64 1.6893 1.66193 0.0068181
65 1.69352 1.66242 0.00672997
66 1.69846 1.66296 0.00664968
67 1.70315 1.66356 0.0065771
68 1.70698 1.6642 0.00651104
69 1.70964 1.66486 0.00644969
70 1.71075 1.66551 0.0063906
71 1.70953 1.66613 0.00633038
72 1.70518 1.66668 0.00626535
73 1.69728 1.6671 0.00619313
74 1.68666 1.66736 0.00611459
75 1.67541 1.66747 0.00603346
76 1.666 1.66745 0.00595358
77 1.6602 1.66735 0.0058765
78 1.65839 1.66724 0.00580181
79 1.66009 1.66715 0.00572862
80 1.66502 1.66712 0.00565662
81 1.67347 1.6672 0.0055869
82 1.68542 1.66742 0.00552281
83 1.69937 1.66781 0.00546943
84 1.71243 1.66834 0.00542997
85 1.72168 1.66897 0.00540229
86 1.72583 1.66963 0.00537988
87 1.72588 1.67027 0.00535685
88 1.72479 1.67089 0.00533174
89 1.72591 1.67151 0.00530761
90 1.73121 1.67218 0.00529007
91 1.74005 1.67292 0.00528451
92 1.74902 1.67375 0.00529181
93 1.75347 1.67461 0.00530432
94 1.74944 1.6754 0.00530763
95 1.7354 1.67603 0.00528931
96 1.71307 1.67642 0.00524812
97 1.68716 1.67653 0.00519492
98 1.664 1.6764 0.00514322
99 1.64926 1.67613 0.00509838
100 1.64586 1.67582 0.00505621
1 1.65637 1.65637 0
2 1.66949 1.66293 0.0065612
3 1.6848 1.67022 0.00821793
4 1.69861 1.67732 0.00917319
5 1.70873 1.6836 0.0094848
6 1.71472 1.68879 0.00932077
7 1.71768 1.69291 0.00889352
8 1.7198 1.69628 0.00840348
9 1.72358 1.69931 0.00800825
10 1.73097 1.70248 0.00783148
11 1.74272 1.70614 0.00797296
12 1.75837 1.71049 0.0084807
13 1.7767 1.71558 0.00931652
14 1.79609 1.72133 0.0103668
15 1.81455 1.72755 0.0114788
16 1.82979 1.73394 0.012495
17 1.83965 1.74016 0.0132825
18 1.84257 1.74584 0.0137547
19 1.83793 1.75069 0.0138841
20 1.82618 1.75447 0.0137017
21 1.80879 1.75705 0.0132872
22 1.78805 1.75846 0.0127469
23 1.7664 1.75881 0.012185
24 1.74588 1.75827 0.0116787
25 1.72773 1.75705 0.0112682
26 1.71251 1.75533 0.0109608
27 1.70039 1.7533 0.0107415
28 1.69148 1.75109 0.0105836
29 1.68598 1.74885 0.0104561
30 1.68385 1.74668 0.0103312
31 1.68453 1.74467 0.0101915
32 1.6867 1.74286 0.0100329
33 1.68852 1.74122 0.00986251
34 1.68811 1.73965 0.00969469
35 1.68409 1.73807 0.00954657
36 1.67593 1.73634 0.00943676
37 1.66413 1.73439 0.00938338
38 1.6499 1.73217 0.00939987
39 1.63488 1.72967 0.0094894
40 1.62083 1.72695 0.00964111
41 1.60931 1.72408 0.00983103
42 1.60157 1.72116 0.0100277
43 1.59843 1.71831 0.0101993
44 1.60013 1.71562 0.0103204
45 1.60624 1.71319 0.0103772
46 1.6157 1.71107 0.010368
47 1.62728 1.70929 0.0103005
48 1.63989 1.70785 0.0101867
49 1.65248 1.70672 0.0100405
50 1.66354 1.70585 0.00987542
51 1.67075 1.70516 0.00970428
52 1.67125 1.70451 0.00953816
53 1.6625 1.70372 0.00938998
54 1.64356 1.7026 0.00928155
55 1.61574 1.70103 0.00924709
56 1.58248 1.69891 0.00932395
57 1.54849 1.69627 0.00953152
58 1.5186 1.69321 0.009854
59 1.49685 1.68988 0.0102414
60 1.486 1.68648 0.0106272
61 1.48721 1.68321 0.0109501
62 1.49981 1.68026 0.0111709
63 1.52152 1.67774 0.0112772
64 1.54923 1.67573 0.0112797
65 1.57984 1.67425 0.0112024
66 1.6107 1.67329 0.0110733
67 1.63961 1.67279 0.0109184
68 1.6648 1.67267 0.0107572
69 1.68487 1.67285 0.0106017
70 1.69865 1.67321 0.0104556
71 1.70545 1.67367 0.0103173
72 1.70522 1.67411 0.0101824
73 1.69897 1.67445 0.0100477
74 1.68879 1.67464 0.00991292
75 1.67749 1.67468 0.00977993
76 1.66802 1.67459 0.00965079
77 1.66265 1.67444 0.00952589
78 1.66239 1.67428 0.00940424
79 1.66709 1.67419 0.00928488
80 1.67585 1.67421 0.00916811
81 1.68708 1.67437 0.00905561
82 1.69863 1.67467 0.00894939
83 1.70826 1.67507 0.00885017
84 1.71464 1.67554 0.00875685
85 1.71798 1.67604 0.00866761
86 1.71955 1.67655 0.00858116
87 1.72053 1.67705 0.008497
88 1.72094 1.67755 0.00841468
89 1.71949 1.67802 0.00833293
90 1.7144 1.67843 0.00824973
91 1.70484 1.67872 0.00816374
92 1.69216 1.67886 0.00807583
93 1.68019 1.67888 0.00798854
94 1.67385 1.67882 0.00790328
95 1.67652 1.6788 0.00781968
96 1.68796 1.6789 0.00773839
97 1.70479 1.67916 0.00766285
98 1.72266 1.67961 0.00759723
99 1.73826 1.6802 0.0075434
100 1.75 1.6809 0.00750014
1 1.65576 1.65576 0
2 1.65888 1.65732 0.00156243
3 1.65815 1.6576 0.000943102
4 1.65221 1.65625 0.00150288
5 1.63984 1.65297 0.00348305
6 1.6207 1.64759 0.00608328
7 1.59619 1.64025 0.0089634
8 1.56974 1.63143 0.0117449
9 1.54616 1.62196 0.0140375
10 1.52989 1.61275 0.0155696
11 1.52322 1.60461 0.0162661
12 1.52622 1.59808 0.0162225
13 1.53781 1.59344 0.0156262
14 1.55683 1.59083 0.0147015
15 1.58184 1.59023 0.0136995
16 1.61045 1.59149 0.0128769
17 1.63918 1.5943 0.0124167
18 1.66423 1.59818 0.0123345
19 1.68251 1.60262 0.012483
20 1.69233 1.60711 0.0126634
21 1.69347 1.61122 0.0127279
22 1.68692 1.61466 0.012614
23 1.67431 1.61725 0.012329
24 1.65743 1.61893 0.0119222
25 1.63807 1.61969 0.011461
26 1.61785 1.61962 0.0110116
27 1.59833 1.61883 0.0106252
28 1.58083 1.61748 0.0103283
29 1.56587 1.6157 0.0101234
30 1.55326 1.61362 0.00999914
31 1.54286 1.61133 0.0099369
32 1.53545 1.60896 0.00990931
33 1.53225 1.60664 0.00988168
34 1.53354 1.60449 0.00982472
35 1.53857 1.6026 0.00972403
36 1.54703 1.60106 0.00957533
37 1.56025 1.59996 0.00937802
38 1.58048 1.59944 0.00914228
39 1.60901 1.59969 0.00890816
40 1.64497 1.60082 0.00875609
41 1.68557 1.60289 0.00878644
42 1.72733 1.60585 0.00907216
43 1.76719 1.6096 0.0096205
44 1.80278 1.61399 0.0103741
45 1.83203 1.61884 0.011239
46 1.85274 1.62392 0.0121111
47 1.86265 1.629 0.0128932
48 1.86005 1.63382 0.0135084
49 1.84455 1.63812 0.0139114
50 1.8175 1.64171 0.0140946
51 1.78187 1.64445 0.0140862
52 1.74185 1.64633 0.013939
53 1.70242 1.64739 0.0137144
54 1.66846 1.64778 0.0134637
55 1.64283 1.64769 0.0132169
56 1.62498 1.64728 0.0129851
57 1.61222 1.64667 0.0127701
58 1.60239 1.6459 0.0125712
59 1.59539 1.64505 0.0123859
60 1.59239 1.64417 0.0122093
61 1.59417 1.64335 0.0120354
62 1.60011 1.64265 0.0118602
63 1.60847 1.64211 0.011683
64 1.61724 1.64172 0.0115056
65 1.62485 1.64146 0.0113302
66 1.63032 1.64129 0.0111585
67 1.63323 1.64117 0.0109913
68 1.63339 1.64106 0.0108291
69 1.63067 1.64091 0.0106721
70 1.62455 1.64067 0.0105211
71 1.61374 1.64029 0.0103788
72 1.59694 1.63969 0.0102513
73 1.57461 1.6388 0.0101491
74 1.55116 1.63762 0.0100809
75 1.53492 1.63625 0.0100394
76 1.53422 1.6349 0.00999692
77 1.55157 1.63382 0.00992542
78 1.58134 1.63315 0.00982042
79 1.61371 1.6329 0.00969844
80 1.6401 1.63299 0.00957686
81 1.65606 1.63328 0.00946218
82 1.6613 1.63362 0.00935232
83 1.65834 1.63392 0.00924375
84 1.65113 1.63412 0.00913534
85 1.64365 1.63423 0.00902793
86 1.63889 1.63429 0.0089225
87 1.63841 1.63434 0.00881947
88 1.64253 1.63443 0.00871917
89 1.65057 1.63461 0.00862255
90 1.66114 1.6349 0.0085313
91 1.67233 1.63532 0.00844705
92 1.68171 1.63582 0.00836994
93 1.68656 1.63637 0.0082974
94 1.68461 1.63688 0.00822469
95 1.67487 1.63728 0.00814747
96 1.65806 1.6375 0.00806506
97 1.63645 1.63748 0.00798149
98 1.61331 1.63724 0.00790348
99 1.59214 1.63678 0.00783649
100 1.57587 1.63617 0.0077816
1 1.63986 1.63986 0
2 1.6356 1.63773 0.0021295
3 1.63741 1.63762 0.00123402
4 1.64401 1.63922 0.0018202
5 1.65371 1.64212 0.00322184
6 1.66468 1.64588 0.00458886
7 1.67534 1.65009 0.00572347
8 1.6846 1.6544 0.0065715
9 1.69223 1.6586 0.00715949
10 1.69895 1.66264 0.0075688
11 1.70601 1.66658 0.00790059
12 1.71437 1.67057 0.00823861
13 1.72364 1.67465 0.00860812
14 1.73178 1.67873 0.00895379
15 1.73562 1.68252 0.00915783
16 1.73202 1.68562 0.00910796
17 1.71913 1.68759 0.00877967
18 1.69684 1.6881 0.00829351
19 1.66689 1.68699 0.00792391
20 1.63227 1.68425 0.00799966
21 1.59656 1.68007 0.00867954
22 1.56303 1.67475 0.00983816
23 1.53358 1.66862 0.011227
24 1.50849 1.66194 0.0126512
25 1.4877 1.65497 0.0139938
26 1.47325 1.64798 0.0151531
27 1.4697 1.64138 0.0160065
28 1.47999 1.63562 0.0164661
29 1.5012 1.63098 0.0165505
30 1.52702 1.62752 0.0163605
31 1.55284 1.62511 0.0160063
32 1.57721 1.62361 0.0155701
33 1.6002 1.6229 0.0151076
34 1.62178 1.62287 0.0146566
35 1.64156 1.6234 0.0142417
36 1.65915 1.6244 0.013876
37 1.6743 1.62574 0.013563
38 1.68646 1.62734 0.0132976
39 1.69438 1.62906 0.0130657
40 1.69635 1.63074 0.0128455
41 1.69113 1.63222 0.0126145
42 1.67867 1.63332 0.0123601
43 1.66053 1.63396 0.0120858
44 1.63938 1.63408 0.0118086
45 1.61843 1.63373 0.0115484
46 1.60084 1.63302 0.0113172
47 1.58912 1.63208 0.0111131
48 1.5846 1.63109 0.010924
49 1.58721 1.6302 0.0107362
50 1.59559 1.6295 0.010542
51 1.60784 1.62908 0.0103419
52 1.62222 1.62895 0.010142
53 1.63768 1.62911 0.00995013
54 1.65406 1.62957 0.00977505
55 1.67179 1.63034 0.00962632
56 1.6913 1.63143 0.00951532
57 1.71236 1.63285 0.00945411
58 1.73386 1.63459 0.00945151
59 1.75417 1.63662 0.00950845
60 1.77162 1.63887 0.00961559
61 1.78499 1.64126 0.00975532
62 1.79391 1.64373 0.00990745
63 1.79891 1.64619 0.0100553
64 1.8011 1.64861 0.0101886
65 1.80161 1.65096 0.0103031
66 1.80095 1.65324 0.0103972
67 1.79887 1.65541 0.010469
68 1.79462 1.65746 0.0105151
69 1.78747 1.65934 0.0105315
70 1.77724 1.66103 0.0105158
71 1.76453 1.66248 0.0104686
72 1.7506 1.66371 0.0103945
73 1.73729 1.66472 0.0103005
74 1.72654 1.66555 0.0101947
75 1.71984 1.66628 0.0100838
76 1.71759 1.66695 0.00997316
77 1.71875 1.66762 0.00986575
78 1.72116 1.66831 0.0097626
79 1.72243 1.66899 0.00966255
80 1.72106 1.66965 0.00956317
81 1.71723 1.67023 0.00946263
82 1.71276 1.67075 0.0093609
83 1.71028 1.67123 0.00925968
84 1.71167 1.67171 0.00916144
85 1.71671 1.67224 0.00906849
86 1.72304 1.67283 0.00898186
87 1.72721 1.67345 0.0089
88 1.72631 1.67405 0.00881876
89 1.71914 1.67456 0.00873381
90 1.70668 1.67492 0.00864359
91 1.69154 1.6751 0.00855003
92 1.67675 1.67512 0.00845661
93 1.6642 1.675 0.00836601
94 1.65384 1.67478 0.00827959
95 1.64413 1.67445 0.00819832
96 1.63345 1.67403 0.00812371
97 1.62138 1.67348 0.00805782
98 1.60939 1.67283 0.00800195
99 1.60037 1.6721 0.00795445
100 1.59741 1.67135 0.00790985
1 1.65417 1.65417 0
2 1.6655 1.65984 0.00566419
3 1.68241 1.66736 0.00820551
4 1.70291 1.67625 0.010613
5 1.72494 1.68599 0.0127442
6 1.7465 1.69607 0.0144911
7 1.76561 1.70601 0.0157698
8 1.7805 1.71532 0.0165296
9 1.78981 1.7236 0.0167635
10 1.79275 1.73051 0.0165119
11 1.7892 1.73585 0.0158599
12 1.77975 1.73951 0.014933
13 1.76593 1.74154 0.013886
14 1.75052 1.74218 0.0128719
15 1.73723 1.74185 0.0119876
16 1.72972 1.74109 0.011239
17 1.72971 1.74042 0.0105784
18 1.73612 1.74018 0.00997631
19 1.74562 1.74047 0.00944098
20 1.7543 1.74116 0.00898317
21 1.75934 1.74203 0.00858844
22 1.75989 1.74284 0.00822892
23 1.75672 1.74344 0.00788613
24 1.75114 1.74376 0.0075572
25 1.74387 1.74377 0.00724862
26 1.73456 1.74341 0.00697324
27 1.72215 1.74263 0.00675607
28 1.70563 1.7413 0.00664305
29 1.68473 1.73935 0.00670014
30 1.66035 1.73672 0.0069882
31 1.63472 1.73343 0.00751742
32 1.61134 1.72961 0.00821805
33 1.59432 1.72551 0.00895828
34 1.58741 1.72145 0.00959324
35 1.59272 1.71777 0.010015
36 1.61006 1.71478 0.0101823
37 1.63703 1.71268 0.0101238
38 1.66989 1.71155 0.00991796
39 1.70449 1.71137 0.009662
40 1.73709 1.71202 0.00943927
41 1.76483 1.7133 0.00929585
42 1.78599 1.71504 0.00923543
43 1.79988 1.71701 0.00923141
44 1.80672 1.71905 0.00924675
45 1.8076 1.72101 0.00925067
46 1.80446 1.72283 0.00922741
47 1.79974 1.72447 0.00917603
48 1.79573 1.72595 0.0091047
49 1.79374 1.72733 0.00902364
50 1.7936 1.72866 0.00894009
51 1.79409 1.72994 0.00885647
52 1.79389 1.73117 0.00877111
53 1.79213 1.73232 0.00868057
54 1.78846 1.73336 0.00858151
55 1.78279 1.73426 0.00847183
56 1.77515 1.73499 0.00835115
57 1.76601 1.73553 0.00822136
58 1.75652 1.7359 0.00808647
59 1.7484 1.73611 0.00795106
60 1.7434 1.73623 0.00781836
61 1.74261 1.73633 0.00768984
62 1.74587 1.73649 0.00756635
63 1.75127 1.73672 0.00744898
64 1.75534 1.73701 0.00733743
65 1.75414 1.73728 0.00722847
66 1.74485 1.73739 0.00711904
67 1.72712 1.73724 0.00701365
68 1.7034 1.73674 0.00692763
69 1.67831 1.73589 0.00687882
70 1.65666 1.73476 0.00687369
71 1.64135 1.73345 0.00690274
72 1.63202 1.73204 0.00695045
73 1.62556 1.73058 0.00700805
74 1.61821 1.72906 0.0070775
75 1.60799 1.72745 0.00716666
76 1.59632 1.72572 0.00727916
77 1.58756 1.72393 0.00740469
78 1.58628 1.72216 0.00751916
79 1.59422 1.72054 0.00759797
80 1.60966 1.71916 0.00762935
81 1.62905 1.71804 0.00761626
82 1.64879 1.7172 0.00757007
83 1.66614 1.71658 0.00750356
84 1.67957 1.71614 0.00742678
85 1.68864 1.71582 0.00734602
86 1.69342 1.71556 0.00726477
87 1.69417 1.71531 0.00718499
88 1.69162 1.71504 0.00710797
89 1.68721 1.71473 0.00703461
90 1.68302 1.71438 0.00696493
91 1.68098 1.71401 0.00689774
92 1.68196 1.71366 0.00683124
93 1.6849 1.71335 0.00676446
94 1.68709 1.71308 0.00669794
95 1.68578 1.71279 0.00663329
96 1.68091 1.71246 0.00657222
97 1.67668 1.71209 0.00651456
98 1.67865 1.71175 0.00645677
99 1.6875 1.7115 0.00639591
100 1.69746 1.71136 0.00633318
1 1.65224 1.65224 0
2 1.64768 1.64996 0.00227884
3 1.63845 1.64612 0.00405443
4 1.62899 1.64184 0.00515446
5 1.62304 1.63808 0.005484
6 1.62216 1.63543 0.00520452
7 1.62579 1.63405 0.00460917
8 1.63225 1.63383 0.00399798
9 1.63988 1.6345 0.00358954
10 1.64753 1.6358 0.00346485
11 1.65471 1.63752 0.00357438
12 1.66156 1.63952 0.00382896
13 1.66866 1.64177 0.00417492
14 1.67674 1.64426 0.0046021
15 1.68608 1.64705 0.00511165
16 1.69602 1.65011 0.00567727
17 1.70481 1.65333 0.00622834
18 1.71003 1.65648 0.00666379
19 1.70936 1.65926 0.00689039
20 1.70144 1.66137 0.00686851
21 1.6864 1.66256 0.00664107
22 1.66597 1.66272 0.0063339
23 1.64312 1.66187 0.00611193
24 1.6213 1.66018 0.00609089
25 1.60323 1.6579 0.00627055
26 1.58946 1.65527 0.00657454
27 1.57837 1.65242 0.00693786
28 1.56781 1.6494 0.00733664
29 1.55738 1.64622 0.00775767
30 1.54914 1.64299 0.00816342
31 1.54612 1.63986 0.00849158
32 1.54969 1.63704 0.00869147
33 1.55789 1.63465 0.00875882
34 1.56611 1.63263 0.00873315
35 1.56963 1.63083 0.00866892
36 1.56635 1.62904 0.00861298
37 1.55804 1.62712 0.00859396
38 1.54935 1.62507 0.00861145
39 1.54536 1.62303 0.00863315
40 1.54878 1.62117 0.00861688
41 1.55855 1.61965 0.00854177
42 1.57111 1.61849 0.00841563
43 1.58337 1.61767 0.00825809
44 1.59498 1.61716 0.00808469
45 1.60774 1.61695 0.00790576
46 1.62244 1.61707 0.0077329
47 1.63726 1.6175 0.00757877
48 1.64911 1.61816 0.00744837
49 1.65552 1.61892 0.00733452
50 1.65517 1.61964 0.00722282
51 1.64785 1.6202 0.00710135
52 1.63455 1.62047 0.00696891
53 1.61756 1.62042 0.00683638
54 1.60002 1.62004 0.00671921
55 1.58504 1.6194 0.00662653
56 1.57468 1.6186 0.00655594
57 1.56951 1.61774 0.00649724
58 1.5689 1.6169 0.00643955
59 1.57157 1.61613 0.00637592
60 1.57605 1.61546 0.00630424
61 1.58077 1.6149 0.00622607
62 1.58422 1.6144 0.00614478
63 1.58533 1.61394 0.00606403
64 1.58371 1.61347 0.00598719
65 1.57959 1.61295 0.00591735
66 1.57363 1.61235 0.00585737
67 1.56678 1.61167 0.00580924
68 1.56004 1.61091 0.00577332
69 1.55409 1.61009 0.00574833
70 1.5489 1.60921 0.00573265
71 1.54367 1.60829 0.00572623
72 1.53733 1.60731 0.0057315
73 1.52915 1.60623 0.00575294
74 1.51924 1.60506 0.00579516
75 1.50882 1.60378 0.0058596
76 1.50032 1.60241 0.00594008
77 1.49675 1.60104 0.00602089
78 1.50039 1.59975 0.00608167
79 1.51145 1.59863 0.00610735
80 1.52806 1.59775 0.0060947
81 1.54757 1.59713 0.00605078
82 1.56786 1.59678 0.00598719
83 1.5879 1.59667 0.00591558
84 1.60745 1.5968 0.00584614
85 1.62639 1.59715 0.00578744
86 1.64436 1.59769 0.00574604
87 1.66089 1.59842 0.00572587
88 1.67584 1.5993 0.0057284
89 1.68961 1.60032 0.00575385
90 1.70236 1.60145 0.00580145
91 1.71342 1.60268 0.00586781
92 1.72131 1.60397 0.00594519
93 1.72425 1.60526 0.00602145
94 1.72093 1.60649 0.00608282
95 1.71087 1.60759 0.00611792
96 1.69467 1.6085 0.00612144
97 1.67436 1.60918 0.00609594
98 1.65346 1.60963 0.00605031
99 1.63667 1.6099 0.00599511
100 1.62875 1.61009 0.00593785
