1 1.8 1.8 0
2 1.80001 1.80001 4.16721e-06
3 1.80003 1.80001 6.60644e-06
4 1.80005 1.80002 9.38592e-06
5 1.80007 1.80003 1.24712e-05
6 1.8001 1.80004 1.58375e-05
7 1.80014 1.80006 1.94661e-05
8 1.80019 1.80007 2.33428e-05
9 1.80024 1.80009 2.74563e-05
10 1.80029 1.80011 3.17977e-05
11 1.80036 1.80013 3.636e-05
12 1.80043 1.80016 4.11387e-05
13 1.8005 1.80018 4.61327e-05
14 1.80058 1.80021 5.13444e-05
15 1.80067 1.80024 5.67796e-05
16 1.80077 1.80028 6.24379e-05
17 1.80087 1.80031 6.83248e-05
18 1.80098 1.80035 7.44367e-05
19 1.8011 1.80039 8.07727e-05
20 1.80123 1.80043 8.73368e-05
21 1.80136 1.80047 9.41305e-05
22 1.8015 1.80052 0.000101153
23 1.80165 1.80057 0.000108404
24 1.80181 1.80062 0.000115886
25 1.80197 1.80068 0.000123601
26 1.80215 1.80073 0.000131551
27 1.80233 1.80079 0.000139739
28 1.80252 1.80085 0.000148166
29 1.80272 1.80092 0.000156837
30 1.80293 1.80099 0.000165756
31 1.80315 1.80106 0.000174927
32 1.80338 1.80113 0.000184353
33 1.80363 1.8012 0.000194041
34 1.80388 1.80128 0.000203996
35 1.80414 1.80136 0.000214227
36 1.80441 1.80145 0.000224737
37 1.8047 1.80154 0.000235535
38 1.80499 1.80163 0.000246629
39 1.8053 1.80172 0.000258027
40 1.80562 1.80182 0.000269739
41 1.80596 1.80192 0.000281775
42 1.80631 1.80202 0.000294147
43 1.80667 1.80213 0.000306864
44 1.80705 1.80224 0.000319939
45 1.80744 1.80236 0.000333384
46 1.80785 1.80248 0.000347211
47 1.80828 1.8026 0.000361435
48 1.80872 1.80273 0.000376071
49 1.80918 1.80286 0.000391136
50 1.80966 1.803 0.000406647
51 1.81016 1.80314 0.000422621
52 1.81068 1.80328 0.000439079
53 1.81123 1.80343 0.000456041
54 1.81179 1.80359 0.000473529
55 1.81238 1.80375 0.000491566
56 1.813 1.80391 0.000510178
57 1.81364 1.80408 0.000529389
58 1.81431 1.80426 0.000549229
59 1.815 1.80444 0.000569728
60 1.81573 1.80463 0.000590916
61 1.81649 1.80482 0.000612829
62 1.81729 1.80503 0.000635504
63 1.81812 1.80523 0.000658979
64 1.81899 1.80545 0.000683296
65 1.8199 1.80567 0.000708499
66 1.82085 1.8059 0.000734635
67 1.82185 1.80614 0.000761755
68 1.8229 1.80639 0.000789911
69 1.824 1.80664 0.000819162
70 1.82515 1.8069 0.000849567
71 1.82636 1.80718 0.00088119
72 1.82763 1.80746 0.000914099
73 1.82896 1.80776 0.000948365
74 1.83036 1.80806 0.00098406
75 1.83183 1.80838 0.00102126
76 1.83338 1.80871 0.00106005
77 1.835 1.80905 0.0011005
78 1.8367 1.8094 0.00114269
79 1.83849 1.80977 0.00118669
80 1.84036 1.81015 0.00123256
81 1.84231 1.81055 0.00128035
82 1.84434 1.81096 0.0013301
83 1.84645 1.81139 0.00138178
84 1.84862 1.81183 0.00143536
85 1.85083 1.81229 0.00149071
86 1.85305 1.81277 0.00154762
87 1.85525 1.81326 0.00160576
88 1.85736 1.81376 0.00166465
89 1.85931 1.81427 0.00172358
90 1.86099 1.81479 0.00178164
91 1.86228 1.81531 0.00183762
92 1.86302 1.81583 0.00189008
93 1.86307 1.81634 0.00193742
94 1.8623 1.81683 0.00197809
95 1.86072 1.81729 0.00201094
96 1.8585 1.81772 0.00203567
97 1.85614 1.81811 0.00205314
98 1.8544 1.81848 0.00206554
99 1.85423 1.81884 0.00207622
100 1.85643 1.81922 0.00208943
1 1.80463 1.80463 0
2 1.81175 1.80819 0.00356045
3 1.82035 1.81224 0.00454516
4 1.82944 1.81654 0.00536689
5 1.83815 1.82086 0.00599631
6 1.8459 1.82504 0.00643331
7 1.85237 1.82894 0.00669424
8 1.85739 1.8325 0.00680126
9 1.86087 1.83565 0.00677607
10 1.86273 1.83836 0.00663791
11 1.86288 1.84059 0.0064047
12 1.8613 1.84231 0.00609611
13 1.85807 1.84353 0.00573703
14 1.85348 1.84424 0.00535887
15 1.84814 1.8445 0.00499561
16 1.84288 1.8444 0.00467406
17 1.83861 1.84406 0.00440371
18 1.83605 1.84361 0.00417559
19 1.83561 1.84319 0.00397212
20 1.83734 1.8429 0.00377961
21 1.84123 1.84282 0.003596
22 1.84724 1.84302 0.00343453
23 1.85524 1.84355 0.00332451
24 1.86486 1.84444 0.00330455
25 1.87543 1.84568 0.00340337
26 1.88602 1.84723 0.00361928
27 1.89575 1.84903 0.00391892
28 1.90397 1.85099 0.00425573
29 1.91038 1.85304 0.00458871
30 1.91503 1.8551 0.00489108
31 1.91823 1.85714 0.00515034
32 1.92041 1.85912 0.00536451
33 1.92198 1.86102 0.00553741
34 1.92317 1.86285 0.00567453
35 1.92399 1.8646 0.00578028
36 1.92429 1.86625 0.00585703
37 1.92387 1.86781 0.00590554
38 1.92266 1.86925 0.00592648
39 1.92078 1.87058 0.00592179
40 1.91859 1.87178 0.00589532
41 1.91654 1.87287 0.00585248
42 1.91508 1.87387 0.0057992
43 1.91444 1.87482 0.00574078
44 1.91461 1.87572 0.00568125
45 1.91539 1.8766 0.00562311
46 1.91651 1.87747 0.00556753
47 1.91777 1.87833 0.00551486
48 1.91914 1.87918 0.00546529
49 1.92077 1.88003 0.00541946
50 1.92293 1.88088 0.00537886
51 1.92597 1.88177 0.00534594
52 1.93014 1.8827 0.00532401
53 1.93558 1.8837 0.00531705
54 1.94231 1.88478 0.00532937
55 1.95018 1.88597 0.005365
56 1.95894 1.88727 0.00542707
57 1.96826 1.88869 0.00551708
58 1.97776 1.89023 0.00563443
59 1.98708 1.89187 0.00577625
60 1.99585 1.89361 0.00593767
61 2.00377 1.89541 0.00611241
62 2.01061 1.89727 0.00629354
63 2.01621 1.89916 0.0064742
64 2.02047 1.90105 0.00664819
65 2.02338 1.90293 0.00681031
66 2.02495 1.90478 0.0069565
67 2.02525 1.90658 0.00708387
68 2.02435 1.90831 0.00719062
69 2.02234 1.90997 0.00727582
70 2.01928 1.91153 0.0073392
71 2.01518 1.91299 0.00738091
72 2.00996 1.91433 0.00740125
73 2.00348 1.91556 0.00740061
74 1.9956 1.91664 0.00737961
75 1.98625 1.91757 0.00733948
76 1.97561 1.91833 0.00728243
77 1.96405 1.91892 0.00721171
78 1.95204 1.91935 0.0071313
79 1.94014 1.91961 0.00704537
80 1.92928 1.91973 0.00695779
81 1.92131 1.91975 0.00687139
82 1.91897 1.91974 0.00678708
83 1.92435 1.9198 0.00670504
84 1.93708 1.92 0.00662793
85 1.95413 1.9204 0.00656179
86 1.97171 1.921 0.00651242
87 1.98713 1.92176 0.00648185
88 1.99938 1.92264 0.0064682
89 2.00858 1.92361 0.0064676
90 2.01536 1.92463 0.00647607
91 2.02038 1.92568 0.00649038
92 2.02422 1.92675 0.00650818
93 2.02724 1.92783 0.00652787
94 2.02968 1.92892 0.00654831
95 2.0317 1.93 0.00656873
96 2.0334 1.93107 0.00658859
97 2.03492 1.93214 0.00660761
98 2.03634 1.93321 0.0066257
99 2.03776 1.93426 0.00664291
100 2.03921 1.93531 0.00665936
1 1.80132 1.80132 0
2 1.80269 1.802 0.000684883
3 1.80387 1.80263 0.000737348
4 1.80465 1.80313 0.00072689
5 1.80481 1.80347 0.000655346
6 1.80415 1.80358 0.000547175
7 1.80258 1.80344 0.000483979
8 1.80013 1.80303 0.000589266
9 1.79698 1.80235 0.000849289
10 1.79351 1.80147 0.00116616
11 1.79017 1.80044 0.00147207
12 1.78746 1.79936 0.00172501
13 1.78574 1.79831 0.00190149
14 1.78518 1.79737 0.00199476
15 1.78576 1.7966 0.00201199
16 1.7873 1.79602 0.00196979
17 1.78953 1.79564 0.00188929
18 1.79215 1.79544 0.00179176
19 1.79486 1.79541 0.00169512
20 1.79739 1.79551 0.00161116
21 1.79953 1.7957 0.00154444
22 1.80117 1.79595 0.00149343
23 1.80228 1.79623 0.00145332
24 1.80292 1.79651 0.00141915
25 1.80322 1.79677 0.00138748
26 1.80334 1.79703 0.00135673
27 1.80339 1.79726 0.0013266
28 1.80345 1.79748 0.00129731
29 1.80351 1.79769 0.00126893
30 1.80348 1.79788 0.00124102
31 1.80321 1.79806 0.00121255
32 1.8025 1.79819 0.00118224
33 1.80117 1.79829 0.00114939
34 1.79906 1.79831 0.0011153
35 1.79609 1.79824 0.00108482
36 1.7923 1.79808 0.00106711
37 1.78787 1.7978 0.00107393
38 1.78311 1.79742 0.00111449
39 1.77844 1.79693 0.00118961
40 1.77424 1.79636 0.0012908
41 1.77077 1.79574 0.00140521
42 1.76808 1.79508 0.00152125
43 1.7661 1.79441 0.00163123
44 1.7647 1.79373 0.00173081
45 1.76386 1.79307 0.00181743
46 1.76364 1.79243 0.00188906
47 1.76411 1.79183 0.00194413
48 1.76524 1.79127 0.00198212
49 1.76685 1.79077 0.00200423
50 1.76859 1.79033 0.00201321
51 1.77012 1.78993 0.00201273
52 1.77114 1.78957 0.00200648
53 1.77148 1.78923 0.00199762
54 1.77116 1.7889 0.00198864
55 1.77026 1.78856 0.00198134
56 1.7689 1.78821 0.00197705
57 1.76721 1.78784 0.00197667
58 1.76525 1.78745 0.00198095
59 1.76306 1.78703 0.00199049
60 1.76069 1.7866 0.0020057
61 1.7583 1.78613 0.00202633
62 1.75632 1.78565 0.00205054
63 1.75548 1.78517 0.0020738
64 1.75667 1.78473 0.00208915
65 1.76065 1.78436 0.00208986
66 1.76751 1.7841 0.00207372
67 1.7766 1.78399 0.0020456
68 1.78673 1.78403 0.00201569
69 1.79665 1.78421 0.00199467
70 1.80548 1.78452 0.0019893
71 1.81275 1.78491 0.00200098
72 1.81838 1.78538 0.00202702
73 1.82252 1.78589 0.00206279
74 1.82538 1.78642 0.00210354
75 1.82719 1.78696 0.0021453
76 1.82814 1.78751 0.00218509
77 1.82836 1.78804 0.00222084
78 1.82794 1.78855 0.00225109
79 1.82691 1.78903 0.00227484
80 1.82526 1.78949 0.0022914
81 1.82295 1.7899 0.00230033
82 1.81993 1.79027 0.00230142
83 1.81615 1.79058 0.00229482
84 1.81158 1.79083 0.00228108
85 1.8062 1.79101 0.00226133
86 1.80006 1.79111 0.00223735
87 1.79326 1.79114 0.00221163
88 1.78598 1.79108 0.00218713
89 1.77844 1.79094 0.00216708
90 1.77088 1.79072 0.00215443
91 1.76355 1.79042 0.00215143
92 1.7567 1.79005 0.00215924
93 1.75061 1.78963 0.00217758
94 1.74563 1.78916 0.00220456
95 1.74219 1.78866 0.00223655
96 1.74076 1.78816 0.00226869
97 1.74159 1.78768 0.00229595
98 1.74462 1.78725 0.00231451
99 1.74939 1.78686 0.0023227
100 1.75523 1.78655 0.00232101
1 1.80586 1.80586 0
2 1.81181 1.80883 0.00297159
3 1.81715 1.81161 0.00326093
4 1.82165 1.81412 0.00340868
5 1.82506 1.81631 0.00342995
6 1.82715 1.81811 0.00333263
7 1.82761 1.81947 0.00312645
8 1.82621 1.82031 0.00283576
9 1.82286 1.8206 0.00251683
10 1.8178 1.82032 0.00226841
11 1.81183 1.81955 0.00219199
12 1.80631 1.81844 0.00228466
13 1.80287 1.81724 0.00241899
14 1.80275 1.81621 0.00246719
15 1.80622 1.81554 0.00239146
16 1.81242 1.81535 0.00224549
17 1.81992 1.81562 0.00212637
18 1.82735 1.81627 0.00210808
19 1.83382 1.81719 0.00219758
20 1.83896 1.81828 0.00235169
21 1.84275 1.81945 0.00252227
22 1.84539 1.82063 0.00267837
23 1.84707 1.82178 0.00280564
24 1.848 1.82287 0.00289991
25 1.84832 1.82389 0.00296196
26 1.84813 1.82482 0.00299458
27 1.84745 1.82566 0.00300102
28 1.8463 1.82639 0.00298438
29 1.84463 1.82702 0.00294751
30 1.84237 1.82753 0.00289317
31 1.83944 1.82792 0.0028245
32 1.83572 1.82816 0.00274564
33 1.83111 1.82825 0.00266264
34 1.82554 1.82817 0.00258437
35 1.81896 1.82791 0.0025232
36 1.81144 1.82745 0.0024944
37 1.80315 1.82679 0.00251335
38 1.79445 1.82594 0.00259017
39 1.78588 1.82492 0.00272405
40 1.77816 1.82375 0.00290101
41 1.77212 1.82249 0.00309693
42 1.76853 1.8212 0.003284
43 1.76793 1.81996 0.00343776
44 1.77045 1.81884 0.00354225
45 1.7758 1.81788 0.00359228
46 1.78334 1.81713 0.00359267
47 1.7922 1.8166 0.00355519
48 1.80151 1.81629 0.00349452
49 1.81051 1.81617 0.00342449
50 1.81867 1.81622 0.00335567
51 1.82566 1.8164 0.00329442
52 1.83135 1.81669 0.00324321
53 1.83575 1.81705 0.00320168
54 1.83892 1.81746 0.00316784
55 1.841 1.81788 0.00313904
56 1.84211 1.81832 0.00311269
57 1.84237 1.81874 0.00308657
58 1.84189 1.81914 0.00305904
59 1.84077 1.8195 0.00302902
60 1.83913 1.81983 0.00299601
61 1.83708 1.82011 0.00296002
62 1.83476 1.82035 0.00292145
63 1.83232 1.82054 0.00288098
64 1.82993 1.82069 0.00283939
65 1.82772 1.8208 0.00279746
66 1.82577 1.82087 0.00275578
67 1.82408 1.82092 0.00271476
68 1.82254 1.82094 0.00267465
69 1.82093 1.82094 0.0026356
70 1.81895 1.82091 0.00259783
71 1.81634 1.82085 0.00256179
72 1.81294 1.82074 0.00252834
73 1.80884 1.82058 0.00249879
74 1.80445 1.82036 0.00247442
75 1.80052 1.82009 0.00245549
76 1.79797 1.8198 0.00244039
77 1.79746 1.81951 0.0024259
78 1.79912 1.81925 0.00240883
79 1.80237 1.81904 0.00238772
80 1.80626 1.81888 0.0023631
81 1.80981 1.81877 0.00233643
82 1.81243 1.81869 0.00230905
83 1.81405 1.81863 0.00228175
84 1.81505 1.81859 0.00225482
85 1.81607 1.81856 0.00222834
86 1.8177 1.81855 0.00220229
87 1.82028 1.81857 0.00217692
88 1.82374 1.81863 0.00215285
89 1.82768 1.81873 0.00213095
90 1.83158 1.81887 0.00211197
91 1.83494 1.81905 0.00209608
92 1.83746 1.81925 0.00208281
93 1.83903 1.81946 0.00207124
94 1.83969 1.81968 0.00206036
95 1.83962 1.81989 0.00204934
96 1.83903 1.82009 0.00203766
97 1.83813 1.82027 0.0020251
98 1.8371 1.82044 0.00201167
99 1.8361 1.8206 0.00199752
100 1.83527 1.82075 0.00198287
1 1.79947 1.79947 0
2 1.79935 1.79941 5.7943e-05
3 1.79983 1.79955 0.000143672
4 1.80101 1.79992 0.000378775
5 1.80292 1.80052 0.000669269
6 1.80548 1.80135 0.000991481
7 1.80847 1.80236 0.00131854
8 1.81159 1.80352 0.00162254
9 1.81447 1.80473 0.00187866
10 1.81679 1.80594 0.00206833
11 1.81827 1.80706 0.00218106
12 1.81871 1.80803 0.00221517
13 1.81803 1.8088 0.00217798
14 1.81626 1.80933 0.00208566
15 1.81359 1.80962 0.00196221
16 1.81032 1.80966 0.00183601
17 1.80694 1.8095 0.00173206
18 1.80396 1.80919 0.00166181
19 1.80188 1.80881 0.00161836
20 1.80105 1.80842 0.00158351
21 1.80157 1.80809 0.00154111
22 1.80327 1.80788 0.00148569
23 1.80577 1.80778 0.00142259
24 1.80864 1.80782 0.00136249
25 1.81151 1.80797 0.00131517
26 1.81415 1.8082 0.00128578
27 1.81651 1.80851 0.00127487
28 1.81867 1.80888 0.00128093
29 1.82084 1.80929 0.00130296
30 1.82323 1.80975 0.00134179
31 1.82603 1.81028 0.00139995
32 1.82934 1.81087 0.00148059
33 1.83316 1.81155 0.00158599
34 1.83741 1.81231 0.00171633
35 1.84193 1.81315 0.00186921
36 1.84658 1.81408 0.00204005
37 1.85118 1.81509 0.00222307
38 1.8556 1.81615 0.00241216
39 1.85973 1.81727 0.00260161
40 1.86348 1.81842 0.00278647
41 1.86679 1.8196 0.00296262
42 1.86961 1.82079 0.00312677
43 1.8719 1.82198 0.00327633
44 1.87361 1.82316 0.00340928
45 1.87471 1.8243 0.0035241
46 1.87517 1.82541 0.00361969
47 1.87494 1.82646 0.00369533
48 1.874 1.82745 0.00375066
49 1.87233 1.82837 0.00378579
50 1.86993 1.8292 0.00380128
51 1.8668 1.82994 0.00379823
52 1.863 1.83057 0.00377834
53 1.85861 1.8311 0.00374392
54 1.85377 1.83152 0.00369784
55 1.84867 1.83183 0.00364336
56 1.84357 1.83204 0.00358384
57 1.83874 1.83216 0.00352236
58 1.83451 1.8322 0.00346134
59 1.83115 1.83218 0.00340221
60 1.82889 1.83213 0.00334548
61 1.82784 1.83206 0.00329093
62 1.82799 1.83199 0.00323808
63 1.82921 1.83195 0.00318657
64 1.83129 1.83194 0.0031364
65 1.8339 1.83197 0.00308792
66 1.8367 1.83204 0.00304162
67 1.83932 1.83215 0.00299785
68 1.84136 1.83228 0.00295654
69 1.84246 1.83243 0.00291711
70 1.84231 1.83257 0.0028786
71 1.84068 1.83269 0.00284006
72 1.83747 1.83275 0.00280113
73 1.83274 1.83275 0.00276249
74 1.82674 1.83267 0.00272611
75 1.81994 1.8325 0.00269487
76 1.81299 1.83225 0.00267154
77 1.80667 1.83191 0.00265745
78 1.80178 1.83153 0.00265146
79 1.79898 1.83111 0.0026499
80 1.7987 1.83071 0.00264776
81 1.80098 1.83034 0.00264049
82 1.80555 1.83004 0.00262556
83 1.81186 1.82982 0.00260297
84 1.81928 1.8297 0.00257485
85 1.82717 1.82967 0.00254455
86 1.83498 1.82973 0.00251555
87 1.8423 1.82987 0.00249066
88 1.84884 1.83009 0.00247161
89 1.85441 1.83036 0.00245891
90 1.8589 1.83068 0.00245203
91 1.86228 1.83103 0.00244967
92 1.86455 1.83139 0.00245014
93 1.86574 1.83176 0.00245164
94 1.86592 1.83212 0.0024525
95 1.86519 1.83247 0.00245139
96 1.86366 1.8328 0.00244737
97 1.86145 1.83309 0.00243996
98 1.85872 1.83335 0.00242906
99 1.85564 1.83358 0.00241491
100 1.85236 1.83377 0.002398
1 1.79685 1.79685 0
2 1.79363 1.79524 0.00161095
3 1.79059 1.79369 0.0018068
4 1.78779 1.79222 0.00195018
5 1.78526 1.79083 0.00205287
6 1.78301 1.78952 0.00212308
7 1.78102 1.78831 0.00216647
8 1.77933 1.78719 0.00218654
9 1.77793 1.78616 0.00218523
10 1.77688 1.78523 0.00216351
11 1.7762 1.78441 0.00212213
12 1.77592 1.7837 0.0020623
13 1.77605 1.78311 0.00198617
14 1.77659 1.78265 0.00189701
15 1.77749 1.7823 0.00179919
16 1.7787 1.78208 0.00169797
17 1.78016 1.78197 0.00159896
18 1.78177 1.78195 0.00150756
19 1.78343 1.78203 0.00142813
20 1.78506 1.78218 0.00136329
21 1.78656 1.78239 0.0013134
22 1.78786 1.78264 0.00127667
23 1.7889 1.78291 0.00124987
24 1.78969 1.78319 0.00122951
25 1.79028 1.78348 0.00121289
26 1.7908 1.78376 0.00119884
27 1.79141 1.78404 0.00118791
28 1.79232 1.78434 0.00118222
29 1.79365 1.78466 0.00118505
30 1.79545 1.78502 0.0012
31 1.79758 1.78542 0.00122934
32 1.79975 1.78587 0.00127172
33 1.80153 1.78635 0.00132071
34 1.80241 1.78682 0.00136558
35 1.80193 1.78725 0.00139455
36 1.79978 1.7876 0.0013992
37 1.79584 1.78782 0.00137898
38 1.79037 1.78789 0.00134388
39 1.78394 1.78779 0.00131288
40 1.77738 1.78753 0.00130582
41 1.77161 1.78714 0.00133145
42 1.76736 1.78667 0.00138207
43 1.76514 1.78617 0.00143944
44 1.76521 1.78569 0.00148478
45 1.76768 1.78529 0.0015056
46 1.77235 1.78501 0.00149914
47 1.77863 1.78487 0.00147315
48 1.7855 1.78489 0.00144219
49 1.79167 1.78503 0.00141922
50 1.79594 1.78524 0.00140758
51 1.79743 1.78548 0.00140025
52 1.79579 1.78568 0.00138728
53 1.79124 1.78579 0.0013649
54 1.78461 1.78576 0.00133956
55 1.77713 1.78561 0.0013243
56 1.77016 1.78533 0.00132938
57 1.76477 1.78497 0.00135477
58 1.76156 1.78457 0.00139103
59 1.76068 1.78416 0.00142594
60 1.76197 1.78379 0.00144995
61 1.76517 1.78349 0.00145829
62 1.76996 1.78327 0.00145106
63 1.77591 1.78315 0.00143261
64 1.78248 1.78314 0.00141008
65 1.78907 1.78323 0.00139121
66 1.79512 1.78341 0.00138176
67 1.8002 1.78366 0.00138386
68 1.80408 1.78396 0.00139602
69 1.80668 1.78429 0.0014145
70 1.8081 1.78463 0.00143503
71 1.8085 1.78497 0.00145406
72 1.80808 1.78529 0.00146921
73 1.80703 1.78559 0.00147924
74 1.80556 1.78586 0.00148386
75 1.80384 1.7861 0.00148345
76 1.80207 1.78631 0.0014788
77 1.80044 1.78649 0.00147096
78 1.79916 1.78665 0.00146104
79 1.7984 1.7868 0.00145006
80 1.79829 1.78695 0.00143901
81 1.79892 1.78709 0.00142879
82 1.8003 1.78725 0.00142043
83 1.80241 1.78744 0.00141504
84 1.80512 1.78765 0.00141385
85 1.80829 1.78789 0.00141806
86 1.81169 1.78817 0.00142853
87 1.8151 1.78848 0.00144555
88 1.81829 1.78882 0.00146864
89 1.82108 1.78918 0.00149663
90 1.82333 1.78956 0.00152778
91 1.82494 1.78995 0.00156013
92 1.82589 1.79034 0.00159177
93 1.8262 1.79072 0.0016211
94 1.82593 1.7911 0.00164691
95 1.82515 1.79146 0.00166846
96 1.82398 1.79179 0.0016854
97 1.82252 1.79211 0.00169774
98 1.82087 1.7924 0.00170576
99 1.81911 1.79267 0.00170986
100 1.81732 1.79292 0.00171052
1 1.7983 1.7983 0
2 1.79655 1.79742 0.000876938
3 1.79482 1.79656 0.00100486
4 1.79309 1.79569 0.0011209
5 1.79131 1.79481 0.00123358
6 1.78944 1.79392 0.00134725
7 1.78751 1.793 0.00146064
8 1.78563 1.79208 0.00156479
9 1.78406 1.79119 0.00164257
10 1.7832 1.79039 0.00167221
11 1.78351 1.78977 0.00163688
12 1.78533 1.7894 0.0015393
13 1.78874 1.78935 0.00141686
14 1.79344 1.78964 0.00134395
15 1.79884 1.79025 0.0013935
16 1.80423 1.79113 0.00156927
17 1.80896 1.79218 0.00180932
18 1.81257 1.79331 0.0020477
19 1.81479 1.79444 0.00224288
20 1.81559 1.7955 0.00237615
21 1.81505 1.79643 0.00244448
22 1.81338 1.7972 0.00245481
23 1.81088 1.79779 0.00241993
24 1.80794 1.79822 0.00235517
25 1.80502 1.79849 0.00227532
26 1.8026 1.79865 0.00219177
27 1.80117 1.79874 0.00211111
28 1.80112 1.79882 0.00203609
29 1.80263 1.79896 0.001969
30 1.80568 1.79918 0.00191537
31 1.80999 1.79953 0.00188507
32 1.8151 1.80002 0.00188896
33 1.82045 1.80063 0.00193268
34 1.82544 1.80136 0.00201191
35 1.82953 1.80217 0.00211287
36 1.83229 1.80301 0.00221732
37 1.83346 1.80383 0.00230827
38 1.833 1.8046 0.00237422
39 1.8312 1.80528 0.00241104
40 1.82868 1.80586 0.00242171
41 1.82628 1.80636 0.00241385
42 1.82489 1.8068 0.00239662
43 1.82507 1.80723 0.00237848
44 1.82695 1.80768 0.00236663
45 1.83013 1.80817 0.00236663
46 1.83391 1.80873 0.00238126
47 1.83755 1.80935 0.00240934
48 1.84041 1.80999 0.00244578
49 1.84212 1.81065 0.00248342
50 1.84254 1.81129 0.00251543
51 1.84179 1.81189 0.00253714
52 1.84022 1.81243 0.00254685
53 1.83829 1.81292 0.00254552
54 1.83652 1.81336 0.0025359
55 1.83541 1.81376 0.00252145
56 1.83527 1.81414 0.00250566
57 1.83623 1.81453 0.00249163
58 1.83817 1.81494 0.002482
59 1.84081 1.81537 0.00247868
60 1.84378 1.81585 0.00248258
61 1.84672 1.81635 0.00249344
62 1.84934 1.81689 0.00250994
63 1.85148 1.81744 0.00253009
64 1.85305 1.81799 0.00255168
65 1.85407 1.81855 0.00257269
66 1.85458 1.81909 0.00259158
67 1.8547 1.81962 0.00260734
68 1.85453 1.82014 0.00261951
69 1.85425 1.82063 0.00262819
70 1.85402 1.82111 0.00263391
71 1.85401 1.82157 0.00263757
72 1.85438 1.82203 0.00264029
73 1.85522 1.82248 0.00264327
74 1.85655 1.82294 0.00264765
75 1.85829 1.82341 0.00265429
76 1.86025 1.8239 0.00266359
77 1.86218 1.8244 0.00267537
78 1.86381 1.8249 0.00268875
79 1.86484 1.82541 0.00270222
80 1.86507 1.8259 0.00271389
81 1.86432 1.82638 0.00272181
82 1.86254 1.82682 0.00272434
83 1.85978 1.82722 0.00272047
84 1.85621 1.82756 0.00270997
85 1.8521 1.82785 0.00269341
86 1.84778 1.82808 0.00267197
87 1.84365 1.82826 0.00264714
88 1.84009 1.82839 0.00262033
89 1.83742 1.8285 0.00259271
90 1.83586 1.82858 0.00256504
91 1.83549 1.82865 0.00253783
92 1.83622 1.82874 0.00251145
93 1.83779 1.82883 0.0024862
94 1.83979 1.82895 0.00246237
95 1.84178 1.82908 0.00244005
96 1.84342 1.82923 0.00241911
97 1.84458 1.82939 0.00239926
98 1.84531 1.82955 0.00238021
99 1.84581 1.82972 0.00236176
100 1.84621 1.82988 0.00234383
1 1.80019 1.80019 0
2 1.80019 1.80019 2.98023e-08
3 1.79985 1.80008 0.000112008
4 1.7992 1.79986 0.000233226
5 1.79845 1.79958 0.000334517
6 1.79796 1.79931 0.000384056
7 1.79805 1.79913 0.000371298
8 1.79886 1.79909 0.000323267
9 1.8003 1.79923 0.000315084
10 1.80205 1.79951 0.00039878
11 1.80368 1.79989 0.000523541
12 1.8048 1.8003 0.000628952
13 1.80507 1.80067 0.000685225
14 1.80434 1.80093 0.000686422
15 1.80256 1.80104 0.000648208
16 1.79985 1.80096 0.000610884
17 1.79642 1.80069 0.000632997
18 1.79257 1.80024 0.000748159
19 1.78864 1.79963 0.000934701
20 1.78494 1.7989 0.00115142
21 1.78173 1.79808 0.00136665
22 1.77916 1.79722 0.00156124
23 1.77727 1.79635 0.00172557
24 1.776 1.79551 0.00185698
25 1.77521 1.79469 0.00195743
26 1.77472 1.79393 0.00203156
27 1.77436 1.7932 0.00208492
28 1.77402 1.79252 0.00212271
29 1.77367 1.79187 0.00214883
30 1.77339 1.79125 0.00216537
31 1.77335 1.79067 0.0021725
32 1.77375 1.79014 0.00216899
33 1.77477 1.78968 0.00215323
34 1.77651 1.78929 0.00212455
35 1.7789 1.78899 0.00208419
36 1.78177 1.78879 0.00203539
37 1.78482 1.78869 0.00198252
38 1.78778 1.78866 0.00192979
39 1.79039 1.78871 0.00188019
40 1.79249 1.7888 0.00183502
41 1.79398 1.78893 0.00179416
42 1.79485 1.78907 0.00175659
43 1.79513 1.78921 0.00172104
44 1.79487 1.78934 0.00168638
45 1.79414 1.78944 0.00165192
46 1.79301 1.78952 0.00161747
47 1.79156 1.78957 0.00158327
48 1.78984 1.78957 0.00154994
49 1.78791 1.78954 0.00151836
50 1.78584 1.78946 0.00148952
51 1.78364 1.78935 0.00146448
52 1.78136 1.7892 0.00144423
53 1.779 1.789 0.00142971
54 1.77654 1.78877 0.00142184
55 1.7739 1.7885 0.00142172
56 1.77094 1.78819 0.0014309
57 1.76746 1.78782 0.00145187
58 1.76319 1.7874 0.00148849
59 1.75785 1.7869 0.0015464
60 1.75122 1.7863 0.00163253
61 1.74338 1.7856 0.00175301
62 1.73486 1.78478 0.00190887
63 1.72685 1.78386 0.00209131
64 1.72104 1.78288 0.00228048
65 1.71892 1.7819 0.00245129
66 1.72109 1.78098 0.00258373
67 1.7268 1.78017 0.00267022
68 1.73446 1.7795 0.00271519
69 1.74233 1.77896 0.00272924
70 1.7492 1.77853 0.00272335
71 1.7545 1.77819 0.00270598
72 1.75813 1.77791 0.00268265
73 1.76028 1.77767 0.00265665
74 1.76122 1.77745 0.00262992
75 1.76125 1.77723 0.00260359
76 1.76063 1.77702 0.00257838
77 1.75957 1.77679 0.00255474
78 1.75828 1.77655 0.00253292
79 1.75691 1.7763 0.00251297
80 1.75562 1.77604 0.0024948
81 1.75451 1.77578 0.00247811
82 1.75367 1.77551 0.0024625
83 1.75318 1.77524 0.00244748
84 1.75306 1.77498 0.00243255
85 1.7533 1.77472 0.00241725
86 1.75387 1.77448 0.00240125
87 1.75471 1.77425 0.00238434
88 1.75573 1.77404 0.00236647
89 1.75683 1.77385 0.00234771
90 1.75791 1.77367 0.00232822
91 1.75889 1.77351 0.00230821
92 1.75967 1.77336 0.00228793
93 1.76019 1.77322 0.00226762
94 1.7604 1.77308 0.00224751
95 1.76029 1.77295 0.00222779
96 1.75987 1.77281 0.00220867
97 1.75919 1.77267 0.00219029
98 1.75831 1.77252 0.00217276
99 1.75734 1.77237 0.00215617
100 1.75636 1.77221 0.00214049
1 1.7991 1.7991 0
2 1.79824 1.79867 0.000432691
3 1.79742 1.79826 0.000485361
4 1.79659 1.79784 0.000539896
5 1.79565 1.7974 0.000605088
6 1.79456 1.79693 0.000684598
7 1.79332 1.79641 0.000775315
8 1.79203 1.79586 0.000866895
9 1.79088 1.79531 0.000943803
10 1.79014 1.79479 0.00098984
11 1.79005 1.79436 0.000993954
12 1.79076 1.79406 0.000955835
13 1.79229 1.79392 0.000889734
14 1.79452 1.79397 0.000824829
15 1.7972 1.79418 0.000797625
16 1.80006 1.79455 0.000831634
17 1.80282 1.79504 0.000920391
18 1.80529 1.79561 0.00103809
19 1.80734 1.79622 0.00115986
20 1.80889 1.79686 0.00126949
21 1.80992 1.79748 0.00135841
22 1.81045 1.79807 0.00142309
23 1.81048 1.79861 0.00146298
24 1.81003 1.79908 0.00147935
25 1.80911 1.79949 0.00147454
26 1.80774 1.7998 0.00145181
27 1.80593 1.80003 0.00141534
28 1.80375 1.80016 0.00137029
29 1.80125 1.8002 0.00132273
30 1.79858 1.80015 0.00127902
31 1.7959 1.80001 0.00124463
32 1.7934 1.7998 0.00122266
33 1.79128 1.79955 0.00121288
34 1.78968 1.79925 0.0012119
35 1.78874 1.79895 0.00121454
36 1.78851 1.79866 0.00121547
37 1.78906 1.7984 0.00121035
38 1.79043 1.79819 0.00119664
39 1.79264 1.79805 0.00117423
40 1.79564 1.79799 0.00114608
41 1.79928 1.79802 0.00111822
42 1.80328 1.79815 0.00109842
43 1.8073 1.79836 0.00109349
44 1.81102 1.79865 0.00110643
45 1.81421 1.79899 0.00113551
46 1.81677 1.79938 0.00117583
47 1.81872 1.79979 0.00122193
48 1.82023 1.80022 0.00126974
49 1.82151 1.80065 0.00131728
50 1.82277 1.8011 0.00136433
51 1.82418 1.80155 0.00141186
52 1.82587 1.80202 0.00146131
53 1.82783 1.8025 0.00151393
54 1.82999 1.80301 0.00157041
55 1.83222 1.80354 0.00163047
56 1.83432 1.80409 0.00169277
57 1.83606 1.80465 0.00175485
58 1.83716 1.80521 0.00181314
59 1.83726 1.80576 0.00186307
60 1.83588 1.80626 0.0018993
61 1.83248 1.80669 0.00191671
62 1.82662 1.80701 0.00191275
63 1.81833 1.80719 0.0018907
64 1.80865 1.80721 0.00186106
65 1.79998 1.8071 0.00183558
66 1.79552 1.80693 0.00181606
67 1.79753 1.80679 0.00179423
68 1.80571 1.80677 0.00176772
69 1.81735 1.80692 0.00174864
70 1.82912 1.80724 0.0017524
71 1.83871 1.80768 0.00178351
72 1.84521 1.8082 0.00183419
73 1.84871 1.80876 0.00189209
74 1.84978 1.80931 0.00194692
75 1.84909 1.80984 0.00199267
76 1.84732 1.81034 0.00202715
77 1.84501 1.81079 0.00205071
78 1.84266 1.8112 0.00206508
79 1.84062 1.81157 0.00207252
80 1.8392 1.81191 0.00207539
81 1.83859 1.81224 0.0020759
82 1.83891 1.81257 0.00207605
83 1.84019 1.8129 0.00207771
84 1.8424 1.81325 0.00208263
85 1.84544 1.81363 0.00209254
86 1.84919 1.81404 0.00210899
87 1.85347 1.8145 0.0021333
88 1.85812 1.81499 0.0021664
89 1.86294 1.81553 0.00220863
90 1.86775 1.81611 0.0022597
91 1.87234 1.81673 0.00231858
92 1.87652 1.81738 0.00238354
93 1.88007 1.81805 0.00245224
94 1.88276 1.81874 0.00252177
95 1.88433 1.81943 0.00258883
96 1.8845 1.82011 0.00264987
97 1.88301 1.82076 0.00270139
98 1.87961 1.82136 0.00274028
99 1.87419 1.82189 0.00276445
100 1.86687 1.82234 0.00277338
1 1.79165 1.79165 0
2 1.78246 1.78705 0.00459781
3 1.77394 1.78268 0.00511375
4 1.76715 1.7788 0.00530532
5 1.76272 1.77558 0.00521794
6 1.76071 1.7731 0.0049296
7 1.76072 1.77134 0.00452634
8 1.76224 1.7702 0.0040814
9 1.76484 1.7696 0.00364836
10 1.76828 1.76947 0.00326589
11 1.77247 1.76974 0.00296667
12 1.77742 1.77038 0.00278273
13 1.78311 1.77136 0.0027405
14 1.7894 1.77265 0.00284574
15 1.79603 1.77421 0.00307384
16 1.80259 1.77598 0.00337829
17 1.80859 1.7779 0.00370807
18 1.81362 1.77989 0.00402003
19 1.81735 1.78186 0.00428351
20 1.8196 1.78375 0.00448042
21 1.8203 1.78549 0.00460343
22 1.8195 1.78703 0.00465356
23 1.81735 1.78835 0.0046379
24 1.81403 1.78942 0.00456759
25 1.80978 1.79023 0.0044561
26 1.8048 1.79079 0.00431779
27 1.79932 1.79111 0.00416677
28 1.7935 1.7912 0.00401611
29 1.78753 1.79107 0.00387721
30 1.78164 1.79076 0.00375891
31 1.77612 1.79028 0.00366615
32 1.77136 1.78969 0.00359865
33 1.76768 1.78902 0.00355111
34 1.76523 1.78832 0.00351547
35 1.7639 1.78763 0.00348414
36 1.76339 1.78695 0.00345224
37 1.76328 1.78631 0.00341804
38 1.76314 1.7857 0.00338229
39 1.76259 1.78511 0.00334731
40 1.76132 1.78452 0.00331633
41 1.75916 1.7839 0.00329302
42 1.75614 1.78324 0.0032809
43 1.7525 1.78252 0.00328245
44 1.74863 1.78175 0.00329821
45 1.74492 1.78093 0.00332637
46 1.74167 1.78008 0.00336339
47 1.739 1.77921 0.00340512
48 1.73696 1.77833 0.00344765
49 1.73556 1.77745 0.00348751
50 1.7349 1.7766 0.00352142
51 1.73516 1.77579 0.00354605
52 1.7365 1.77503 0.00355832
53 1.73902 1.77435 0.00355606
54 1.7426 1.77377 0.00353878
55 1.74697 1.77328 0.00350784
56 1.75173 1.77289 0.00346605
57 1.75648 1.77261 0.00341685
58 1.76088 1.7724 0.00336351
59 1.76471 1.77227 0.00330858
60 1.76785 1.7722 0.00325381
61 1.77029 1.77217 0.00320017
62 1.77204 1.77217 0.00314814
63 1.77315 1.77218 0.0030978
64 1.77366 1.77221 0.0030491
65 1.77359 1.77223 0.0030019
66 1.77294 1.77224 0.00295609
67 1.7717 1.77223 0.00291164
68 1.76983 1.77219 0.00286872
69 1.76725 1.77212 0.00282775
70 1.7639 1.77201 0.00278953
71 1.75972 1.77183 0.00275541
72 1.75466 1.77159 0.00272731
73 1.7488 1.77128 0.00270776
74 1.7423 1.77089 0.00269947
75 1.73555 1.77042 0.0027046
76 1.72908 1.76987 0.00272364
77 1.72355 1.76927 0.00275454
78 1.71958 1.76864 0.00279265
79 1.71759 1.76799 0.00283179
80 1.71766 1.76736 0.00286607
81 1.71953 1.76677 0.00289142
82 1.72268 1.76623 0.00290612
83 1.7265 1.76575 0.00291052
84 1.73046 1.76533 0.0029062
85 1.73413 1.76497 0.00289518
86 1.73724 1.76464 0.00287941
87 1.73969 1.76436 0.00286054
88 1.74146 1.7641 0.00283978
89 1.74261 1.76386 0.00281806
90 1.74322 1.76363 0.00279599
91 1.7434 1.7634 0.00277402
92 1.74325 1.76319 0.00275243
93 1.74286 1.76297 0.00273143
94 1.74229 1.76275 0.00271115
95 1.74161 1.76252 0.00269168
96 1.74084 1.7623 0.00267305
97 1.74 1.76207 0.00265533
98 1.73909 1.76183 0.00263853
99 1.73811 1.76159 0.00262271
100 1.73699 1.76135 0.00260798
1 1.79865 1.79865 0
2 1.79686 1.79775 0.000897188
3 1.7945 1.79667 0.00120311
4 1.79135 1.79534 0.00157769
5 1.78721 1.79371 0.00203411
6 1.78189 1.79174 0.00257666
7 1.77536 1.7894 0.00319658
8 1.76779 1.7867 0.00386807
9 1.75965 1.7837 0.00454665
10 1.75174 1.7805 0.00517225
11 1.74509 1.77728 0.0056792
12 1.74075 1.77424 0.00601208
13 1.73948 1.77156 0.00614252
14 1.74149 1.76941 0.00607916
15 1.74632 1.76788 0.0058651
16 1.75309 1.76695 0.00556362
17 1.76071 1.76658 0.00523898
18 1.76824 1.76668 0.00494021
19 1.77498 1.76711 0.00469339
20 1.78057 1.76779 0.00450308
21 1.78487 1.7686 0.00435989
22 1.78796 1.76948 0.0042491
23 1.78996 1.77037 0.00415664
24 1.79103 1.77123 0.00407173
25 1.79131 1.77203 0.00398722
26 1.79089 1.77276 0.00389886
27 1.78982 1.77339 0.00380453
28 1.78813 1.77392 0.00370372
29 1.78584 1.77433 0.00359729
30 1.78302 1.77462 0.00348738
31 1.77982 1.77479 0.00337719
32 1.77649 1.77484 0.00327038
33 1.77337 1.7748 0.00317004
34 1.77092 1.77468 0.0030775
35 1.76956 1.77454 0.00299186
36 1.76958 1.7744 0.00291083
37 1.77106 1.77431 0.00283251
38 1.77381 1.77429 0.00275699
39 1.77746 1.77438 0.0026866
40 1.78154 1.77455 0.00262468
41 1.78558 1.77482 0.00257394
42 1.78922 1.77517 0.00253519
43 1.7922 1.77556 0.00250702
44 1.79436 1.77599 0.00248637
45 1.79561 1.77643 0.00246927
46 1.79588 1.77685 0.00245174
47 1.79515 1.77724 0.00243039
48 1.79339 1.77757 0.00240291
49 1.79063 1.77784 0.0023684
50 1.78689 1.77802 0.0023276
51 1.78227 1.7781 0.00228302
52 1.77691 1.77808 0.00223881
53 1.77104 1.77795 0.00220018
54 1.76494 1.77771 0.00217245
55 1.75895 1.77737 0.00215969
56 1.75337 1.77694 0.00216364
57 1.74845 1.77644 0.00218333
58 1.74435 1.77589 0.00221556
59 1.74111 1.7753 0.00225603
60 1.73873 1.77469 0.00230033
61 1.73716 1.77407 0.00234446
62 1.73641 1.77346 0.00238498
63 1.73657 1.77288 0.0024188
64 1.73777 1.77233 0.0024431
65 1.74017 1.77183 0.00245557
66 1.74389 1.77141 0.00245487
67 1.74888 1.77107 0.00244123
68 1.75489 1.77084 0.00241682
69 1.76146 1.7707 0.00238541
70 1.76804 1.77066 0.00235139
71 1.77405 1.77071 0.00231853
72 1.77903 1.77083 0.00228902
73 1.78273 1.77099 0.00226332
74 1.7851 1.77118 0.00224065
75 1.78628 1.77138 0.00221972
76 1.78657 1.77158 0.00219941
77 1.78632 1.77177 0.00217909
78 1.78584 1.77195 0.00215852
79 1.78527 1.77212 0.00213767
80 1.78453 1.77228 0.00211647
81 1.78337 1.77241 0.00209466
82 1.78144 1.77252 0.00207188
83 1.77847 1.77259 0.00204802
84 1.77438 1.77262 0.00202361
85 1.76941 1.77258 0.00200002
86 1.76411 1.77248 0.00197907
87 1.75937 1.77233 0.00196199
88 1.75614 1.77215 0.00194827
89 1.75518 1.77195 0.00193567
90 1.75678 1.77179 0.00192145
91 1.76065 1.77166 0.00190415
92 1.76605 1.7716 0.00188433
93 1.77209 1.77161 0.00186396
94 1.77799 1.77168 0.00184528
95 1.78324 1.7718 0.00182981
96 1.78762 1.77196 0.00181813
97 1.79106 1.77216 0.00181003
98 1.79368 1.77238 0.00180487
99 1.79559 1.77261 0.00180186
100 1.79694 1.77286 0.00180027
1 1.80084 1.80084 0
2 1.8014 1.80112 0.000282332
3 1.8017 1.80131 0.00025404
4 1.80178 1.80143 0.000213937
5 1.80164 1.80147 0.000170759
6 1.80126 1.80144 0.00014371
7 1.80062 1.80132 0.000168114
8 1.79966 1.80111 0.00025309
9 1.79832 1.8008 0.000382685
10 1.79649 1.80037 0.00055029
11 1.79411 1.7998 0.00075622
12 1.79108 1.79908 0.00100218
13 1.78738 1.79818 0.00128815
14 1.78304 1.79709 0.00160962
15 1.77826 1.79584 0.00195503
16 1.77342 1.79444 0.00230385
17 1.76911 1.79295 0.00262741
18 1.76603 1.79145 0.00289367
19 1.76478 1.79005 0.00307608
20 1.76567 1.78883 0.00316252
21 1.76854 1.78786 0.00315955
22 1.77283 1.78718 0.00308909
23 1.77781 1.78677 0.00297968
24 1.78285 1.78661 0.00285751
25 1.78747 1.78664 0.00274105
26 1.79149 1.78683 0.00264009
27 1.79485 1.78713 0.00255774
28 1.79763 1.7875 0.00249307
29 1.79991 1.78793 0.00244335
30 1.80178 1.78839 0.00240521
31 1.80326 1.78887 0.00237526
32 1.80436 1.78936 0.00235024
33 1.80506 1.78983 0.00232708
34 1.80532 1.79029 0.00230309
35 1.8051 1.79071 0.00227604
36 1.80441 1.79109 0.0022444
37 1.80323 1.79142 0.0022074
38 1.8016 1.79169 0.00216518
39 1.79959 1.79189 0.00211866
40 1.79728 1.79202 0.00206941
41 1.79478 1.79209 0.00201943
42 1.79218 1.79209 0.00197076
43 1.78962 1.79204 0.00192525
44 1.78718 1.79193 0.00188422
45 1.78497 1.79177 0.00184834
46 1.78311 1.79158 0.00181749
47 1.78174 1.79137 0.00179068
48 1.78102 1.79116 0.00176621
49 1.78112 1.79095 0.00174187
50 1.78223 1.79078 0.00171558
51 1.78442 1.79065 0.00168622
52 1.7877 1.7906 0.00165445
53 1.7919 1.79062 0.00162312
54 1.79674 1.79073 0.0015968
55 1.80183 1.79094 0.00158042
56 1.8067 1.79122 0.00157725
57 1.81084 1.79156 0.00158712
58 1.81373 1.79194 0.00160568
59 1.81483 1.79233 0.0016252
60 1.81366 1.79269 0.00163693
61 1.80991 1.79297 0.00163443
62 1.80373 1.79314 0.00161719
63 1.79601 1.79319 0.00159196
64 1.7886 1.79312 0.00156853
65 1.78386 1.79297 0.00155076
66 1.78368 1.79283 0.00153357
67 1.78831 1.79277 0.00151202
68 1.79627 1.79282 0.0014905
69 1.80529 1.793 0.00147983
70 1.81346 1.79329 0.00148753
71 1.8197 1.79366 0.00151287
72 1.82375 1.79408 0.00154913
73 1.82577 1.79451 0.00158824
74 1.82611 1.79494 0.00162377
75 1.82512 1.79534 0.00165173
76 1.8231 1.79571 0.00167026
77 1.82029 1.79603 0.00167906
78 1.81694 1.7963 0.00167894
79 1.81328 1.79651 0.00167144
80 1.80958 1.79668 0.00165848
81 1.80614 1.79679 0.00164204
82 1.80325 1.79687 0.0016238
83 1.80119 1.79692 0.00160496
84 1.80015 1.79696 0.0015862
85 1.80022 1.797 0.0015679
86 1.80138 1.79705 0.0015504
87 1.80347 1.79712 0.00153425
88 1.80623 1.79723 0.00152024
89 1.80934 1.79736 0.0015092
90 1.81249 1.79753 0.00150178
91 1.81546 1.79773 0.00149819
92 1.81811 1.79795 0.00149828
93 1.82039 1.79819 0.00150159
94 1.82232 1.79845 0.00150755
95 1.8239 1.79872 0.00151545
96 1.82512 1.79899 0.00152459
97 1.82597 1.79927 0.00153421
98 1.82648 1.79955 0.00154364
99 1.82671 1.79982 0.0015524
100 1.82678 1.80009 0.00156027
1 1.80004 1.80004 0
2 1.80027 1.80016 0.000116033
3 1.80083 1.80038 0.000233419
4 1.80179 1.80073 0.000388777
5 1.80318 1.80122 0.000574312
6 1.80496 1.80185 0.000779485
7 1.80704 1.80259 0.000992547
8 1.80931 1.80343 0.00120187
9 1.81162 1.80434 0.00139704
10 1.81384 1.80529 0.0015696
11 1.81584 1.80625 0.00171356
12 1.81754 1.80719 0.00182547
13 1.81886 1.80809 0.00190432
14 1.81978 1.80892 0.00195104
15 1.82029 1.80968 0.00196799
16 1.82037 1.81035 0.00195834
17 1.82003 1.81092 0.00192565
18 1.81925 1.81138 0.00187367
19 1.81803 1.81173 0.00180649
20 1.81632 1.81196 0.00172906
21 1.81411 1.81206 0.00164785
22 1.81143 1.81203 0.00157143
23 1.80833 1.81187 0.00151015
24 1.80496 1.81158 0.00147425
25 1.8015 1.81118 0.00147048
26 1.79816 1.81068 0.00149891
27 1.79516 1.8101 0.00155261
28 1.79268 1.80948 0.00162046
29 1.79082 1.80884 0.00169081
30 1.78967 1.8082 0.00175406
31 1.78923 1.80759 0.00180355
32 1.78947 1.80702 0.00183574
33 1.79031 1.80652 0.00184992
34 1.79155 1.80608 0.00184789
35 1.79292 1.8057 0.00183328
36 1.79406 1.80538 0.0018107
37 1.79461 1.80509 0.00178495
38 1.79421 1.8048 0.00176076
39 1.79259 1.80449 0.00174336
40 1.78966 1.80412 0.00173917
41 1.78556 1.80366 0.00175559
42 1.78066 1.80311 0.00179871
43 1.77556 1.80247 0.00186963
44 1.77098 1.80176 0.00196188
45 1.76758 1.801 0.0020627
46 1.76585 1.80023 0.00215724
47 1.76599 1.79951 0.00223308
48 1.76793 1.79885 0.0022829
49 1.7714 1.79829 0.00230495
50 1.77599 1.79784 0.00230199
51 1.7813 1.79752 0.00227958
52 1.78698 1.79731 0.00224448
53 1.79275 1.79723 0.00220341
54 1.79841 1.79725 0.00216233
55 1.80383 1.79737 0.00212602
56 1.8089 1.79758 0.00209784
57 1.81354 1.79786 0.00207964
58 1.81766 1.7982 0.0020718
59 1.8212 1.79859 0.00207335
60 1.82407 1.79901 0.00208228
61 1.82622 1.79946 0.00209587
62 1.82758 1.79991 0.00211108
63 1.82809 1.80036 0.0021249
64 1.82771 1.80079 0.00213465
65 1.82641 1.80118 0.0021382
66 1.82418 1.80153 0.0021342
67 1.82104 1.80182 0.00212218
68 1.81706 1.80204 0.00210271
69 1.81233 1.80219 0.00207736
70 1.80702 1.80226 0.00204863
71 1.80135 1.80225 0.00201961
72 1.7956 1.80216 0.00199351
73 1.79007 1.80199 0.00197297
74 1.78505 1.80176 0.00195954
75 1.78081 1.80148 0.00195331
76 1.77755 1.80117 0.001953
77 1.77539 1.80083 0.00195633
78 1.77444 1.80049 0.0019605
79 1.77475 1.80017 0.00196277
80 1.77626 1.79987 0.00196099
81 1.77879 1.79961 0.00195404
82 1.782 1.7994 0.00194198
83 1.78543 1.79923 0.0019258
84 1.78861 1.7991 0.00190694
85 1.79111 1.79901 0.00188671
86 1.79269 1.79893 0.00186609
87 1.79329 1.79887 0.00184565
88 1.79302 1.7988 0.00182577
89 1.7922 1.79873 0.00180666
90 1.79126 1.79864 0.0017884
91 1.79067 1.79856 0.0017708
92 1.79085 1.79847 0.00175346
93 1.79199 1.7984 0.0017359
94 1.79409 1.79836 0.00171794
95 1.79686 1.79834 0.00169984
96 1.79989 1.79836 0.00168211
97 1.80269 1.7984 0.00166528
98 1.80487 1.79847 0.00164952
99 1.80611 1.79855 0.0016346
100 1.80624 1.79862 0.00162
1 1.7989 1.7989 0
2 1.79675 1.79782 0.00107679
3 1.79381 1.79649 0.00147407
4 1.7905 1.79499 0.00182328
5 1.78736 1.79346 0.00208026
6 1.78498 1.79205 0.00221034
7 1.78393 1.79089 0.0021992
8 1.78455 1.7901 0.00206303
9 1.78687 1.78974 0.00185445
10 1.79061 1.78983 0.00166095
11 1.79527 1.79032 0.00158189
12 1.8003 1.79115 0.00166634
13 1.80518 1.79223 0.00187449
14 1.80952 1.79347 0.0021298
15 1.81302 1.79477 0.00237281
16 1.81547 1.79606 0.002569
17 1.81668 1.79728 0.00270077
18 1.81649 1.79834 0.00276098
19 1.81473 1.79921 0.0027504
20 1.8113 1.79981 0.00267843
21 1.80621 1.80011 0.00256585
22 1.7997 1.8001 0.00244651
23 1.79238 1.79976 0.00236167
24 1.78518 1.79915 0.00234133
25 1.77918 1.79835 0.00238356
26 1.77522 1.79746 0.00245677
27 1.77349 1.79658 0.0025253
28 1.77343 1.79575 0.00257005
29 1.77407 1.795 0.00259013
30 1.7745 1.79432 0.00259391
31 1.77431 1.79367 0.00259056
32 1.7736 1.79305 0.00258554
33 1.77295 1.79244 0.00257892
34 1.77303 1.79187 0.00256618
35 1.77435 1.79137 0.00254152
36 1.77702 1.79097 0.00250185
37 1.78075 1.79069 0.00244892
38 1.78503 1.79054 0.00238826
39 1.78935 1.79051 0.00232642
40 1.79336 1.79058 0.00226863
41 1.79688 1.79074 0.00221793
42 1.7999 1.79095 0.00217545
43 1.80253 1.79122 0.00214123
44 1.80488 1.79153 0.0021149
45 1.8071 1.79188 0.00209611
46 1.8093 1.79226 0.00208472
47 1.81155 1.79267 0.00208078
48 1.81391 1.79311 0.00208447
49 1.81637 1.79359 0.00209592
50 1.81889 1.79409 0.002115
51 1.8214 1.79463 0.00214114
52 1.82377 1.79519 0.00217306
53 1.82586 1.79577 0.00220882
54 1.82751 1.79635 0.00224584
55 1.82859 1.79694 0.00228122
56 1.82901 1.79751 0.00231216
57 1.82875 1.79806 0.0023364
58 1.82787 1.79858 0.00235261
59 1.82654 1.79905 0.00236048
60 1.82497 1.79948 0.00236065
61 1.82334 1.79987 0.00235436
62 1.82181 1.80023 0.00234295
63 1.82039 1.80055 0.00232757
64 1.81896 1.80083 0.00230892
65 1.81731 1.80109 0.00228721
66 1.81519 1.8013 0.0022624
67 1.8124 1.80147 0.00223452
68 1.80879 1.80157 0.00220405
69 1.80436 1.80162 0.00217225
70 1.79918 1.80158 0.00214128
71 1.79342 1.80147 0.00211403
72 1.78731 1.80127 0.00209371
73 1.78113 1.80099 0.00208317
74 1.77522 1.80064 0.00208414
75 1.76998 1.80024 0.00209642
76 1.76588 1.79978 0.00211746
77 1.76334 1.79931 0.00214271
78 1.7626 1.79884 0.00216679
79 1.76366 1.79839 0.00218506
80 1.76622 1.79799 0.00219473
81 1.76986 1.79765 0.00219511
82 1.77409 1.79736 0.00218713
83 1.7785 1.79713 0.00217253
84 1.78279 1.79696 0.00215328
85 1.78677 1.79684 0.00213118
86 1.79033 1.79676 0.00210761
87 1.7935 1.79673 0.00208358
88 1.79637 1.79672 0.00205977
89 1.7991 1.79675 0.00203667
90 1.80183 1.79681 0.0020147
91 1.8046 1.79689 0.00199428
92 1.80737 1.79701 0.00197577
93 1.81002 1.79715 0.00195942
94 1.81238 1.79731 0.00194523
95 1.81431 1.79749 0.00193295
96 1.81564 1.79768 0.00192203
97 1.81618 1.79787 0.00191166
98 1.81578 1.79805 0.00190085
99 1.81429 1.79821 0.0018887
100 1.8117 1.79835 0.00187457
1 1.79644 1.79644 0
2 1.79204 1.79424 0.00219774
3 1.78739 1.79196 0.00261241
4 1.78292 1.7897 0.0029183
5 1.77898 1.78755 0.00311576
6 1.77571 1.78558 0.0032206
7 1.77303 1.78379 0.00325905
8 1.77075 1.78216 0.00325918
9 1.76865 1.78066 0.00324283
10 1.76666 1.77926 0.00322069
11 1.76492 1.77795 0.00319148
12 1.76372 1.77677 0.00314568
13 1.76331 1.77573 0.00307313
14 1.76378 1.77488 0.00297055
15 1.76491 1.77421 0.00284409
16 1.76631 1.77372 0.00270588
17 1.76749 1.77335 0.00256805
18 1.76806 1.77306 0.002439
19 1.76786 1.77278 0.00232324
20 1.76703 1.7725 0.00222273
21 1.76602 1.77219 0.00213664
22 1.7655 1.77188 0.00205978
23 1.76617 1.77164 0.0019838
24 1.76848 1.7715 0.0019039
25 1.77242 1.77154 0.00182653
26 1.77757 1.77177 0.00177011
27 1.78323 1.7722 0.00175538
28 1.78875 1.77279 0.0017918
29 1.79361 1.77351 0.00187201
30 1.79755 1.77431 0.00197811
31 1.80049 1.77515 0.00209142
32 1.80251 1.77601 0.00219803
33 1.80371 1.77685 0.00228981
34 1.80425 1.77765 0.00236317
35 1.80429 1.77841 0.00241761
36 1.80397 1.77912 0.0024544
37 1.80341 1.77978 0.00247574
38 1.80271 1.78038 0.00248413
39 1.80196 1.78094 0.00248204
40 1.80121 1.78144 0.00247173
41 1.8005 1.78191 0.0024551
42 1.79984 1.78234 0.00243367
43 1.79921 1.78273 0.0024086
44 1.79859 1.78309 0.00238069
45 1.79794 1.78342 0.00235046
46 1.79718 1.78372 0.00231819
47 1.79626 1.78398 0.00228399
48 1.7951 1.78422 0.00224786
49 1.79362 1.78441 0.00220987
50 1.79176 1.78456 0.0021702
51 1.78945 1.78465 0.00212939
52 1.78669 1.78469 0.00208841
53 1.78348 1.78467 0.00204875
54 1.77991 1.78458 0.00201238
55 1.77611 1.78443 0.00198144
56 1.77226 1.78421 0.00195782
57 1.76859 1.78393 0.00194258
58 1.76535 1.78361 0.00193551
59 1.76275 1.78326 0.00193501
60 1.76097 1.78289 0.00193842
61 1.76006 1.78251 0.00194275
62 1.75995 1.78215 0.0019455
63 1.76043 1.78181 0.00194517
64 1.7612 1.78148 0.00194141
65 1.76199 1.78118 0.00193469
66 1.76259 1.7809 0.00192587
67 1.76293 1.78063 0.00191578
68 1.7631 1.78038 0.00190494
69 1.76329 1.78013 0.0018934
70 1.76372 1.77989 0.00188083
71 1.76452 1.77968 0.00186675
72 1.76569 1.77948 0.00185086
73 1.76705 1.77931 0.00183325
74 1.76837 1.77917 0.00181434
75 1.76944 1.77904 0.00179468
76 1.77016 1.77892 0.00177476
77 1.77061 1.77881 0.00175488
78 1.77097 1.77871 0.00173515
79 1.77149 1.77862 0.00171548
80 1.77239 1.77854 0.00169569
81 1.77377 1.77848 0.00167566
82 1.77558 1.77845 0.00165548
83 1.77768 1.77844 0.00163544
84 1.77983 1.77845 0.00161594
85 1.78177 1.77849 0.00159729
86 1.78332 1.77855 0.0015796
87 1.78434 1.77862 0.00156276
88 1.78482 1.77869 0.00154651
89 1.78483 1.77876 0.00153059
90 1.78451 1.77882 0.00151484
91 1.78403 1.77888 0.00149919
92 1.78355 1.77893 0.00148368
93 1.78323 1.77897 0.00146836
94 1.78314 1.77902 0.00145334
95 1.78333 1.77906 0.00143867
96 1.78381 1.77911 0.00142447
97 1.78457 1.77917 0.00141083
98 1.7856 1.77923 0.0013979
99 1.78685 1.77931 0.00138584
100 1.78826 1.7794 0.00137483
1 1.80141 1.80141 0
2 1.80285 1.80213 0.000723128
3 1.80413 1.80279 0.000785701
4 1.80507 1.80336 0.000794376
5 1.8055 1.80379 0.000749142
6 1.80525 1.80403 0.00065847
7 1.80417 1.80405 0.000556857
8 1.80215 1.80381 0.000537913
9 1.79916 1.8033 0.000701658
10 1.79535 1.8025 0.00101278
11 1.79104 1.80146 0.00138737
12 1.78678 1.80024 0.00176057
13 1.78325 1.79893 0.0020809
14 1.78105 1.79765 0.00231151
15 1.7805 1.79651 0.00243702
16 1.78147 1.79557 0.00246577
17 1.78345 1.79486 0.0024234
18 1.78569 1.79435 0.00234083
19 1.78747 1.79399 0.00224364
20 1.7882 1.7937 0.0021481
21 1.78752 1.7934 0.00206433
22 1.78526 1.79303 0.00200277
23 1.78141 1.79253 0.00197931
24 1.77613 1.79184 0.0020144
25 1.76979 1.79096 0.00212402
26 1.76297 1.78988 0.0023072
27 1.75651 1.78865 0.0025411
28 1.7513 1.78731 0.00278839
29 1.74814 1.78596 0.00301067
30 1.74741 1.78468 0.00317979
31 1.74906 1.78353 0.00328316
32 1.75259 1.78256 0.00332273
33 1.75735 1.7818 0.00330987
34 1.76273 1.78124 0.00325967
35 1.76827 1.78087 0.00318676
36 1.77372 1.78067 0.00310333
37 1.77892 1.78062 0.00301866
38 1.78379 1.7807 0.00293933
39 1.78824 1.7809 0.00286949
40 1.79214 1.78118 0.00281092
41 1.79532 1.78152 0.0027631
42 1.79761 1.78191 0.00272356
43 1.79886 1.7823 0.00268853
44 1.79898 1.78268 0.00265393
45 1.79792 1.78302 0.00261628
46 1.79567 1.78329 0.00257351
47 1.79227 1.78348 0.00252538
48 1.78778 1.78357 0.00247383
49 1.78233 1.78355 0.00242295
50 1.77614 1.7834 0.00237861
51 1.76959 1.78313 0.00234718
52 1.76322 1.78275 0.00233321
53 1.75772 1.78227 0.00233696
54 1.75377 1.78175 0.00235323
55 1.75187 1.7812 0.00237307
56 1.75213 1.78068 0.00238744
57 1.75424 1.78022 0.00239062
58 1.75752 1.77983 0.00238142
59 1.76112 1.77951 0.0023621
60 1.76423 1.77926 0.00233632
61 1.76629 1.77904 0.00230752
62 1.767 1.77885 0.00227829
63 1.76637 1.77865 0.00225057
64 1.76462 1.77843 0.00222596
65 1.76217 1.77818 0.00220568
66 1.75951 1.7779 0.00219034
67 1.75716 1.77759 0.0021795
68 1.75553 1.77727 0.00217158
69 1.75488 1.77694 0.00216433
70 1.75526 1.77663 0.00215555
71 1.75647 1.77635 0.00214387
72 1.75806 1.77609 0.00212909
73 1.75942 1.77587 0.00211211
74 1.75976 1.77565 0.00209471
75 1.75825 1.77542 0.00207958
76 1.75415 1.77514 0.00207102
77 1.74708 1.77477 0.00207616
78 1.73748 1.77429 0.00210439
79 1.72701 1.77369 0.00216209
80 1.71842 1.773 0.0022439
81 1.71447 1.77228 0.00233087
82 1.71616 1.7716 0.00240184
83 1.72206 1.771 0.00244664
84 1.72934 1.7705 0.0024677
85 1.73547 1.77009 0.00247309
86 1.73918 1.76973 0.00247045
87 1.74038 1.7694 0.00246509
88 1.73968 1.76906 0.00246019
89 1.73793 1.76871 0.0024574
90 1.7359 1.76834 0.00245713
91 1.73414 1.76797 0.00245888
92 1.73295 1.76759 0.00246162
93 1.73241 1.76721 0.00246421
94 1.73248 1.76684 0.00246569
95 1.73308 1.76648 0.00246534
96 1.73413 1.76615 0.00246269
97 1.73555 1.76583 0.0024575
98 1.73723 1.76554 0.00244974
99 1.73904 1.76527 0.00243959
100 1.74079 1.76503 0.00242745
1 1.80129 1.80129 0
2 1.80206 1.80168 0.000384158
3 1.80198 1.80178 0.00024357
4 1.80082 1.80154 0.000294706
5 1.79839 1.80091 0.000669422
6 1.79454 1.79985 0.00119392
7 1.78919 1.79833 0.00182596
8 1.78244 1.79634 0.00253873
9 1.77461 1.79393 0.00329281
10 1.76642 1.79117 0.00402973
11 1.75896 1.78825 0.00467596
12 1.75348 1.78535 0.00515893
13 1.75101 1.78271 0.00543106
14 1.75191 1.78051 0.00548836
15 1.7557 1.77885 0.00537031
16 1.76136 1.77776 0.0051411
17 1.76772 1.77717 0.0048652
18 1.77388 1.77699 0.00459058
19 1.77931 1.77711 0.00434397
20 1.78377 1.77744 0.00413449
21 1.78726 1.77791 0.00396035
22 1.78985 1.77845 0.00381487
23 1.79169 1.77903 0.00369036
24 1.79288 1.7796 0.00358006
25 1.79354 1.78016 0.00347879
26 1.79376 1.78068 0.00338297
27 1.79362 1.78116 0.00329034
28 1.7932 1.78159 0.00319968
29 1.79256 1.78197 0.00311046
30 1.79176 1.7823 0.00302267
31 1.79086 1.78258 0.00293657
32 1.78992 1.7828 0.00285258
33 1.789 1.78299 0.00277115
34 1.78814 1.78314 0.00269267
35 1.78741 1.78327 0.00261744
36 1.78683 1.78336 0.00254561
37 1.78643 1.78345 0.00247724
38 1.78623 1.78352 0.00241228
39 1.78621 1.78359 0.00235062
40 1.78636 1.78366 0.00229215
41 1.78664 1.78373 0.00223672
42 1.78701 1.78381 0.00218421
43 1.78742 1.78389 0.00213446
44 1.78783 1.78398 0.00208731
45 1.7882 1.78408 0.00204254
46 1.78847 1.78417 0.00199993
47 1.78861 1.78427 0.0019592
48 1.78858 1.78436 0.00192005
49 1.78832 1.78444 0.0018822
50 1.78782 1.7845 0.00184541
51 1.78703 1.78455 0.00180954
52 1.78595 1.78458 0.0017746
53 1.78462 1.78458 0.0017408
54 1.7831 1.78455 0.00170847
55 1.78151 1.7845 0.00167804
56 1.78 1.78442 0.00164976
57 1.77877 1.78432 0.00162358
58 1.77803 1.78421 0.00159902
59 1.77794 1.7841 0.00157528
60 1.77862 1.78401 0.0015515
61 1.7801 1.78395 0.0015272
62 1.78232 1.78392 0.0015026
63 1.78512 1.78394 0.00147868
64 1.78833 1.78401 0.001457
65 1.79172 1.78413 0.00143931
66 1.79513 1.7843 0.0014271
67 1.79842 1.78451 0.00142135
68 1.8015 1.78476 0.00142241
69 1.80433 1.78504 0.00143007
70 1.80693 1.78535 0.00144376
71 1.80931 1.78569 0.00146274
72 1.81152 1.78605 0.00148622
73 1.81361 1.78643 0.00151357
74 1.81564 1.78682 0.0015443
75 1.81767 1.78723 0.0015781
76 1.81973 1.78766 0.00161483
77 1.82185 1.7881 0.00165442
78 1.82403 1.78856 0.00169678
79 1.82623 1.78904 0.0017417
80 1.8284 1.78953 0.00178876
81 1.83044 1.79004 0.00183732
82 1.83229 1.79055 0.0018865
83 1.83385 1.79108 0.00193525
84 1.83504 1.7916 0.0019824
85 1.83578 1.79212 0.00202674
86 1.83599 1.79263 0.00206698
87 1.83556 1.79312 0.00210185
88 1.83437 1.79359 0.00213004
89 1.83231 1.79403 0.00215043
90 1.82933 1.79442 0.00216229
91 1.82561 1.79476 0.0021657
92 1.82164 1.79505 0.00216186
93 1.81827 1.7953 0.00215301
94 1.81664 1.79553 0.00214204
95 1.8177 1.79576 0.00213218
96 1.82177 1.79603 0.00212717
97 1.82823 1.79637 0.00213113
98 1.83579 1.79677 0.00214728
99 1.84296 1.79723 0.00217609
100 1.84849 1.79775 0.00221435
1 1.80253 1.80253 0
2 1.80254 1.80254 4.26194e-06
3 1.79984 1.80164 0.000898456
4 1.79478 1.79993 0.00182799
5 1.78804 1.79755 0.0027666
6 1.78059 1.79472 0.0036185
7 1.77355 1.7917 0.00430126
8 1.76796 1.78873 0.0047622
9 1.76451 1.78604 0.00498831
10 1.76339 1.78377 0.00500358
11 1.76442 1.78201 0.00485598
12 1.76717 1.78078 0.00460225
13 1.77118 1.78004 0.00429732
14 1.776 1.77975 0.00398898
15 1.78121 1.77985 0.00371481
16 1.78641 1.78026 0.00349902
17 1.79126 1.7809 0.00334987
18 1.79548 1.78171 0.00326037
19 1.79888 1.78262 0.00321363
20 1.80143 1.78356 0.00319049
21 1.80321 1.78449 0.0031758
22 1.80447 1.7854 0.00316123
23 1.80556 1.78628 0.00314518
24 1.80683 1.78714 0.0031307
25 1.80859 1.78799 0.00312305
26 1.8109 1.78887 0.00312718
27 1.81362 1.78979 0.00314565
28 1.81647 1.79074 0.00317741
29 1.8191 1.79172 0.00321805
30 1.82134 1.79271 0.00326189
31 1.8232 1.79369 0.00330466
32 1.82495 1.79467 0.00334548
33 1.82699 1.79565 0.0033872
34 1.82972 1.79665 0.00343551
35 1.83338 1.7977 0.00349711
36 1.83794 1.79882 0.00357768
37 1.84311 1.80001 0.00367982
38 1.84847 1.80129 0.00380191
39 1.85356 1.80263 0.00393821
40 1.85797 1.80401 0.00408024
41 1.8614 1.80541 0.00421847
42 1.8636 1.8068 0.00434365
43 1.86436 1.80814 0.00444768
44 1.86353 1.8094 0.0045241
45 1.86099 1.81054 0.00456863
46 1.8568 1.81155 0.00457995
47 1.85127 1.81239 0.00456044
48 1.84513 1.81308 0.00451621
49 1.83945 1.81361 0.00445571
50 1.83538 1.81405 0.00438735
51 1.8337 1.81443 0.00431769
52 1.83439 1.81482 0.00425119
53 1.83663 1.81523 0.00419047
54 1.83923 1.81567 0.00413608
55 1.84104 1.81614 0.0040863
56 1.84137 1.81659 0.00403788
57 1.84001 1.817 0.00398765
58 1.83726 1.81735 0.00393384
59 1.83377 1.81762 0.00387659
60 1.83042 1.81784 0.00381739
61 1.82809 1.81801 0.00375805
62 1.8274 1.81816 0.00370004
63 1.82845 1.81832 0.0036445
64 1.83074 1.81851 0.00359235
65 1.83332 1.81874 0.00354397
66 1.83503 1.81899 0.00349858
67 1.83485 1.81923 0.00345409
68 1.83206 1.81941 0.00340815
69 1.82644 1.81952 0.00335994
70 1.81829 1.8195 0.00331164
71 1.80846 1.81934 0.00326836
72 1.79821 1.81905 0.00323599
73 1.78896 1.81864 0.00321786
74 1.782 1.81814 0.00321246
75 1.77816 1.81761 0.00321385
76 1.77771 1.81708 0.00321444
77 1.78032 1.81661 0.00320815
78 1.78517 1.8162 0.00319229
79 1.79121 1.81589 0.00316746
80 1.7974 1.81566 0.00313614
81 1.80301 1.8155 0.00310111
82 1.80766 1.81541 0.00306455
83 1.81136 1.81536 0.0030278
84 1.81439 1.81534 0.00299156
85 1.81725 1.81537 0.00295624
86 1.82041 1.81543 0.00292225
87 1.82422 1.81553 0.00289023
88 1.82876 1.81568 0.00286116
89 1.83382 1.81588 0.00283617
90 1.83895 1.81614 0.00281617
91 1.84365 1.81644 0.00280141
92 1.84745 1.81678 0.00279123
93 1.85007 1.81714 0.00278416
94 1.85137 1.8175 0.00277835
95 1.85141 1.81786 0.00277203
96 1.85039 1.8182 0.00276385
97 1.84864 1.81851 0.00275316
98 1.84658 1.8188 0.00273994
99 1.84464 1.81906 0.00272465
100 1.84317 1.8193 0.00270803
1 1.79936 1.79936 0
2 1.79941 1.79938 2.51395e-05
3 1.80006 1.79961 0.000226446
4 1.80107 1.79997 0.000398197
5 1.80215 1.80041 0.000533948
6 1.80308 1.80085 0.000623338
7 1.80369 1.80126 0.000665048
8 1.80391 1.80159 0.000664652
9 1.80372 1.80183 0.000632318
10 1.80317 1.80196 0.000581214
11 1.80231 1.80199 0.000526659
12 1.80122 1.80193 0.000485096
13 1.79998 1.80178 0.000470715
14 1.79866 1.80156 0.000489258
15 1.79733 1.80127 0.000535509
16 1.79603 1.80095 0.00059879
17 1.79478 1.80058 0.000669364
18 1.7936 1.8002 0.000740671
19 1.79251 1.79979 0.000809009
20 1.79148 1.79938 0.000872692
21 1.79051 1.79895 0.000931381
22 1.78954 1.79853 0.000985654
23 1.78856 1.79809 0.00103673
24 1.7875 1.79765 0.00108629
25 1.78631 1.7972 0.00113644
26 1.78492 1.79673 0.00118954
27 1.78329 1.79623 0.00124818
28 1.78135 1.7957 0.00131493
29 1.77909 1.79512 0.00139206
30 1.77651 1.7945 0.00148102
31 1.7737 1.79383 0.0015819
32 1.77076 1.79311 0.00169289
33 1.76789 1.79235 0.00181007
34 1.76532 1.79155 0.00192759
35 1.76329 1.79074 0.00203848
36 1.76201 1.78995 0.00213584
37 1.76159 1.78918 0.00221419
38 1.76201 1.78846 0.0022706
39 1.76312 1.78781 0.00230508
40 1.76463 1.78724 0.00232028
41 1.76618 1.78672 0.00232053
42 1.76743 1.78626 0.00231073
43 1.7681 1.78584 0.00229555
44 1.76802 1.78543 0.00227905
45 1.76715 1.78503 0.00226457
46 1.76558 1.78461 0.00225477
47 1.7635 1.78416 0.0022515
48 1.76116 1.78368 0.00225559
49 1.75879 1.78317 0.00226673
50 1.75655 1.78264 0.00228384
51 1.75447 1.78208 0.00230571
52 1.75243 1.78151 0.00233174
53 1.75022 1.78092 0.0023623
54 1.74768 1.78031 0.00239851
55 1.74474 1.77966 0.0024417
56 1.74154 1.77898 0.00249247
57 1.73838 1.77827 0.00254984
58 1.73567 1.77753 0.00261093
59 1.73381 1.77679 0.00267117
60 1.73309 1.77606 0.00272541
61 1.73365 1.77537 0.00276908
62 1.73543 1.77473 0.00279919
63 1.73822 1.77415 0.00281467
64 1.74176 1.77364 0.00281619
65 1.74572 1.77321 0.00280559
66 1.74986 1.77286 0.00278532
67 1.75395 1.77257 0.0027579
68 1.75785 1.77236 0.00272565
69 1.76146 1.7722 0.0026905
70 1.76473 1.77209 0.00265394
71 1.76763 1.77203 0.00261704
72 1.77019 1.772 0.00258057
73 1.7724 1.77201 0.00254498
74 1.77431 1.77204 0.00251054
75 1.77595 1.77209 0.00247739
76 1.77734 1.77216 0.00244555
77 1.77851 1.77224 0.00241499
78 1.77948 1.77234 0.00238563
79 1.78025 1.77244 0.00235737
80 1.78082 1.77254 0.00233007
81 1.78113 1.77265 0.00230357
82 1.78113 1.77275 0.00227765
83 1.78071 1.77285 0.00225208
84 1.77971 1.77293 0.00222661
85 1.77793 1.77299 0.00220105
86 1.77512 1.77301 0.00217545
87 1.77102 1.77299 0.00215042
88 1.76542 1.7729 0.00212758
89 1.75829 1.77274 0.00210994
90 1.74993 1.77249 0.0021017
91 1.74114 1.77214 0.00210682
92 1.73315 1.77172 0.00212646
93 1.72731 1.77124 0.00215698
94 1.72455 1.77074 0.00219096
95 1.72494 1.77026 0.00222075
96 1.72773 1.76982 0.00224172
97 1.73174 1.76943 0.00225295
98 1.73585 1.76908 0.002256
99 1.73914 1.76878 0.00225349
100 1.7409 1.7685 0.00224819
1 1.79931 1.79931 0
2 1.79598 1.79764 0.0016643
3 1.78974 1.79501 0.00280382
4 1.78066 1.79142 0.00409843
5 1.76929 1.78699 0.00544737
6 1.7568 1.78196 0.00671577
7 1.74503 1.77669 0.00774961
8 1.7361 1.77161 0.00841273
9 1.73182 1.76719 0.00863687
10 1.73283 1.76376 0.00845497
11 1.73836 1.76145 0.00798873
12 1.74671 1.76022 0.00739532
13 1.7561 1.7599 0.00681008
14 1.76527 1.76029 0.00631658
15 1.7737 1.76118 0.00594806
16 1.78141 1.76244 0.00570578
17 1.7887 1.76399 0.00557767
18 1.79583 1.76576 0.00554821
19 1.80287 1.76771 0.0055997
20 1.8096 1.76981 0.00571041
21 1.81568 1.77199 0.00585455
22 1.82073 1.77421 0.00600561
23 1.82447 1.77639 0.00614063
24 1.82681 1.77849 0.00624325
25 1.82777 1.78046 0.00630434
26 1.82747 1.78227 0.00632111
27 1.82611 1.78389 0.00629544
28 1.82388 1.78532 0.00623229
29 1.82103 1.78655 0.0061383
30 1.81777 1.78759 0.00602073
31 1.81432 1.78846 0.00588676
32 1.81092 1.78916 0.00574288
33 1.80774 1.78972 0.00559455
34 1.80497 1.79017 0.00544601
35 1.80272 1.79053 0.00530027
36 1.80109 1.79082 0.00515929
37 1.80009 1.79107 0.00502416
38 1.79972 1.7913 0.00489545
39 1.79991 1.79152 0.00477338
40 1.80056 1.79175 0.00465801
41 1.80157 1.79199 0.00454929
42 1.80279 1.79224 0.0044471
43 1.80411 1.79252 0.0043512
44 1.80539 1.79281 0.00426121
45 1.80651 1.79312 0.00417655
46 1.80739 1.79343 0.00409652
47 1.80796 1.79374 0.00402032
48 1.80819 1.79404 0.00394718
49 1.80812 1.79432 0.00387645
50 1.80785 1.79459 0.00380775
51 1.80754 1.79485 0.00374097
52 1.80738 1.79509 0.00367623
53 1.80755 1.79532 0.00361385
54 1.80819 1.79556 0.00355429
55 1.80937 1.79581 0.00349809
56 1.81105 1.79609 0.00344582
57 1.81313 1.79639 0.003398
58 1.81541 1.79671 0.00335497
59 1.81767 1.79707 0.0033167
60 1.81972 1.79745 0.00328274
61 1.82138 1.79784 0.00325224
62 1.82253 1.79824 0.00322405
63 1.8231 1.79863 0.00319692
64 1.82307 1.79901 0.00316965
65 1.82245 1.79937 0.00314127
66 1.82129 1.79971 0.00311108
67 1.81966 1.8 0.00307874
68 1.81763 1.80026 0.00304419
69 1.81529 1.80048 0.00300764
70 1.81271 1.80066 0.00296951
71 1.81 1.80079 0.00293034
72 1.80725 1.80088 0.00289075
73 1.8046 1.80093 0.00285133
74 1.80218 1.80094 0.00281259
75 1.80017 1.80093 0.00277485
76 1.79874 1.80091 0.00273825
77 1.79808 1.80087 0.0027027
78 1.79827 1.80084 0.00266803
79 1.79927 1.80082 0.00263412
80 1.80087 1.80082 0.00260099
81 1.80268 1.80084 0.00256878
82 1.80414 1.80088 0.00253758
83 1.80467 1.80093 0.00250723
84 1.80369 1.80096 0.00247742
85 1.8009 1.80096 0.0024481
86 1.79645 1.80091 0.00242004
87 1.79121 1.80079 0.00239465
88 1.78673 1.80063 0.00237267
89 1.78488 1.80046 0.00235253
90 1.7869 1.80031 0.00233112
91 1.79274 1.80022 0.00230686
92 1.80107 1.80023 0.00228166
93 1.81003 1.80034 0.00225945
94 1.81806 1.80053 0.00224322
95 1.82426 1.80078 0.0022335
96 1.82836 1.80106 0.00222871
97 1.83045 1.80137 0.00222632
98 1.83081 1.80167 0.00222387
99 1.82975 1.80195 0.00221949
100 1.8276 1.80221 0.0022121
