1 1.19039 1.19039 0
2 1.1575 1.17394 0.0164448
3 1.10253 1.15014 0.0256258
4 1.02723 1.11941 0.0356733
5 0.934275 1.08238 0.0462013
6 0.827831 1.03996 0.0567711
7 0.71361 0.993337 0.0669003
8 0.598761 0.944015 0.0760881
9 0.491401 0.893724 0.083857
10 0.399585 0.84431 0.0898184
11 0.329985 0.797554 0.0937377
12 0.286625 0.754976 0.0955779
13 0.270145 0.717681 0.0955019
14 0.277891 0.686268 0.0938322
15 0.304751 0.660833 0.0909806
16 0.344361 0.641054 0.0873729
17 0.390328 0.626305 0.0833872
18 0.437082 0.615793 0.0793179
19 0.480344 0.608664 0.0753651
20 0.51724 0.604093 0.0716436
21 0.546219 0.601337 0.0682024
22 0.566841 0.599769 0.0650473
23 0.579531 0.598889 0.0621611
24 0.5853 0.598323 0.0595174
25 0.585613 0.597814 0.0570894
26 0.582118 0.597211 0.054853
27 0.576501 0.596444 0.0527879
28 0.570371 0.595512 0.0508762
29 0.565175 0.594466 0.0491017
30 0.562009 0.593384 0.0474491
31 0.561593 0.592359 0.0459044
32 0.564255 0.591481 0.0444554
33 0.569938 0.590828 0.0430922
34 0.578313 0.59046 0.0418072
35 0.588709 0.59041 0.0405951
36 0.600405 0.590687 0.0394523
37 0.612652 0.591281 0.0383758
38 0.624758 0.592162 0.0373627
39 0.636136 0.59329 0.0364095
40 0.646278 0.594614 0.0355123
41 0.654835 0.596083 0.0346665
42 0.661476 0.59764 0.0338668
43 0.665893 0.599227 0.0331079
44 0.667863 0.600787 0.0323843
45 0.667157 0.602262 0.0316908
46 0.663648 0.603597 0.031023
47 0.657322 0.60474 0.0303772
48 0.648469 0.605651 0.0297516
49 0.637748 0.606306 0.0291455
50 0.626171 0.606703 0.0285594
51 0.61503 0.606866 0.0279942
52 0.605698 0.606844 0.0274506
53 0.599443 0.606704 0.0269281
54 0.597264 0.606529 0.0264253
55 0.599652 0.606404 0.0259407
56 0.606478 0.606406 0.0254732
57 0.61699 0.606591 0.025023
58 0.630058 0.606996 0.0245911
59 0.644248 0.607627 0.024179
60 0.658069 0.608468 0.0237875
61 0.670137 0.609479 0.0234161
62 0.679387 0.610607 0.0230629
63 0.68507 0.611789 0.0227246
64 0.686816 0.612961 0.0223974
65 0.684587 0.614063 0.0220777
66 0.678754 0.615043 0.0217627
67 0.66999 0.615863 0.0214511
68 0.659229 0.616501 0.0211429
69 0.647473 0.61695 0.0208391
70 0.635654 0.617217 0.0205409
71 0.624439 0.617319 0.0202498
72 0.614147 0.617275 0.0199666
73 0.604845 0.617104 0.019692
74 0.596432 0.616825 0.019426
75 0.588881 0.616452 0.0191689
76 0.582404 0.616004 0.0189203
77 0.577498 0.615504 0.0186797
78 0.574844 0.614983 0.018446
79 0.575035 0.614477 0.018218
80 0.578192 0.614024 0.0179946
81 0.583787 0.61365 0.0177749
82 0.590677 0.61337 0.0175591
83 0.597538 0.61318 0.0173473
84 0.603419 0.613063 0.0171399
85 0.607993 0.613004 0.0169372
86 0.611483 0.612986 0.0167391
87 0.614379 0.613002 0.0165456
88 0.617098 0.613049 0.0163565
89 0.619679 0.613123 0.0161719
90 0.621834 0.61322 0.0159915
91 0.622985 0.613327 0.0158151
92 0.622584 0.613428 0.0156426
93 0.620288 0.613502 0.0154737
94 0.616042 0.613529 0.0153082
95 0.610147 0.613493 0.0151462
96 0.60307 0.613384 0.014988
97 0.595352 0.613198 0.0148339
98 0.587464 0.612936 0.0146841
99 0.579884 0.612602 0.0145388
100 0.573032 0.612206 0.0143981
1 1.18468 1.18468 0
2 1.15634 1.17051 0.0141714
3 1.11766 1.15289 0.0194247
4 1.07179 1.13262 0.0244909
5 1.02244 1.11058 0.0290773
6 0.973547 1.08774 0.0329436
7 0.928655 1.06502 0.0359403
8 0.890543 1.04321 0.0380055
9 0.860892 1.02295 0.0391636
10 0.84034 1.00469 0.0395031
11 0.828779 0.988697 0.0391472
12 0.825562 0.975102 0.0382347
13 0.829634 0.963912 0.036908
14 0.839552 0.955029 0.0353059
15 0.853467 0.948259 0.0335581
16 0.869302 0.943324 0.0317763
17 0.885047 0.939896 0.0300448
18 0.898992 0.937623 0.0284175
19 0.909779 0.936158 0.0269202
20 0.916582 0.935179 0.0255575
21 0.9192 0.934418 0.024322
22 0.917979 0.933671 0.0232021
23 0.91393 0.932813 0.022187
24 0.908508 0.9318 0.0212666
25 0.903372 0.930663 0.0204298
26 0.900146 0.929489 0.0196634
27 0.899947 0.928395 0.0189527
28 0.903277 0.927498 0.0182853
29 0.909957 0.926893 0.0176539
30 0.919134 0.926634 0.0170572
31 0.929417 0.926724 0.0164981
32 0.93918 0.927113 0.0159789
33 0.947044 0.927717 0.0154989
34 0.952386 0.928443 0.0150537
35 0.95564 0.92922 0.0146379
36 0.95812 0.930023 0.0142481
37 0.961483 0.930873 0.0138837
38 0.967054 0.931825 0.0135469
39 0.975138 0.932936 0.0132417
40 0.984778 0.934232 0.0129713
41 0.99391 0.935687 0.0127344
42 1.00005 0.93722 0.0125216
43 1.00102 0.938703 0.0123167
44 0.99571 0.939999 0.012103
45 0.984292 0.940983 0.0118719
46 0.968126 0.941573 0.0116259
47 0.94941 0.94174 0.0113771
48 0.930537 0.941507 0.01114
49 0.9134 0.940933 0.0109254
50 0.899073 0.940096 0.0107373
51 0.887646 0.939068 0.0105748
52 0.878524 0.937903 0.0104346
53 0.870952 0.93664 0.0103135
54 0.864373 0.935302 0.0102088
55 0.85869 0.933909 0.0101178
56 0.854356 0.932488 0.0100365
57 0.852266 0.931081 0.00995882
58 0.85339 0.929741 0.00987686
59 0.858431 0.928533 0.00978296
60 0.867742 0.927519 0.00967175
61 0.881154 0.926759 0.00954219
62 0.898174 0.926298 0.00939834
63 0.918065 0.926168 0.00924888
64 0.939821 0.926381 0.00910572
65 0.962282 0.926933 0.00898154
66 0.984215 0.927801 0.00888689
67 1.00449 0.928946 0.00882777
68 1.0222 0.930317 0.00880444
69 1.03678 0.93186 0.00881203
70 1.04805 0.93352 0.00884242
71 1.05615 0.935247 0.00888645
72 1.06128 0.936998 0.00893529
73 1.06375 0.938734 0.00898147
74 1.0637 0.940423 0.00901877
75 1.06114 0.942032 0.00904213
76 1.05596 0.943531 0.00904741
77 1.04782 0.944886 0.00903127
78 1.03622 0.946057 0.0089913
79 1.02058 0.947 0.00892674
80 1.00048 0.947668 0.00883977
81 0.975912 0.948017 0.00873691
82 0.947641 0.948013 0.00862971
83 0.917323 0.947643 0.00853312
84 0.88743 0.946926 0.00846134
85 0.860665 0.945911 0.00842257
86 0.839444 0.944673 0.00841561
87 0.825143 0.943299 0.00843101
88 0.817737 0.941872 0.00845591
89 0.81605 0.940459 0.00847905
90 0.818442 0.939103 0.00849321
91 0.823551 0.937833 0.0084948
92 0.830618 0.936668 0.00848239
93 0.839394 0.935622 0.00845563
94 0.849749 0.934708 0.00841493
95 0.861316 0.933936 0.00836165
96 0.873492 0.933306 0.00829801
97 0.88558 0.932814 0.00822674
98 0.896947 0.932448 0.00815058
99 0.907125 0.932192 0.00807189
100 0.91597 0.93203 0.00799241
1 1.20388 1.20388 0
2 1.20074 1.20231 0.00157285
3 1.19263 1.19908 0.00335053
4 1.18261 1.19497 0.00475244
5 1.17371 1.19071 0.00562334
6 1.16855 1.18702 0.00589319
7 1.16874 1.18441 0.00562389
8 1.17471 1.1832 0.00501901
9 1.18531 1.18343 0.00443261
10 1.19833 1.18492 0.00423523
11 1.2108 1.18727 0.00449547
12 1.21959 1.18997 0.0049086
13 1.2222 1.19245 0.00515133
14 1.21707 1.1942 0.00508315
15 1.20394 1.19485 0.00477648
16 1.18355 1.19415 0.00452351
17 1.15735 1.19198 0.00476855
18 1.12715 1.18838 0.00576075
19 1.09498 1.18347 0.00733894
20 1.06298 1.17744 0.00920682
21 1.03348 1.17059 0.0111216
22 1.00868 1.16323 0.0129075
23 0.990556 1.15572 0.0144388
24 0.980341 1.14841 0.0156366
25 0.978292 1.14161 0.0164696
26 0.983508 1.13553 0.0169516
27 0.994301 1.1303 0.0171298
28 1.00886 1.12596 0.0170669
29 1.0259 1.12251 0.0168255
30 1.04474 1.11992 0.0164604
31 1.06507 1.11815 0.0160185
32 1.08642 1.11716 0.0155415
33 1.10756 1.11686 0.015066
34 1.12657 1.11715 0.014619
35 1.14136 1.11784 0.014212
36 1.15012 1.11874 0.0138406
37 1.1518 1.11963 0.013491
38 1.14621 1.12033 0.0131498
39 1.13392 1.12068 0.0128129
40 1.11597 1.12056 0.012489
41 1.0938 1.11991 0.0121981
42 1.06929 1.1187 0.011965
43 1.04485 1.11699 0.011809
44 1.02342 1.11486 0.0117318
45 1.0081 1.11249 0.011711
46 1.0016 1.11008 0.0117045
47 1.00538 1.10785 0.0116674
48 1.01927 1.106 0.0115698
49 1.04162 1.10469 0.0114072
50 1.06961 1.10399 0.0111987
51 1.09982 1.10391 0.0109772
52 1.12868 1.10438 0.0107746
53 1.15291 1.1053 0.0106089
54 1.16988 1.10649 0.0104791
55 1.17791 1.10779 0.0103684
56 1.17644 1.10902 0.0102551
57 1.16609 1.11002 0.0101232
58 1.14852 1.11068 0.00996929
59 1.12619 1.11095 0.00980238
60 1.10196 1.1108 0.00963879
61 1.0787 1.11027 0.00949405
62 1.0588 1.10944 0.00937648
63 1.04398 1.1084 0.00928477
64 1.03526 1.10726 0.00920972
65 1.03309 1.10612 0.00913844
66 1.0374 1.10508 0.00905895
67 1.04769 1.10422 0.00896373
68 1.06301 1.10361 0.00885169
69 1.08191 1.1033 0.00872813
70 1.10236 1.10329 0.00860255
71 1.12198 1.10355 0.00848461
72 1.13837 1.10403 0.0083799
73 1.14947 1.10466 0.00828772
74 1.15374 1.10532 0.00820182
75 1.15032 1.10592 0.00811394
76 1.13923 1.10636 0.00801846
77 1.12137 1.10655 0.00791604
78 1.09861 1.10645 0.00781455
79 1.07374 1.10604 0.0077261
80 1.05014 1.10534 0.00766084
81 1.03121 1.10442 0.00762082
82 1.01951 1.10339 0.0075982
83 1.01606 1.10233 0.00757949
84 1.02007 1.10136 0.00755247
85 1.02939 1.10051 0.00751097
86 1.041 1.09982 0.0074553
87 1.05193 1.09927 0.00738964
88 1.05977 1.09882 0.00731896
89 1.06311 1.09842 0.00724737
90 1.06174 1.09801 0.00717797
91 1.0566 1.09755 0.00711322
92 1.04955 1.09703 0.0070548
93 1.043 1.09645 0.00700267
94 1.03924 1.09584 0.00695446
95 1.0399 1.09525 0.00690601
96 1.04547 1.09473 0.00685335
97 1.05535 1.09433 0.00679447
98 1.06815 1.09406 0.00673008
99 1.08214 1.09394 0.00666285
100 1.0959 1.09396 0.00659591
1 1.21009 1.21009 0
2 1.21735 1.21372 0.00362912
3 1.22178 1.21641 0.00340646
4 1.22383 1.21826 0.00304014
5 1.22342 1.2193 0.00257099
6 1.22007 1.21943 0.00210321
7 1.21341 1.21857 0.00197454
8 1.20383 1.21672 0.00251346
9 1.1926 1.21404 0.00347837
10 1.18129 1.21077 0.00451733
11 1.17107 1.20716 0.00545159
12 1.16232 1.20342 0.00622323
13 1.15442 1.19965 0.00685396
14 1.14623 1.19584 0.00740452
15 1.13683 1.1919 0.00793678
16 1.12616 1.18779 0.00848545
17 1.11522 1.18353 0.00904195
18 1.10564 1.1792 0.00956002
19 1.09881 1.17497 0.00998369
20 1.09515 1.17098 0.0102778
21 1.09412 1.16732 0.0104388
22 1.095 1.16403 0.0104818
23 1.09767 1.16114 0.0104231
24 1.10267 1.15871 0.0102724
25 1.11064 1.15679 0.0100388
26 1.12148 1.15543 0.00974008
27 1.13424 1.15464 0.00940519
28 1.14738 1.15438 0.00906678
29 1.15936 1.15456 0.00875022
30 1.16908 1.15504 0.00846738
31 1.17598 1.15571 0.0082175
32 1.17967 1.15646 0.00799168
33 1.17977 1.15717 0.00777786
34 1.17594 1.15772 0.00756581
35 1.16807 1.15802 0.0073524
36 1.15643 1.15797 0.00714539
37 1.14228 1.15755 0.00696252
38 1.12798 1.15677 0.00682135
39 1.11671 1.15574 0.00672309
40 1.11161 1.15464 0.00664511
41 1.11476 1.15367 0.00655359
42 1.12642 1.15302 0.00642847
43 1.14487 1.15283 0.00628005
44 1.16709 1.15315 0.00614422
45 1.18946 1.15396 0.00606008
46 1.2087 1.15515 0.00604515
47 1.22224 1.15658 0.00608495
48 1.22864 1.15808 0.00614309
49 1.2277 1.1595 0.00618193
50 1.22053 1.16072 0.0061788
51 1.20902 1.16167 0.00613004
52 1.19526 1.16231 0.00604562
53 1.18073 1.16266 0.00594062
54 1.16605 1.16272 0.00582991
55 1.15105 1.16251 0.00572687
56 1.13516 1.16202 0.00564484
57 1.11805 1.16125 0.00559834
58 1.10005 1.1602 0.00560126
59 1.08224 1.15888 0.00566185
60 1.06634 1.15733 0.00577639
61 1.05426 1.15564 0.00592687
62 1.04752 1.1539 0.0060857
63 1.04659 1.1522 0.00622585
64 1.05072 1.15061 0.00632963
65 1.05828 1.14919 0.00639135
66 1.06774 1.14796 0.00641362
67 1.07831 1.14692 0.00640214
68 1.09014 1.14608 0.0063623
69 1.10406 1.14547 0.00629893
70 1.12083 1.14512 0.00621826
71 1.14072 1.14506 0.00613037
72 1.16277 1.1453 0.00604963
73 1.185 1.14585 0.00599091
74 1.2052 1.14665 0.00596358
75 1.22202 1.14765 0.00596874
76 1.23549 1.14881 0.006002
77 1.24621 1.15008 0.0060571
78 1.25438 1.15141 0.00612666
79 1.25921 1.15278 0.00620062
80 1.25952 1.15411 0.00626633
81 1.25416 1.15535 0.00631055
82 1.24248 1.15641 0.00632304
83 1.22439 1.15723 0.00629987
84 1.20038 1.15774 0.00624558
85 1.17157 1.15791 0.00617381
86 1.13991 1.1577 0.00610519
87 1.10812 1.15713 0.00606145
88 1.07936 1.15624 0.00605699
89 1.05671 1.15512 0.00609208
90 1.0425 1.15387 0.00615261
91 1.03773 1.1526 0.00621705
92 1.04186 1.15139 0.00626579
93 1.05319 1.15034 0.00628736
94 1.06923 1.14947 0.00627968
95 1.08753 1.14882 0.00624735
96 1.10595 1.14838 0.00619803
97 1.12285 1.14811 0.00613945
98 1.13726 1.148 0.00607749
99 1.14896 1.14801 0.00601579
100 1.15831 1.14811 0.00595622
1 1.20535 1.20535 0
2 1.20914 1.20725 0.00189655
3 1.21192 1.2088 0.0019031
4 1.21462 1.21026 0.00198133
5 1.21821 1.21185 0.00221066
6 1.22363 1.21381 0.00266677
7 1.23143 1.21633 0.00337832
8 1.24139 1.21946 0.00428632
9 1.25221 1.2231 0.00524656
10 1.26197 1.22699 0.00609361
11 1.26859 1.23077 0.00668442
12 1.27012 1.23405 0.00692737
13 1.26516 1.23644 0.00680685
14 1.25284 1.23761 0.00640984
15 1.23294 1.2373 0.00597536
16 1.20623 1.23536 0.00591712
17 1.17482 1.2318 0.00660126
18 1.14189 1.2268 0.00798019
19 1.11125 1.22072 0.00969362
20 1.08629 1.214 0.0113907
21 1.06917 1.2071 0.0128435
22 1.06036 1.20043 0.0139444
23 1.05898 1.19428 0.0146753
24 1.06354 1.18884 0.0150697
25 1.07242 1.18418 0.0151859
26 1.08427 1.18034 0.0150877
27 1.09786 1.17728 0.014836
28 1.11202 1.17495 0.0144851
29 1.12556 1.17325 0.0140801
30 1.13739 1.17205 0.0136551
31 1.14693 1.17124 0.0132321
32 1.1544 1.17072 0.0128227
33 1.16098 1.17042 0.0124315
34 1.16853 1.17037 0.0120605
35 1.17863 1.1706 0.0117132
36 1.19171 1.17119 0.0113983
37 1.20661 1.17215 0.0111272
38 1.22092 1.17343 0.0109062
39 1.23189 1.17493 0.0107282
40 1.23738 1.17649 0.0105724
41 1.23619 1.17795 0.0104137
42 1.22806 1.17914 0.0102325
43 1.21362 1.17994 0.0100238
44 1.19413 1.18026 0.00979865
45 1.17128 1.18006 0.0095805
46 1.14703 1.17935 0.00939739
47 1.12376 1.17816 0.00927102
48 1.10411 1.17662 0.00920603
49 1.09017 1.17486 0.0091872
50 1.08273 1.17301 0.00918822
51 1.08102 1.17121 0.0091851
52 1.08328 1.16952 0.00916408
53 1.08773 1.16797 0.009121
54 1.09338 1.16659 0.00905648
55 1.10005 1.16538 0.00897225
56 1.10811 1.16436 0.00886974
57 1.11801 1.16355 0.00875061
58 1.12996 1.16297 0.00861789
59 1.14394 1.16265 0.00847671
60 1.15977 1.1626 0.00833437
61 1.17735 1.16284 0.00820016
62 1.19664 1.16338 0.00808521
63 1.21753 1.16424 0.00800213
64 1.23946 1.16542 0.00796331
65 1.26123 1.16689 0.00797721
66 1.28109 1.16862 0.00804372
67 1.29695 1.17054 0.00815099
68 1.30686 1.17254 0.00827668
69 1.30931 1.17453 0.00839324
70 1.30369 1.17637 0.00847575
71 1.29038 1.17798 0.00850842
72 1.27062 1.17926 0.00848751
73 1.24624 1.18018 0.00842057
74 1.21929 1.18071 0.0083228
75 1.19161 1.18086 0.00821236
76 1.16487 1.18064 0.00810631
77 1.14052 1.18012 0.00801729
78 1.11985 1.17935 0.00795147
79 1.10368 1.17839 0.0079084
80 1.09218 1.17732 0.00788294
81 1.0849 1.17617 0.00786817
82 1.08101 1.17501 0.0078578
83 1.07929 1.17386 0.00784775
84 1.07848 1.17273 0.00783646
85 1.07767 1.17161 0.00782405
86 1.0768 1.1705 0.00781072
87 1.07672 1.16943 0.00779531
88 1.07872 1.1684 0.00777485
89 1.08382 1.16745 0.00774551
90 1.09215 1.16661 0.00770452
91 1.10267 1.16591 0.00765172
92 1.11361 1.16534 0.00758941
93 1.12327 1.16489 0.00752097
94 1.13069 1.16452 0.00744942
95 1.13586 1.16422 0.00737676
96 1.13975 1.16397 0.00730396
97 1.14353 1.16375 0.00723134
98 1.14796 1.16359 0.00715899
99 1.15284 1.16348 0.00708714
100 1.15703 1.16342 0.00701621
1 1.19943 1.19943 0
2 1.19411 1.19677 0.00265958
3 1.18374 1.19243 0.00460806
4 1.16927 1.18664 0.00664201
5 1.15261 1.17983 0.00853063
6 1.13613 1.17255 0.0100783
7 1.12225 1.16536 0.011144
8 1.11334 1.15886 0.0116372
9 1.11189 1.15364 0.0115135
10 1.12025 1.1503 0.0108259
11 1.13976 1.14934 0.0098392
12 1.16977 1.15105 0.00914176
13 1.20725 1.15537 0.00945558
14 1.24762 1.16196 0.0109567
15 1.28576 1.17021 0.0131211
16 1.31733 1.17941 0.0153359
17 1.3393 1.18881 0.017204
18 1.35013 1.19777 0.0185313
19 1.34967 1.20577 0.0192659
20 1.33887 1.21242 0.0194512
21 1.31928 1.21751 0.0191888
22 1.29274 1.22093 0.0186126
23 1.26103 1.22268 0.0178702
24 1.22598 1.22281 0.0171099
25 1.18951 1.22148 0.0164652
26 1.15365 1.21887 0.016033
27 1.12059 1.21523 0.0158514
28 1.09258 1.21085 0.0158905
29 1.07176 1.20606 0.0160654
30 1.05979 1.20118 0.0162684
31 1.05735 1.19654 0.0164047
32 1.06436 1.19241 0.0164121
33 1.08003 1.189 0.0162674
34 1.10313 1.18648 0.0159826
35 1.13177 1.18492 0.0155977
36 1.16353 1.18432 0.0151699
37 1.19554 1.18462 0.0147573
38 1.22471 1.18568 0.0144024
39 1.24798 1.18728 0.0141189
40 1.26285 1.18917 0.0138905
41 1.26774 1.19108 0.0136824
42 1.26229 1.19278 0.0134598
43 1.24766 1.19405 0.0132049
44 1.22625 1.19479 0.012922
45 1.20144 1.19493 0.0126325
46 1.17705 1.19455 0.0123609
47 1.15662 1.19374 0.012122
48 1.14281 1.19268 0.0119141
49 1.13705 1.19154 0.0117235
50 1.13957 1.1905 0.0115336
51 1.14973 1.1897 0.0113334
52 1.16663 1.18926 0.0111222
53 1.18924 1.18926 0.0109103
54 1.2157 1.18975 0.0107175
55 1.24303 1.19072 0.0105654
56 1.26724 1.19208 0.0104646
57 1.28442 1.1937 0.0104062
58 1.29184 1.1954 0.0103643
59 1.28883 1.19698 0.0103095
60 1.27691 1.19831 0.0102233
61 1.25912 1.19931 0.0101037
62 1.2393 1.19995 0.00996027
63 1.22124 1.20029 0.00980672
64 1.20789 1.20041 0.009653
65 1.2007 1.20042 0.00950333
66 1.19958 1.2004 0.00935825
67 1.20302 1.20044 0.00921759
68 1.20853 1.20056 0.00908181
69 1.2136 1.20075 0.00895122
70 1.21617 1.20097 0.00882516
71 1.21506 1.20117 0.00870224
72 1.21007 1.20129 0.00858142
73 1.20191 1.2013 0.00846305
74 1.19163 1.20117 0.00834893
75 1.18044 1.20089 0.00824149
76 1.16948 1.20048 0.00814282
77 1.15958 1.19995 0.00805391
78 1.15106 1.19932 0.00797466
79 1.14367 1.19862 0.00790451
80 1.13744 1.19785 0.00784246
81 1.13357 1.19706 0.00778559
82 1.13541 1.19631 0.00772672
83 1.14753 1.19572 0.00765565
84 1.17254 1.19544 0.007569
85 1.20827 1.19559 0.00748094
86 1.24858 1.19621 0.00741907
87 1.28665 1.19725 0.00740661
88 1.31751 1.19862 0.00744841
89 1.33853 1.20019 0.00753018
90 1.34864 1.20184 0.00762656
91 1.34807 1.20345 0.00771156
92 1.3383 1.20491 0.00776685
93 1.32212 1.20617 0.00778557
94 1.30312 1.2072 0.00777103
95 1.28488 1.20802 0.00773215
96 1.2699 1.20866 0.00767829
97 1.25879 1.20918 0.00761627
98 1.25033 1.2096 0.00754984
99 1.24244 1.20993 0.00748055
100 1.23321 1.21017 0.00740902
1 1.18741 1.18741 0
2 1.17242 1.17991 0.0074916
3 1.15622 1.17202 0.00900489
4 1.13946 1.16388 0.0103338
5 1.12269 1.15564 0.0114865
6 1.10608 1.14738 0.0124968
7 1.0896 1.13913 0.0134043
8 1.07326 1.13089 0.0142315
9 1.05738 1.12273 0.0149746
10 1.0425 1.1147 0.0156123
11 1.02908 1.10692 0.0161252
12 1.01732 1.09945 0.0165057
13 1.00731 1.09236 0.016756
14 0.999197 1.08571 0.0168802
15 0.993447 1.07956 0.0168754
16 0.991035 1.07403 0.016727
17 0.993367 1.06928 0.016413
18 1.00182 1.06553 0.0159218
19 1.01718 1.06299 0.015274
20 1.03914 1.0618 0.0145391
21 1.06623 1.06201 0.0138311
22 1.09624 1.06356 0.0132789
23 1.12684 1.06632 0.0129833
24 1.1562 1.07006 0.0129825
25 1.18329 1.07459 0.0132505
26 1.20775 1.07971 0.0137223
27 1.22897 1.08524 0.0143147
28 1.24557 1.09097 0.0149354
29 1.25598 1.09666 0.0154938
30 1.25928 1.10208 0.0159198
31 1.25615 1.10705 0.01618
32 1.24836 1.11146 0.0162767
33 1.23822 1.1153 0.0162367
34 1.22783 1.11861 0.0160958
35 1.21851 1.12147 0.0158876
36 1.21082 1.12395 0.0156382
37 1.20482 1.12614 0.015366
38 1.20032 1.12809 0.015083
39 1.19701 1.12985 0.0147971
40 1.19451 1.13147 0.0145127
41 1.19243 1.13296 0.0142322
42 1.19046 1.13433 0.0139565
43 1.18838 1.13558 0.0136859
44 1.18613 1.13673 0.0134205
45 1.1839 1.13778 0.0131607
46 1.18214 1.13875 0.0129075
47 1.18169 1.13966 0.0126629
48 1.18354 1.14057 0.0124299
49 1.18864 1.14155 0.0122131
50 1.19756 1.14267 0.0120186
51 1.21005 1.144 0.0118545
52 1.22482 1.14555 0.0117277
53 1.23972 1.14733 0.0116407
54 1.25229 1.14927 0.0115873
55 1.26049 1.15129 0.0115531
56 1.26338 1.15329 0.0115201
57 1.26138 1.15519 0.011474
58 1.25598 1.15693 0.0114075
59 1.24917 1.15849 0.011321
60 1.24276 1.1599 0.011219
61 1.23757 1.16117 0.0111067
62 1.23358 1.16234 0.0109884
63 1.23016 1.16341 0.010866
64 1.2265 1.1644 0.0107402
65 1.22178 1.16528 0.0106105
66 1.21529 1.16604 0.0104759
67 1.20621 1.16664 0.0103358
68 1.19379 1.16704 0.0101905
69 1.17748 1.16719 0.0100428
70 1.15704 1.16705 0.00989939
71 1.13273 1.16656 0.00977093
72 1.1056 1.16572 0.0096714
73 1.07787 1.16451 0.0096136
74 1.05273 1.163 0.00960236
75 1.03361 1.16128 0.00962927
76 1.02334 1.15946 0.0096735
77 1.02317 1.15769 0.00970974
78 1.03243 1.15609 0.00971806
79 1.04904 1.15473 0.00968948
80 1.07044 1.15368 0.00962544
81 1.09435 1.15294 0.00953403
82 1.11903 1.15253 0.00942612
83 1.14319 1.15242 0.00931254
84 1.16578 1.15258 0.00920239
85 1.18591 1.15297 0.00910193
86 1.20272 1.15355 0.00901405
87 1.21524 1.15426 0.00893801
88 1.22238 1.15503 0.00886971
89 1.22289 1.15579 0.00880256
90 1.216 1.15646 0.00872987
91 1.20206 1.15696 0.00864793
92 1.18262 1.15724 0.00855796
93 1.16075 1.15728 0.00846553
94 1.1404 1.1571 0.00837691
95 1.12565 1.15677 0.00829487
96 1.11957 1.15638 0.00821715
97 1.12337 1.15604 0.00813912
98 1.13603 1.15584 0.00805823
99 1.15457 1.15582 0.00797643
100 1.17517 1.15602 0.00789863
1 1.21615 1.21615 0
2 1.22924 1.22269 0.00654375
3 1.23829 1.22789 0.00642619
4 1.24457 1.23206 0.0061671
5 1.24952 1.23555 0.00591719
6 1.25382 1.2386 0.00571081
7 1.25707 1.24124 0.00550106
8 1.25814 1.24335 0.00521142
9 1.25586 1.24474 0.00480159
10 1.2499 1.24526 0.00432551
11 1.24108 1.24488 0.00393092
12 1.23126 1.24374 0.0037635
13 1.22268 1.24212 0.00382223
14 1.21735 1.24035 0.00395626
15 1.21629 1.23875 0.00401737
16 1.21895 1.23751 0.00395644
17 1.22358 1.23669 0.00380575
18 1.22753 1.23618 0.00362404
19 1.22792 1.23575 0.0034555
20 1.22261 1.23509 0.00334333
21 1.21077 1.23393 0.00338451
22 1.19347 1.23209 0.00371437
23 1.17384 1.22956 0.0043603
24 1.15605 1.2265 0.00517779
25 1.14362 1.22318 0.00597112
26 1.13775 1.2199 0.00661121
27 1.13684 1.21682 0.00706634
28 1.13756 1.21399 0.00737428
29 1.13632 1.21131 0.00760277
30 1.13081 1.20863 0.00781981
31 1.12107 1.2058 0.00807356
32 1.10979 1.2028 0.00837323
33 1.10114 1.19972 0.00868058
34 1.09875 1.19675 0.00892967
35 1.1043 1.19411 0.00906418
36 1.11767 1.19199 0.00906108
37 1.13801 1.19053 0.0089327
38 1.16396 1.18983 0.00872252
39 1.19333 1.18992 0.0084964
40 1.22274 1.19074 0.00832181
41 1.24822 1.19214 0.00823649
42 1.26673 1.19392 0.00823185
43 1.27727 1.19586 0.00826856
44 1.28098 1.19779 0.00830686
45 1.28005 1.19962 0.00832337
46 1.27637 1.20129 0.00830965
47 1.27087 1.20277 0.00826461
48 1.264 1.20404 0.00819056
49 1.25606 1.2051 0.00809161
50 1.24746 1.20595 0.00797325
51 1.23829 1.20659 0.00784102
52 1.22819 1.207 0.00769997
53 1.21636 1.20718 0.00755536
54 1.20199 1.20708 0.00741474
55 1.1845 1.20667 0.00729025
56 1.16377 1.20591 0.00719975
57 1.14054 1.20476 0.00716469
58 1.11626 1.20323 0.00720354
59 1.09324 1.20137 0.00732173
60 1.07433 1.19925 0.00750359
61 1.06218 1.197 0.00771407
62 1.05834 1.19477 0.00791134
63 1.0628 1.19267 0.00806164
64 1.07408 1.19082 0.00814819
65 1.08984 1.18927 0.0081709
66 1.1078 1.18803 0.00814027
67 1.12619 1.18711 0.0080708
68 1.14405 1.18648 0.0079764
69 1.16096 1.18611 0.00786865
70 1.17694 1.18597 0.00775653
71 1.19197 1.18606 0.00764697
72 1.20589 1.18633 0.00754504
73 1.2183 1.18677 0.00745384
74 1.22867 1.18734 0.00737419
75 1.23621 1.18799 0.00730433
76 1.24012 1.18868 0.00724015
77 1.23979 1.18934 0.00717627
78 1.23487 1.18992 0.00710768
79 1.22539 1.19037 0.00703148
80 1.21187 1.19064 0.00694823
81 1.1959 1.19071 0.00686222
82 1.18018 1.19058 0.00677923
83 1.16841 1.19031 0.00670238
84 1.1642 1.19 0.0066294
85 1.1697 1.18976 0.0065553
86 1.18449 1.1897 0.00647891
87 1.20596 1.18989 0.00640674
88 1.23031 1.19035 0.00635015
89 1.25392 1.19106 0.0063189
90 1.27402 1.19198 0.00631592
91 1.28893 1.19305 0.00633633
92 1.29777 1.19419 0.00636962
93 1.30009 1.19532 0.00640283
94 1.29564 1.19639 0.00642361
95 1.28455 1.19732 0.00642302
96 1.26745 1.19805 0.00639761
97 1.24575 1.19854 0.00635038
98 1.22161 1.19878 0.00628965
99 1.19758 1.19877 0.0062258
100 1.17608 1.19854 0.00616741
1 1.18222 1.18222 0
2 1.16808 1.17515 0.00706894
3 1.15826 1.16952 0.0069525
4 1.15151 1.16502 0.00666585
5 1.14622 1.16126 0.00638745
6 1.14098 1.15788 0.00621421
7 1.135 1.15461 0.0061858
8 1.12819 1.15131 0.00629335
9 1.121 1.14794 0.00649198
10 1.11416 1.14456 0.00671758
11 1.10829 1.14126 0.00691339
12 1.10384 1.13814 0.00703962
13 1.10109 1.13529 0.00707513
14 1.10035 1.1328 0.00700978
15 1.10203 1.13075 0.00684045
16 1.10652 1.12923 0.00657534
17 1.11412 1.12834 0.00624012
18 1.12489 1.12815 0.00588638
19 1.13866 1.1287 0.00559533
20 1.1547 1.13 0.00546498
21 1.17162 1.13199 0.00556315
22 1.18767 1.13452 0.00587726
23 1.20145 1.13743 0.00632511
24 1.21239 1.14055 0.00681394
25 1.22077 1.14376 0.00728084
26 1.22727 1.14697 0.00769732
27 1.23237 1.15013 0.0080538
28 1.23594 1.1532 0.00834402
29 1.23761 1.15611 0.00856112
30 1.2369 1.1588 0.00869825
31 1.23367 1.16122 0.00875274
32 1.22839 1.16332 0.00873089
33 1.22215 1.1651 0.00864794
34 1.21659 1.16661 0.00852532
35 1.21346 1.16795 0.00838564
36 1.21396 1.16923 0.00824897
37 1.21831 1.17056 0.00813184
38 1.22546 1.172 0.00804576
39 1.23329 1.17357 0.00799278
40 1.23933 1.17522 0.00796196
41 1.24137 1.17683 0.00793119
42 1.2379 1.17828 0.00787543
43 1.22839 1.17945 0.00777787
44 1.21336 1.18022 0.00763802
45 1.19434 1.18053 0.00747295
46 1.17367 1.18038 0.00731021
47 1.15406 1.17982 0.00717488
48 1.1378 1.17895 0.00707817
49 1.12598 1.17787 0.00701599
50 1.11859 1.17668 0.00697573
51 1.11502 1.17547 0.00694366
52 1.11478 1.17431 0.00690814
53 1.11792 1.17324 0.00685956
54 1.12486 1.17235 0.0067907
55 1.13586 1.17168 0.00669901
56 1.15059 1.17131 0.00658908
57 1.16798 1.17125 0.00647271
58 1.18639 1.17151 0.00636549
59 1.20392 1.17206 0.00628074
60 1.2186 1.17283 0.0062237
61 1.22847 1.17375 0.0061884
62 1.23195 1.17469 0.00615973
63 1.22795 1.17553 0.00611985
64 1.21645 1.17617 0.00605731
65 1.19895 1.17652 0.00597369
66 1.17851 1.17655 0.00588256
67 1.1593 1.17629 0.00579981
68 1.14544 1.17584 0.00573186
69 1.13982 1.17532 0.00567226
70 1.14346 1.17486 0.00560913
71 1.15601 1.1746 0.00553593
72 1.17598 1.17462 0.00545854
73 1.20087 1.17498 0.00539525
74 1.22646 1.17567 0.00536713
75 1.24721 1.17663 0.00538032
76 1.25815 1.1777 0.00541633
77 1.25721 1.17873 0.00544435
78 1.24619 1.1796 0.00544326
79 1.22976 1.18023 0.0054113
80 1.21334 1.18064 0.00535923
81 1.20114 1.1809 0.0052987
82 1.19508 1.18107 0.00523654
83 1.1948 1.18124 0.00517571
84 1.19816 1.18144 0.00511769
85 1.2019 1.18168 0.00506285
86 1.20269 1.18192 0.00500959
87 1.19816 1.18211 0.00495519
88 1.18756 1.18217 0.00489895
89 1.17172 1.18205 0.00484502
90 1.15243 1.18172 0.00480217
91 1.13193 1.18118 0.00478052
92 1.11218 1.18043 0.00478739
93 1.09466 1.17951 0.0048246
94 1.08041 1.17845 0.00488803
95 1.07024 1.17731 0.00496862
96 1.0649 1.17614 0.00505411
97 1.06488 1.17499 0.00513156
98 1.07012 1.17392 0.00519044
99 1.07996 1.17297 0.00522467
100 1.09338 1.17218 0.00523306
1 1.21327 1.21327 0
2 1.22614 1.2197 0.00643565
3 1.23738 1.2256 0.00696701
4 1.24647 1.23082 0.00717593
5 1.25259 1.23517 0.00706128
6 1.2553 1.23852 0.00667053
7 1.25491 1.24087 0.00610448
8 1.25259 1.24233 0.00548587
9 1.24986 1.24317 0.00490987
10 1.24748 1.2436 0.0044126
11 1.24512 1.24374 0.00399374
12 1.24192 1.24359 0.00364891
13 1.23759 1.24312 0.00338806
14 1.23316 1.24241 0.00321652
15 1.2308 1.24164 0.00309285
16 1.2331 1.2411 0.00294189
17 1.24211 1.24116 0.00276406
18 1.25892 1.24215 0.00278639
19 1.28316 1.24431 0.00340684
20 1.31288 1.24774 0.00471176
21 1.3446 1.25235 0.00643144
22 1.37405 1.25788 0.00825857
23 1.39725 1.26394 0.00994938
24 1.41151 1.27009 0.0113379
25 1.41556 1.27591 0.0123337
26 1.40953 1.28105 0.0129163
27 1.3941 1.28524 0.0131152
28 1.3699 1.28826 0.0129947
29 1.33749 1.28996 0.012653
30 1.29816 1.29023 0.0122271
31 1.25507 1.2891 0.0118803
32 1.21352 1.28673 0.011743
33 1.1791 1.28347 0.0118397
34 1.15479 1.27969 0.0120937
35 1.13953 1.27568 0.0124071
36 1.13001 1.27164 0.0127184
37 1.12429 1.26765 0.0129952
38 1.12348 1.26386 0.0132053
39 1.13075 1.26045 0.0133074
40 1.14851 1.25765 0.0132689
41 1.17612 1.25566 0.0130931
42 1.21011 1.25458 0.0128235
43 1.2454 1.25436 0.0125236
44 1.27674 1.25487 0.0122462
45 1.29969 1.25587 0.0120123
46 1.31131 1.25707 0.0118099
47 1.31044 1.25821 0.0116116
48 1.29798 1.25904 0.0113972
49 1.27686 1.2594 0.0111681
50 1.25156 1.25924 0.0109436
51 1.22719 1.25861 0.0107453
52 1.20835 1.25765 0.0105809
53 1.19828 1.25653 0.0104396
54 1.19822 1.25545 0.0103012
55 1.20758 1.25458 0.0101495
56 1.22444 1.25404 0.00998117
57 1.24628 1.2539 0.00980544
58 1.2705 1.25419 0.00963915
59 1.29498 1.25488 0.00949956
60 1.31814 1.25594 0.00939921
61 1.3392 1.2573 0.00934408
62 1.3577 1.25892 0.0093337
63 1.37294 1.26073 0.00936098
64 1.3833 1.26264 0.0094105
65 1.38616 1.26455 0.00945746
66 1.37866 1.26627 0.00947221
67 1.35888 1.26766 0.00943159
68 1.32697 1.26853 0.00933272
69 1.2857 1.26878 0.00919983
70 1.24017 1.26837 0.00907666
71 1.19696 1.26736 0.00900425
72 1.1623 1.2659 0.00899744
73 1.14044 1.26419 0.00903824
74 1.1326 1.26241 0.00909087
75 1.13709 1.26074 0.00912316
76 1.15059 1.25929 0.00911823
77 1.16925 1.25812 0.00907467
78 1.18936 1.25724 0.00900085
79 1.20771 1.25661 0.00890827
80 1.22179 1.25617 0.00880697
81 1.22997 1.25585 0.00870358
82 1.23169 1.25556 0.00860183
83 1.22733 1.25522 0.00850436
84 1.21806 1.25477 0.00841415
85 1.20584 1.2542 0.00833447
86 1.19323 1.25349 0.00826744
87 1.18371 1.25269 0.00821112
88 1.18138 1.25188 0.00815762
89 1.1898 1.25118 0.00809554
90 1.21053 1.25073 0.00801782
91 1.24212 1.25063 0.00792978
92 1.28042 1.25096 0.0078498
93 1.31989 1.2517 0.00780023
94 1.35518 1.2528 0.00779494
95 1.38239 1.25416 0.00783215
96 1.39956 1.25568 0.00789674
97 1.40689 1.25724 0.00796887
98 1.40606 1.25875 0.00803201
99 1.39952 1.26018 0.0080766
100 1.38943 1.26147 0.00809922
1 1.18955 1.18955 0
2 1.18144 1.18549 0.00405465
3 1.17557 1.18219 0.00405195
4 1.17061 1.17929 0.00407263
5 1.16504 1.17644 0.00425101
6 1.15773 1.17332 0.00466674
7 1.14839 1.16976 0.00531474
8 1.13784 1.16577 0.0060911
9 1.12764 1.16153 0.00684142
10 1.11914 1.1573 0.00744407
11 1.1126 1.15323 0.00786418
12 1.1073 1.1494 0.0081356
13 1.10254 1.1458 0.00830657
14 1.09866 1.14243 0.00839535
15 1.09701 1.1394 0.00838168
16 1.09915 1.13689 0.00823422
17 1.10568 1.13505 0.00794963
18 1.11615 1.134 0.00756823
19 1.12941 1.13376 0.0071629
20 1.14428 1.13429 0.00681566
21 1.15993 1.13551 0.00659702
22 1.17566 1.13733 0.00654949
23 1.19065 1.13965 0.00667381
24 1.20381 1.14232 0.00692629
25 1.21377 1.14518 0.00723207
26 1.21939 1.14804 0.0075117
27 1.21987 1.1507 0.00770221
28 1.2154 1.15301 0.00777341
29 1.20725 1.15488 0.00773029
30 1.19739 1.1563 0.00760144
31 1.18779 1.15731 0.00742201
32 1.17961 1.15801 0.00722002
33 1.17264 1.15845 0.00701186
34 1.16552 1.15866 0.00680568
35 1.15668 1.1586 0.00660861
36 1.14551 1.15824 0.00643271
37 1.1329 1.15755 0.0062938
38 1.12112 1.1566 0.00620051
39 1.11256 1.15547 0.0061441
40 1.10842 1.15429 0.00610293
41 1.10805 1.15316 0.00605814
42 1.10922 1.15212 0.006004
43 1.1093 1.15112 0.00594668
44 1.10624 1.1501 0.00589882
45 1.09921 1.14897 0.0058761
46 1.0887 1.14766 0.00589439
47 1.07645 1.14614 0.00596331
48 1.06534 1.14446 0.00607564
49 1.0587 1.14271 0.00620243
50 1.05952 1.14105 0.00630073
51 1.06966 1.13965 0.0063326
52 1.08939 1.13868 0.0062844
53 1.1175 1.13828 0.00617762
54 1.15165 1.13853 0.0060672
55 1.18852 1.13944 0.00602483
56 1.224 1.14095 0.00610594
57 1.25371 1.14293 0.00631572
58 1.27355 1.14518 0.00660189
59 1.2805 1.14747 0.00688242
60 1.27326 1.14957 0.00708409
61 1.25294 1.15126 0.00717012
62 1.22282 1.15242 0.00714732
63 1.18769 1.15298 0.0070552
64 1.15244 1.15297 0.0069441
65 1.12095 1.15248 0.00685416
66 1.09581 1.15162 0.00680389
67 1.07891 1.15053 0.00678886
68 1.07178 1.14937 0.0067878
69 1.07542 1.1483 0.00677403
70 1.08959 1.14746 0.00672905
71 1.11257 1.14697 0.00665177
72 1.14133 1.14689 0.0065592
73 1.17205 1.14724 0.0064779
74 1.20102 1.14796 0.00643096
75 1.22488 1.14899 0.00642698
76 1.24101 1.1502 0.0064564
77 1.24757 1.15147 0.00649628
78 1.24391 1.15265 0.00652105
79 1.23074 1.15364 0.00651342
80 1.21041 1.15435 0.00647052
81 1.18683 1.15475 0.0064027
82 1.16491 1.15487 0.00632535
83 1.14928 1.15481 0.00624904
84 1.14272 1.15466 0.00617587
85 1.14531 1.15455 0.00610377
86 1.15466 1.15455 0.00603238
87 1.16705 1.1547 0.00596437
88 1.1788 1.15497 0.00590256
89 1.18733 1.15533 0.00584718
90 1.19128 1.15573 0.00579562
91 1.19027 1.15611 0.00574413
92 1.18453 1.15642 0.00568974
93 1.17463 1.15662 0.00563163
94 1.16162 1.15667 0.00557165
95 1.14705 1.15657 0.00551362
96 1.13296 1.15632 0.00546143
97 1.12135 1.15596 0.00541685
98 1.1136 1.15553 0.00537869
99 1.11003 1.15507 0.00534389
100 1.10991 1.15462 0.00530942
1 1.19917 1.19917 0
2 1.19615 1.19766 0.00151424
3 1.19008 1.19513 0.00267257
4 1.18123 1.19166 0.00395622
5 1.17055 1.18744 0.0052164
6 1.1593 1.18275 0.00633542
7 1.14843 1.17784 0.00725969
8 1.13844 1.17292 0.00798654
9 1.1296 1.16811 0.00853074
10 1.12226 1.16352 0.00890137
11 1.11731 1.15932 0.00908167
12 1.11584 1.1557 0.00904763
13 1.11873 1.15285 0.0087951
14 1.12641 1.15097 0.00835887
15 1.13878 1.15015 0.00782397
16 1.15546 1.15048 0.00732617
17 1.176 1.15199 0.0070435
18 1.19988 1.15465 0.00715395
19 1.22605 1.1584 0.0077405
20 1.2525 1.16311 0.00872112
21 1.27617 1.16849 0.00988931
22 1.29355 1.17418 0.01101
23 1.30146 1.17971 0.0118872
24 1.29775 1.18463 0.0123984
25 1.28177 1.18852 0.0125108
26 1.25442 1.19105 0.0122843
27 1.21788 1.19204 0.0118623
28 1.17531 1.19145 0.0114464
29 1.13036 1.18934 0.0112437
30 1.08694 1.18593 0.0113861
31 1.04901 1.18151 0.0118653
32 1.02046 1.17648 0.0125426
33 1.00481 1.17127 0.0132229
34 1.00441 1.16637 0.0137349
35 1.01936 1.16217 0.0139825
36 1.04733 1.15898 0.013958
37 1.08425 1.15696 0.0137249
38 1.12577 1.15614 0.013384
39 1.16808 1.15644 0.0130399
40 1.2085 1.15774 0.0127762
41 1.24546 1.15988 0.012643
42 1.27814 1.1627 0.0126555
43 1.30593 1.16603 0.0127987
44 1.32835 1.16972 0.0130373
45 1.34519 1.17362 0.0133274
46 1.35663 1.1776 0.0136282
47 1.36308 1.18154 0.0139067
48 1.36481 1.18536 0.0141392
49 1.36146 1.18896 0.0143064
50 1.35226 1.19222 0.0143929
51 1.33668 1.19505 0.0143894
52 1.31491 1.19736 0.014297
53 1.28777 1.19906 0.014128
54 1.25664 1.20013 0.0139048
55 1.22357 1.20056 0.0136563
56 1.19114 1.20039 0.0134113
57 1.16252 1.19972 0.0131906
58 1.1411 1.19871 0.0130006
59 1.1298 1.19755 0.0128316
60 1.13004 1.19642 0.012666
61 1.14108 1.19551 0.0124896
62 1.15998 1.19494 0.0122999
63 1.18249 1.19474 0.0121047
64 1.20407 1.19489 0.0119149
65 1.221 1.19529 0.0117371
66 1.23076 1.19583 0.0115704
67 1.23215 1.19637 0.0114092
68 1.22531 1.1968 0.0112483
69 1.21169 1.19701 0.0110861
70 1.19396 1.19697 0.0109267
71 1.17567 1.19667 0.0107759
72 1.16037 1.19616 0.0106371
73 1.15098 1.19554 0.0105086
74 1.14904 1.19492 0.0103847
75 1.15433 1.19437 0.0102596
76 1.16515 1.19399 0.010131
77 1.17884 1.19379 0.0100005
78 1.19226 1.19377 0.00987146
79 1.20253 1.19388 0.00974633
80 1.20788 1.19406 0.00962532
81 1.2081 1.19423 0.00950733
82 1.2044 1.19436 0.00939149
83 1.19897 1.19441 0.00927782
84 1.1942 1.19441 0.0091667
85 1.19174 1.19438 0.00905827
86 1.19221 1.19435 0.00895236
87 1.1953 1.19436 0.00884886
88 1.20028 1.19443 0.00874799
89 1.20657 1.19457 0.00865021
90 1.21394 1.19478 0.00855627
91 1.2224 1.19509 0.00846716
92 1.23186 1.19549 0.00838416
93 1.24218 1.19599 0.0083087
94 1.25305 1.1966 0.00824221
95 1.26423 1.19731 0.00818601
96 1.27535 1.19812 0.00814098
97 1.28572 1.19902 0.00810707
98 1.29402 1.19999 0.00808226
99 1.29829 1.20099 0.00806159
100 1.2966 1.20194 0.00803764
1 1.19083 1.19083 0
2 1.17684 1.18384 0.00699437
3 1.15904 1.17557 0.00919993
4 1.13821 1.16623 0.0113816
5 1.11519 1.15602 0.0134882
6 1.09107 1.1452 0.0154429
7 1.06763 1.13411 0.0171215
8 1.04742 1.12328 0.0183655
9 1.03347 1.1133 0.0190237
10 1.0283 1.1048 0.0190202
11 1.03312 1.09828 0.0183973
12 1.04759 1.09406 0.0173175
13 1.07022 1.09222 0.016035
14 1.09882 1.0927 0.014853
15 1.13101 1.09525 0.0140614
16 1.16436 1.09957 0.0138443
17 1.19619 1.10525 0.0141922
18 1.22366 1.11183 0.01491
19 1.24396 1.11879 0.0157247
20 1.25482 1.12559 0.0163952
21 1.25502 1.13175 0.0167687
22 1.24466 1.13688 0.0167918
23 1.22541 1.14073 0.0165004
24 1.20032 1.14321 0.0159919
25 1.17337 1.14442 0.0153862
26 1.14881 1.14459 0.0147835
27 1.12984 1.14404 0.014236
28 1.11786 1.14311 0.0137499
29 1.11231 1.14205 0.0133098
30 1.11139 1.14102 0.012899
31 1.11318 1.14013 0.0125083
32 1.11649 1.13939 0.0121336
33 1.12068 1.13882 0.0117738
34 1.12487 1.13841 0.0114296
35 1.1278 1.13811 0.0111024
36 1.12788 1.13782 0.0107933
37 1.12384 1.13744 0.0105044
38 1.11532 1.13686 0.0102408
39 1.10322 1.136 0.010012
40 1.08975 1.13484 0.00982671
41 1.07797 1.13346 0.0096839
42 1.07081 1.13197 0.0095675
43 1.07008 1.13053 0.00945254
44 1.07574 1.12928 0.00931876
45 1.08595 1.12832 0.00916008
46 1.09797 1.12766 0.008983
47 1.10931 1.12727 0.00879847
48 1.11873 1.12709 0.00861505
49 1.12648 1.12708 0.00843741
50 1.13395 1.12721 0.00826809
51 1.14285 1.12752 0.00811014
52 1.15405 1.12803 0.00796899
53 1.16694 1.12877 0.00785158
54 1.17942 1.1297 0.00776171
55 1.1885 1.13077 0.00769391
56 1.19122 1.13185 0.007632
57 1.18571 1.1328 0.00755621
58 1.17216 1.13348 0.00745574
59 1.15348 1.13381 0.00733612
60 1.13521 1.13384 0.00721285
61 1.12407 1.13368 0.00709543
62 1.12517 1.13354 0.0069814
63 1.13935 1.13363 0.00687031
64 1.16304 1.13409 0.0067777
65 1.19031 1.13496 0.00672843
66 1.21575 1.13618 0.00673782
67 1.23603 1.13767 0.00680178
68 1.24994 1.13932 0.00690141
69 1.25771 1.14104 0.00701374
70 1.26013 1.14274 0.0071191
71 1.258 1.14436 0.00720344
72 1.25148 1.14585 0.00725682
73 1.24038 1.14715 0.00727292
74 1.22441 1.14819 0.00724954
75 1.204 1.14893 0.00719084
76 1.18075 1.14935 0.00710793
77 1.15719 1.14945 0.00701575
78 1.13633 1.14929 0.00692726
79 1.12087 1.14893 0.00684847
80 1.11236 1.14847 0.00677775
81 1.11089 1.14801 0.00670961
82 1.11529 1.14761 0.00663929
83 1.12396 1.14732 0.00656499
84 1.13515 1.14718 0.00648798
85 1.14707 1.14718 0.0064112
86 1.15772 1.1473 0.0063374
87 1.16498 1.1475 0.00626743
88 1.16683 1.14772 0.00619969
89 1.16206 1.14788 0.00613175
90 1.15087 1.14792 0.00606332
91 1.135 1.14777 0.005998
92 1.11737 1.14744 0.00594165
93 1.10136 1.14695 0.00589826
94 1.09002 1.14634 0.00586652
95 1.08548 1.1457 0.00583969
96 1.08855 1.14511 0.00580912
97 1.09876 1.14463 0.00576874
98 1.11478 1.14432 0.00571769
99 1.13482 1.14423 0.00566046
100 1.15699 1.14435 0.00560502
1 1.21983 1.21983 0
2 1.23831 1.22907 0.00924014
3 1.25281 1.23698 0.00954535
4 1.26186 1.2432 0.00917766
5 1.26428 1.24742 0.00826513
6 1.25946 1.24942 0.00704058
7 1.24765 1.24917 0.00595577
8 1.22996 1.24677 0.00568929
9 1.20795 1.24246 0.00661673
10 1.18345 1.23655 0.008357
11 1.15827 1.22944 0.010382
12 1.13408 1.22149 0.0123679
13 1.11211 1.21308 0.0141502
14 1.09297 1.2045 0.0156597
15 1.07682 1.19599 0.0168815
16 1.06373 1.18772 0.0178239
17 1.05409 1.17986 0.018496
18 1.04861 1.17257 0.0189013
19 1.04805 1.16602 0.0190421
20 1.05275 1.16035 0.0189318
21 1.06219 1.15568 0.0186045
22 1.07479 1.152 0.0181157
23 1.08821 1.14923 0.017531
24 1.10011 1.14718 0.0169089
25 1.10907 1.14566 0.01629
26 1.1152 1.14448 0.0156947
27 1.12028 1.14359 0.0151288
28 1.12715 1.143 0.0145903
29 1.13893 1.14286 0.0140789
30 1.15799 1.14337 0.0136108
31 1.18494 1.14471 0.0132326
32 1.21829 1.14701 0.0130171
33 1.25441 1.15026 0.0130295
34 1.28835 1.15432 0.0132769
35 1.31511 1.15892 0.013686
36 1.33074 1.16369 0.0141309
37 1.33331 1.16827 0.0144881
38 1.3232 1.17235 0.0146792
39 1.30288 1.1757 0.0146844
40 1.2764 1.17821 0.0145323
41 1.24864 1.17993 0.0142771
42 1.22422 1.18099 0.0139729
43 1.20631 1.18158 0.0136567
44 1.19602 1.1819 0.0133468
45 1.1925 1.18214 0.013049
46 1.19379 1.18239 0.0127646
47 1.19768 1.18272 0.0124943
48 1.20225 1.18312 0.012238
49 1.2059 1.18359 0.0119947
50 1.20719 1.18406 0.0117618
51 1.20494 1.18447 0.0115362
52 1.19864 1.18474 0.0113154
53 1.18882 1.18482 0.0111001
54 1.17666 1.18467 0.0108937
55 1.16334 1.18428 0.0107008
56 1.14985 1.18367 0.010526
57 1.13696 1.18285 0.0103721
58 1.12524 1.18185 0.0102399
59 1.11475 1.18072 0.010129
60 1.10516 1.17946 0.010038
61 1.09621 1.17809 0.00996596
62 1.08798 1.17664 0.00991104
63 1.08098 1.17512 0.00986996
64 1.07593 1.17357 0.00983736
65 1.07356 1.17203 0.00980631
66 1.07465 1.17056 0.00976866
67 1.08011 1.16921 0.00971599
68 1.09079 1.16805 0.00964125
69 1.10697 1.16717 0.00954166
70 1.12792 1.16661 0.00942105
71 1.15196 1.1664 0.00928971
72 1.1767 1.16654 0.00916089
73 1.19956 1.167 0.00904584
74 1.2181 1.16769 0.00894945
75 1.23031 1.16852 0.00886871
76 1.23517 1.1694 0.00879506
77 1.23306 1.17023 0.00871938
78 1.22607 1.17094 0.00863659
79 1.21724 1.17153 0.00854668
80 1.20934 1.172 0.0084524
81 1.20357 1.17239 0.00835649
82 1.19943 1.17272 0.00826053
83 1.19581 1.173 0.00816514
84 1.19196 1.17322 0.00807051
85 1.18757 1.17339 0.00797679
86 1.1824 1.1735 0.00788418
87 1.17612 1.17353 0.00779309
88 1.16858 1.17347 0.00770423
89 1.16015 1.17332 0.00761864
90 1.15171 1.17308 0.00753734
91 1.14415 1.17276 0.00746083
92 1.13814 1.17239 0.00738888
93 1.13445 1.17198 0.00732037
94 1.1341 1.17158 0.00725328
95 1.1381 1.17122 0.00718517
96 1.14674 1.17097 0.00711451
97 1.1591 1.17085 0.00704184
98 1.17328 1.17087 0.00696966
99 1.18735 1.17104 0.00690091
100 1.19991 1.17133 0.00683765
1 1.20801 1.20801 0
2 1.21445 1.21123 0.00321913
3 1.21884 1.21377 0.00314542
4 1.22082 1.21553 0.00283778
5 1.21967 1.21636 0.00234924
6 1.21476 1.21609 0.00193658
7 1.20589 1.21464 0.00219148
8 1.19368 1.21202 0.00323497
9 1.17969 1.20842 0.00458719
10 1.16624 1.2042 0.00588474
11 1.15592 1.19982 0.00689933
12 1.15113 1.19576 0.00749194
13 1.15359 1.19251 0.00761683
14 1.16399 1.19048 0.00734022
15 1.1816 1.18989 0.00685893
16 1.2041 1.19077 0.00647712
17 1.22802 1.19296 0.00646675
18 1.24963 1.19611 0.00686158
19 1.26553 1.19977 0.00744807
20 1.27357 1.20346 0.00797155
21 1.273 1.20677 0.00827401
22 1.26452 1.20939 0.00831432
23 1.25004 1.21116 0.00813877
24 1.23175 1.21202 0.00783937
25 1.21163 1.212 0.00751928
26 1.19076 1.21119 0.00727034
27 1.16954 1.20964 0.00716394
28 1.14817 1.20745 0.00724401
29 1.12709 1.20468 0.00751896
30 1.10737 1.20143 0.0079553
31 1.09078 1.19786 0.00848207
32 1.07925 1.19416 0.00901049
33 1.0741 1.19052 0.00946072
34 1.0753 1.18713 0.00978383
35 1.08173 1.18412 0.00996605
36 1.0918 1.18155 0.010019
37 1.10396 1.17946 0.00996759
38 1.11693 1.17781 0.00984029
39 1.12945 1.17657 0.00966455
40 1.1403 1.17566 0.00946337
41 1.1487 1.17501 0.00925307
42 1.15448 1.17452 0.00904328
43 1.15813 1.17414 0.00883869
44 1.16048 1.17383 0.00864106
45 1.16217 1.17357 0.00845082
46 1.16338 1.17335 0.00826803
47 1.16357 1.17314 0.00809288
48 1.16199 1.17291 0.00792589
49 1.15805 1.1726 0.00776837
50 1.15163 1.17218 0.00762297
51 1.14319 1.17162 0.0074936
52 1.13347 1.17088 0.0073846
53 1.1232 1.16998 0.00729957
54 1.11274 1.16892 0.00724114
55 1.10227 1.16771 0.00721083
56 1.09214 1.16636 0.00720834
57 1.08344 1.16491 0.00722864
58 1.07804 1.16341 0.00725908
59 1.07832 1.16197 0.00727927
60 1.08638 1.16071 0.00726694
61 1.1033 1.15977 0.00720851
62 1.12854 1.15926 0.00710916
63 1.1599 1.15927 0.00699541
64 1.19398 1.15981 0.00690656
65 1.22691 1.16085 0.00687738
66 1.2554 1.16228 0.00692224
67 1.27751 1.164 0.00703172
68 1.29301 1.1659 0.00718263
69 1.30255 1.16788 0.00734964
70 1.30689 1.16986 0.00751116
71 1.30625 1.17178 0.00764975
72 1.30048 1.17357 0.00775167
73 1.2894 1.17516 0.00780768
74 1.27315 1.17648 0.00781446
75 1.25221 1.17749 0.00777541
76 1.22753 1.17815 0.00770062
77 1.20045 1.17844 0.00760547
78 1.17276 1.17837 0.00750768
79 1.14668 1.17797 0.00742288
80 1.12455 1.1773 0.00735985
81 1.10847 1.17645 0.00731792
82 1.10008 1.17552 0.00728788
83 1.09988 1.17461 0.00725698
84 1.10701 1.1738 0.00721508
85 1.11911 1.17316 0.00715867
86 1.13292 1.17269 0.00709039
87 1.14509 1.17237 0.00701559
88 1.15297 1.17215 0.00693892
89 1.15503 1.17196 0.00686321
90 1.15131 1.17173 0.0067904
91 1.14346 1.17142 0.00672254
92 1.13436 1.17102 0.00666126
93 1.12739 1.17055 0.00660592
94 1.12542 1.17007 0.00655288
95 1.12988 1.16964 0.00649732
96 1.14025 1.16934 0.00643657
97 1.15475 1.16919 0.00637164
98 1.17121 1.16921 0.00630633
99 1.18807 1.1694 0.00624521
100 1.20489 1.16975 0.00619262
1 1.21483 1.21483 0
2 1.23131 1.22307 0.0082387
3 1.24816 1.23144 0.00962149
4 1.264 1.23958 0.0106101
5 1.27679 1.24702 0.011087
6 1.28457 1.25328 0.0110057
7 1.28627 1.25799 0.0104273
8 1.28198 1.26099 0.00951528
9 1.27302 1.26233 0.00849749
10 1.26132 1.26223 0.00760105
11 1.24886 1.26101 0.006982
12 1.23712 1.25902 0.00667729
13 1.22703 1.25656 0.00661679
14 1.21885 1.25387 0.00669204
15 1.21228 1.25109 0.0068191
16 1.20661 1.24831 0.00695829
17 1.20061 1.24551 0.00711305
18 1.19262 1.24257 0.00732167
19 1.18099 1.23933 0.00764644
20 1.16453 1.23559 0.00816149
21 1.14304 1.23118 0.00892675
22 1.11765 1.22602 0.00995353
23 1.09074 1.22014 0.0111827
24 1.06556 1.2137 0.0124947
25 1.04554 1.20697 0.0137431
26 1.03345 1.2003 0.0147947
27 1.03077 1.19402 0.0155594
28 1.03754 1.18843 0.016001
29 1.05249 1.18374 0.0161353
30 1.07334 1.18006 0.0160167
31 1.09708 1.17739 0.015721
32 1.12029 1.1756 0.015326
33 1.13985 1.17452 0.0148938
34 1.15367 1.1739 0.0144621
35 1.16102 1.17354 0.0140476
36 1.16258 1.17323 0.0136552
37 1.15989 1.17287 0.0132859
38 1.15414 1.17238 0.012941
39 1.14555 1.17169 0.0126235
40 1.13383 1.17074 0.0123403
41 1.11939 1.16949 0.0121005
42 1.10405 1.16793 0.0119113
43 1.09067 1.16614 0.0117689
44 1.08239 1.16423 0.0116548
45 1.08156 1.1624 0.0115401
46 1.08919 1.1608 0.011398
47 1.10476 1.15961 0.0112165
48 1.12648 1.15892 0.011002
49 1.15167 1.15877 0.0107761
50 1.17735 1.15915 0.0105649
51 1.20072 1.15996 0.0103878
52 1.21934 1.1611 0.0102498
53 1.23158 1.16243 0.0101421
54 1.23665 1.16381 0.010047
55 1.23478 1.1651 0.00994668
56 1.22732 1.16621 0.00983044
57 1.21659 1.16709 0.0096968
58 1.20555 1.16776 0.00955119
59 1.19704 1.16825 0.00940101
60 1.19285 1.16866 0.00925209
61 1.19297 1.16906 0.00910787
62 1.19545 1.16949 0.00896987
63 1.19736 1.16993 0.00883743
64 1.19609 1.17034 0.00870785
65 1.19022 1.17064 0.00857829
66 1.17985 1.17078 0.00844847
67 1.16646 1.17072 0.00832167
68 1.15215 1.17044 0.00820292
69 1.13869 1.16998 0.00809626
70 1.12713 1.16937 0.00800321
71 1.11793 1.16865 0.00792288
72 1.11163 1.16786 0.0078521
73 1.10919 1.16705 0.00778538
74 1.11147 1.1663 0.0077161
75 1.11851 1.16566 0.00763915
76 1.12908 1.16518 0.00755332
77 1.14114 1.16487 0.00746111
78 1.15287 1.16472 0.00736644
79 1.16342 1.1647 0.00727262
80 1.17302 1.1648 0.00718189
81 1.18257 1.16502 0.00709606
82 1.19307 1.16537 0.00701733
83 1.20478 1.16584 0.00694851
84 1.21675 1.16645 0.006892
85 1.22702 1.16716 0.00684761
86 1.23311 1.16793 0.00681083
87 1.23279 1.16867 0.00677325
88 1.22475 1.16931 0.00672609
89 1.2091 1.16976 0.0066651
90 1.18788 1.16996 0.0065937
91 1.165 1.1699 0.00652107
92 1.14557 1.16964 0.00645522
93 1.13432 1.16926 0.00639671
94 1.13383 1.16888 0.00633951
95 1.14374 1.16862 0.006278
96 1.16145 1.16854 0.00621271
97 1.18326 1.16869 0.0061502
98 1.20538 1.16907 0.00609862
99 1.22441 1.16963 0.00606253
100 1.23747 1.17031 0.00603982
1 1.20261 1.20261 0
2 1.19767 1.20014 0.00247118
3 1.18483 1.19504 0.00529849
4 1.16489 1.1875 0.00841773
5 1.13916 1.17783 0.0116618
6 1.10935 1.16642 0.0148643
7 1.07746 1.15371 0.01787
8 1.04602 1.14025 0.0205111
9 1.01821 1.12669 0.0226072
10 0.997761 1.1138 0.0239811
11 0.988288 1.10239 0.0245095
12 0.992694 1.09325 0.0241693
13 1.01246 1.08703 0.0230846
14 1.04682 1.08416 0.0215643
15 1.09261 1.08472 0.0200832
16 1.14475 1.08847 0.019157
17 1.19758 1.09489 0.0191051
18 1.24624 1.1033 0.0198784
19 1.28714 1.11298 0.0211465
20 1.31809 1.12323 0.0225309
21 1.33789 1.13345 0.0237441
22 1.34601 1.14312 0.0246145
23 1.3425 1.15178 0.0250667
24 1.32806 1.15913 0.0250983
25 1.30404 1.16493 0.0247615
26 1.27237 1.16906 0.0241463
27 1.23543 1.17152 0.0233645
28 1.19579 1.17238 0.0225313
29 1.15581 1.17181 0.021748
30 1.11764 1.17001 0.021088
31 1.08374 1.16722 0.0205854
32 1.05747 1.16379 0.0202246
33 1.04294 1.16013 0.0199413
34 1.04359 1.1567 0.0196473
35 1.06023 1.15395 0.0192757
36 1.08985 1.15217 0.0188171
37 1.12621 1.15147 0.0183149
38 1.16211 1.15175 0.0178286
39 1.19163 1.15277 0.0173955
40 1.21144 1.15423 0.0170184
41 1.2211 1.15587 0.016678
42 1.22222 1.15745 0.0163526
43 1.21721 1.15884 0.0160281
44 1.20804 1.15995 0.0156995
45 1.19573 1.16075 0.0153672
46 1.18065 1.16118 0.0150357
47 1.16305 1.16122 0.0147124
48 1.14349 1.16085 0.0144073
49 1.12295 1.16008 0.0141314
50 1.10258 1.15893 0.0138936
51 1.08347 1.15745 0.0136986
52 1.06656 1.1557 0.0135458
53 1.05267 1.15376 0.0134292
54 1.04243 1.15169 0.0133385
55 1.03636 1.1496 0.0132606
56 1.03484 1.14755 0.0131819
57 1.03839 1.14563 0.0130894
58 1.04754 1.14394 0.0129725
59 1.06268 1.14257 0.0128249
60 1.08359 1.14158 0.0126476
61 1.10898 1.14105 0.01245
62 1.13636 1.14097 0.0122477
63 1.16234 1.14131 0.0120565
64 1.1837 1.14197 0.0118851
65 1.19829 1.14284 0.0117329
66 1.20529 1.14379 0.0115924
67 1.2053 1.1447 0.0114549
68 1.19984 1.14552 0.0113143
69 1.19074 1.14617 0.0111684
70 1.17953 1.14665 0.011018
71 1.16732 1.14694 0.0108656
72 1.15485 1.14705 0.0107142
73 1.14275 1.14699 0.0105666
74 1.13154 1.14678 0.0104249
75 1.1216 1.14644 0.0102904
76 1.11279 1.146 0.0101638
77 1.10498 1.14547 0.0100451
78 1.09829 1.14486 0.00993388
79 1.0934 1.14421 0.00982894
80 1.09191 1.14356 0.00972729
81 1.09617 1.14297 0.00962425
82 1.1089 1.14256 0.00951523
83 1.13169 1.14243 0.00940081
84 1.16342 1.14268 0.00929158
85 1.19966 1.14335 0.00920606
86 1.23413 1.1444 0.00915941
87 1.26074 1.14574 0.00915173
88 1.27512 1.14721 0.00916582
89 1.27521 1.14865 0.00917567
90 1.26141 1.1499 0.00915924
91 1.2364 1.15085 0.00910777
92 1.20464 1.15144 0.00902718
93 1.17153 1.15165 0.0089322
94 1.14236 1.15155 0.00883722
95 1.12108 1.15123 0.00874958
96 1.10967 1.1508 0.00866878
97 1.10775 1.15036 0.00859042
98 1.11359 1.14998 0.00851058
99 1.12475 1.14973 0.00842803
100 1.13884 1.14962 0.00834404
1 1.21191 1.21191 0
2 1.22144 1.21668 0.00476376
3 1.22605 1.2198 0.00416221
4 1.22413 1.22088 0.00313555
5 1.21494 1.21969 0.00270389
6 1.19897 1.21624 0.0040992
7 1.1779 1.21076 0.00648027
8 1.15458 1.20374 0.00898991
9 1.13261 1.19584 0.0111949
10 1.11617 1.18787 0.0127955
11 1.10913 1.18071 0.0136086
12 1.11367 1.17512 0.0136214
13 1.12927 1.1716 0.0130168
14 1.15311 1.17028 0.0121233
15 1.18128 1.17101 0.01131
16 1.20996 1.17344 0.010856
17 1.23613 1.17713 0.0108436
18 1.25747 1.18159 0.0111553
19 1.27227 1.18637 0.0115809
20 1.27939 1.19102 0.0119305
21 1.27817 1.19517 0.0120831
22 1.26847 1.1985 0.011993
23 1.25056 1.20076 0.0116811
24 1.22542 1.20179 0.0112309
25 1.19488 1.20151 0.0107758
26 1.16193 1.19999 0.0104645
27 1.13036 1.19741 0.0103944
28 1.10402 1.19408 0.0105571
29 1.08565 1.19034 0.0108511
30 1.07621 1.18653 0.0111521
31 1.07504 1.18294 0.0113702
32 1.08058 1.17974 0.0114644
33 1.09104 1.17705 0.0114321
34 1.10451 1.17492 0.0112941
35 1.11921 1.17333 0.0110815
36 1.13344 1.17222 0.0108262
37 1.14583 1.1715 0.0105536
38 1.15561 1.17109 0.0102807
39 1.16276 1.17087 0.0100159
40 1.16786 1.1708 0.00976255
41 1.1719 1.17082 0.0095215
42 1.17581 1.17094 0.00929279
43 1.18039 1.17116 0.00907677
44 1.18595 1.1715 0.00887445
45 1.19253 1.17197 0.00868757
46 1.1999 1.17257 0.00851828
47 1.20768 1.17332 0.00836846
48 1.21534 1.1742 0.00823891
49 1.22236 1.17518 0.00812867
50 1.22842 1.17624 0.0080353
51 1.23347 1.17737 0.0079557
52 1.23787 1.17853 0.0078875
53 1.24209 1.17973 0.00782964
54 1.24629 1.18096 0.00778152
55 1.25007 1.18222 0.00774138
56 1.25271 1.18348 0.00770541
57 1.2535 1.18471 0.00766807
58 1.25197 1.18586 0.00762342
59 1.24791 1.18692 0.00756654
60 1.24141 1.18782 0.0074946
61 1.23266 1.18856 0.00740727
62 1.22207 1.1891 0.00730684
63 1.21035 1.18944 0.00719783
64 1.19838 1.18958 0.00708585
65 1.18705 1.18954 0.00697609
66 1.17703 1.18935 0.00687219
67 1.16877 1.18904 0.00677581
68 1.16251 1.18865 0.00668681
69 1.15866 1.18822 0.00660351
70 1.15761 1.18778 0.00652316
71 1.15937 1.18738 0.00644307
72 1.16333 1.18705 0.00636172
73 1.16831 1.18679 0.00627922
74 1.17312 1.1866 0.00619654
75 1.17676 1.18647 0.00611477
76 1.17832 1.18637 0.00603473
77 1.17701 1.18624 0.00595708
78 1.17216 1.18606 0.00588298
79 1.16361 1.18578 0.00581498
80 1.15218 1.18536 0.00575718
81 1.13972 1.1848 0.00571351
82 1.12888 1.18411 0.00568445
83 1.12238 1.18337 0.00566458
84 1.12233 1.18264 0.00564371
85 1.1295 1.18202 0.00561185
86 1.14303 1.18157 0.00556471
87 1.16065 1.18132 0.00550563
88 1.17944 1.1813 0.00544274
89 1.19654 1.18147 0.00538396
90 1.20948 1.18179 0.00533289
91 1.21652 1.18217 0.00528776
92 1.217 1.18255 0.00524366
93 1.21142 1.18286 0.00519625
94 1.20148 1.18305 0.00514449
95 1.18962 1.18312 0.00509052
96 1.17879 1.18308 0.00503742
97 1.17189 1.18296 0.00498655
98 1.17115 1.18284 0.00493688
99 1.17764 1.18279 0.00488704
100 1.19095 1.18287 0.00483861
1 1.21613 1.21613 0
2 1.23489 1.22551 0.00938187
3 1.2522 1.23441 0.0104166
4 1.2647 1.24198 0.0105638
5 1.2692 1.24743 0.00982811
6 1.2632 1.25005 0.00844425
7 1.2456 1.24942 0.00716499
8 1.21735 1.24541 0.00738688
9 1.18198 1.23836 0.0095973
10 1.14523 1.22905 0.0126658
11 1.11393 1.21858 0.0155168
12 1.09413 1.20821 0.0175557
13 1.0887 1.19902 0.0185825
14 1.09664 1.19171 0.0186938
15 1.11394 1.18652 0.0181588
16 1.13583 1.18335 0.017279
17 1.15847 1.18189 0.0162966
18 1.1793 1.18175 0.0153653
19 1.19683 1.18254 0.0145558
20 1.21044 1.18394 0.0138791
21 1.22028 1.18567 0.0133146
22 1.22737 1.18756 0.0128358
23 1.23322 1.18955 0.0124246
24 1.23902 1.19161 0.0120729
25 1.24487 1.19374 0.0117743
26 1.24987 1.1959 0.0115165
27 1.25273 1.198 0.0112799
28 1.2523 1.19994 0.0110412
29 1.24795 1.2016 0.0107815
30 1.23961 1.20286 0.0104927
31 1.22791 1.20367 0.0101807
32 1.21395 1.20399 0.00986264
33 1.19898 1.20384 0.00956031
34 1.18422 1.20326 0.0092928
35 1.17071 1.20233 0.00907121
36 1.15934 1.20114 0.00889617
37 1.15082 1.19978 0.00875864
38 1.14535 1.19835 0.00864452
39 1.14238 1.19691 0.00854137
40 1.14053 1.1955 0.00844359
41 1.13814 1.1941 0.00835309
42 1.13398 1.19267 0.00827653
43 1.12769 1.19116 0.00822183
44 1.11983 1.18954 0.00819473
45 1.11158 1.18781 0.00819577
46 1.10438 1.18599 0.00821824
47 1.09974 1.18416 0.00824821
48 1.09932 1.18239 0.00826574
49 1.10475 1.18081 0.00824892
50 1.11716 1.17953 0.00818189
51 1.13602 1.17868 0.0080651
52 1.15893 1.1783 0.0079176
53 1.18223 1.17837 0.00776713
54 1.20223 1.17882 0.00763474
55 1.21612 1.17949 0.00752526
56 1.22238 1.18026 0.00742925
57 1.22112 1.18098 0.00733287
58 1.21367 1.18154 0.00722735
59 1.20213 1.18189 0.00711236
60 1.18883 1.18201 0.00699377
61 1.17555 1.1819 0.00687898
62 1.16325 1.1816 0.0067738
63 1.15228 1.18113 0.00668164
64 1.14301 1.18054 0.00660333
65 1.136 1.17985 0.00653696
66 1.13174 1.17912 0.00647829
67 1.13028 1.17839 0.00642238
68 1.13121 1.1777 0.00636517
69 1.13399 1.17707 0.00630415
70 1.13838 1.17651 0.00623797
71 1.14434 1.17606 0.00616615
72 1.15174 1.17572 0.00608929
73 1.16006 1.17551 0.00600913
74 1.16835 1.17541 0.00592815
75 1.17553 1.17541 0.00584858
76 1.18082 1.17548 0.00577155
77 1.18418 1.1756 0.00569722
78 1.18632 1.17574 0.00562538
79 1.18817 1.17589 0.00555595
80 1.19054 1.17608 0.00548912
81 1.19386 1.1763 0.00542537
82 1.19798 1.17656 0.00536532
83 1.20241 1.17687 0.00530943
84 1.20647 1.17722 0.00525766
85 1.20936 1.1776 0.00520918
86 1.21006 1.17798 0.00516207
87 1.20753 1.17832 0.00511368
88 1.20102 1.17858 0.00506181
89 1.19047 1.17871 0.0050064
90 1.17691 1.17869 0.0049505
91 1.16258 1.17851 0.004899
92 1.15066 1.17821 0.00485491
93 1.14442 1.17785 0.00481615
94 1.14598 1.17751 0.00477668
95 1.15524 1.17727 0.00473194
96 1.16975 1.1772 0.00468305
97 1.18567 1.17728 0.00463534
98 1.19938 1.17751 0.00459333
99 1.20882 1.17782 0.00455768
100 1.21365 1.17818 0.00452608
1 1.1991 1.1991 0
2 1.19617 1.19764 0.00146748
3 1.19224 1.19584 0.0019868
4 1.18814 1.19391 0.00238388
5 1.18439 1.19201 0.00265296
6 1.18136 1.19023 0.0028003
7 1.17919 1.18866 0.00284395
8 1.17816 1.18734 0.00279087
9 1.1787 1.18638 0.00264186
10 1.18105 1.18585 0.00242247
11 1.18462 1.18574 0.00219406
12 1.18814 1.18594 0.00201286
13 1.18963 1.18622 0.00187319
14 1.18666 1.18625 0.00173452
15 1.17715 1.18565 0.00172506
16 1.16059 1.18408 0.00224861
17 1.13981 1.18148 0.00335314
18 1.1213 1.17813 0.00460134
19 1.11242 1.17467 0.0055593
20 1.11665 1.17177 0.00601928
21 1.13216 1.16989 0.00602818
22 1.15413 1.16917 0.0057921
23 1.17783 1.16955 0.00554734
24 1.19975 1.17081 0.00545818
25 1.21751 1.17267 0.00555862
26 1.22967 1.17487 0.00577294
27 1.2354 1.17711 0.00599043
28 1.2345 1.17916 0.00612564
29 1.22745 1.18082 0.00614074
30 1.21547 1.18198 0.0060439
31 1.20079 1.18258 0.00587708
32 1.18654 1.18271 0.0056918
33 1.17626 1.18251 0.00552008
34 1.17295 1.18223 0.00536265
35 1.17819 1.18212 0.00520846
36 1.19164 1.18238 0.00506863
37 1.2111 1.18316 0.00499049
38 1.2329 1.18447 0.00503068
39 1.25265 1.18621 0.00520259
40 1.26626 1.18822 0.0054514
41 1.2706 1.19022 0.00568384
42 1.2642 1.19199 0.00581979
43 1.24722 1.19327 0.00582621
44 1.2215 1.19391 0.00572829
45 1.19004 1.19383 0.00560021
46 1.15651 1.19301 0.00553686
47 1.1244 1.19155 0.00561103
48 1.09623 1.18957 0.00584088
49 1.07323 1.18719 0.00619357
50 1.05567 1.18456 0.00661405
51 1.04346 1.1818 0.00704878
52 1.03669 1.17901 0.00745398
53 1.03575 1.1763 0.00779557
54 1.04108 1.1738 0.00804927
55 1.05277 1.1716 0.00820226
56 1.07029 1.16979 0.00825511
57 1.09255 1.16844 0.00822143
58 1.1181 1.16757 0.00812492
59 1.14552 1.16719 0.00799476
60 1.17346 1.1673 0.00786108
61 1.20039 1.16784 0.00775014
62 1.22442 1.16875 0.00767854
63 1.24344 1.16994 0.00764811
64 1.25565 1.17128 0.00764587
65 1.26016 1.17265 0.00765051
66 1.25762 1.17393 0.00764293
67 1.2502 1.17507 0.00761357
68 1.24098 1.17604 0.00756312
69 1.23285 1.17686 0.00749804
70 1.2274 1.17759 0.00742533
71 1.22425 1.17824 0.00734945
72 1.22129 1.17884 0.00727128
73 1.21574 1.17935 0.00718878
74 1.20554 1.1797 0.0070998
75 1.19005 1.17984 0.00700585
76 1.17025 1.17971 0.00691421
77 1.14821 1.1793 0.00683607
78 1.12658 1.17863 0.00678163
79 1.10792 1.17773 0.00675479
80 1.09439 1.17669 0.00675069
81 1.08745 1.17559 0.00675725
82 1.08798 1.17452 0.0067593
83 1.09607 1.17357 0.00674393
84 1.11101 1.17283 0.00670467
85 1.13127 1.17234 0.00664334
86 1.15466 1.17214 0.00656885
87 1.17857 1.17221 0.00649333
88 1.20045 1.17253 0.00642714
89 1.21809 1.17304 0.00637509
90 1.22999 1.17368 0.00633554
91 1.23562 1.17436 0.00630241
92 1.23566 1.17502 0.00626904
93 1.23207 1.17564 0.00623153
94 1.22738 1.17619 0.00618941
95 1.22383 1.17669 0.00614441
96 1.2223 1.17716 0.0060986
97 1.22195 1.17762 0.00605304
98 1.22082 1.17807 0.00600715
99 1.21689 1.17846 0.00595908
100 1.20907 1.17876 0.00590713
