1 -6.3635 -6.3635 0
2 -6.35912 -6.36131 0.00218894
3 -6.35138 -6.358 0.00354281
4 -6.33988 -6.35347 0.00517585
5 -6.32302 -6.34738 0.00729111
6 -6.29966 -6.33943 0.00993499
7 -6.27013 -6.32953 0.0129807
8 -6.23374 -6.31755 0.0164232
9 -6.19036 -6.30342 0.0202364
10 -6.13844 -6.28692 0.0244904
11 -6.0768 -6.26782 0.0292511
12 -6.0053 -6.24594 0.0345199
13 -5.92746 -6.22144 0.0401059
14 -5.84384 -6.19447 0.0458932
15 -5.75579 -6.16523 0.0517751
16 -5.6716 -6.13438 0.0574232
17 -5.5936 -6.10257 0.0626208
18 -5.52804 -6.07065 0.0671151
19 -5.47554 -6.03933 0.0707907
20 -5.43917 -6.00932 0.0735572
21 -5.41786 -5.98115 0.0754228
22 -5.41146 -5.95526 0.0764331
23 -5.41561 -5.93179 0.0767108
24 -5.42799 -5.9108 0.0763859
25 -5.44526 -5.89218 0.0755963
26 -5.464 -5.87571 0.0744742
27 -5.48344 -5.86118 0.0731208
28 -5.50142 -5.84834 0.0716229
29 -5.51696 -5.83691 0.0700473
30 -5.5304 -5.82669 0.068439
31 -5.54112 -5.81748 0.0668324
32 -5.55131 -5.80916 0.0652426
33 -5.55962 -5.8016 0.0636852
34 -5.56695 -5.7947 0.062168
35 -5.57266 -5.78835 0.0606981
36 -5.5779 -5.78251 0.0592769
37 -5.58164 -5.77708 0.0579076
38 -5.5832 -5.77198 0.0565936
39 -5.58375 -5.76715 0.0553343
40 -5.58336 -5.76256 0.0541285
41 -5.58185 -5.75815 0.0529755
42 -5.58203 -5.75396 0.0518686
43 -5.58294 -5.74998 0.0508039
44 -5.58539 -5.74624 0.0497766
45 -5.58869 -5.74274 0.0487836
46 -5.59399 -5.7395 0.0478208
47 -5.5994 -5.73652 0.0468871
48 -5.60479 -5.73378 0.0459819
49 -5.6082 -5.73121 0.0451066
50 -5.61231 -5.72884 0.0442592
51 -5.6135 -5.72658 0.0434416
52 -5.61439 -5.72442 0.0426526
53 -5.61421 -5.72234 0.0418917
54 -5.61287 -5.72031 0.0411586
55 -5.61122 -5.71833 0.040452
56 -5.61108 -5.71641 0.0397692
57 -5.61126 -5.71457 0.0391088
58 -5.61209 -5.7128 0.0384692
59 -5.61438 -5.71113 0.0378483
60 -5.61678 -5.70956 0.0372454
61 -5.61995 -5.70809 0.0366592
62 -5.62312 -5.70672 0.0360891
63 -5.62585 -5.70544 0.0355348
64 -5.62827 -5.70423 0.0349959
65 -5.62955 -5.70308 0.0344725
66 -5.62835 -5.70195 0.033965
67 -5.62534 -5.70081 0.0334738
68 -5.6213 -5.69964 0.0329986
69 -5.61586 -5.69842 0.0325395
70 -5.61088 -5.69717 0.0320956
71 -5.60657 -5.6959 0.0316661
72 -5.60497 -5.69463 0.0312487
73 -5.60362 -5.69339 0.0308429
74 -5.60187 -5.69215 0.0304483
75 -5.59904 -5.69091 0.0300653
76 -5.59379 -5.68963 0.0296945
77 -5.58736 -5.6883 0.0293364
78 -5.57993 -5.68691 0.0289912
79 -5.57469 -5.68549 0.0286571
80 -5.57139 -5.68407 0.0283325
81 -5.56948 -5.68265 0.0280163
82 -5.57156 -5.6813 0.0277057
83 -5.5775 -5.68005 0.0273984
84 -5.58713 -5.67894 0.0270929
85 -5.59927 -5.678 0.0267886
86 -5.61328 -5.67725 0.026486
87 -5.62638 -5.67667 0.0261863
88 -5.63999 -5.67625 0.0258904
89 -5.65341 -5.67599 0.0255991
90 -5.66457 -5.67587 0.0253134
91 -5.67381 -5.67584 0.0250337
92 -5.6808 -5.6759 0.0247601
93 -5.68508 -5.676 0.0244927
94 -5.68667 -5.67611 0.024231
95 -5.68536 -5.67621 0.0239747
96 -5.68171 -5.67626 0.0237238
97 -5.67578 -5.67626 0.0234779
98 -5.66831 -5.67618 0.0232373
99 -5.65789 -5.67599 0.0230021
100 -5.64566 -5.67569 0.0227729
1 -5.624 -5.624 0
2 -5.59583 -5.60991 0.014084
3 -5.56061 -5.59348 0.0183361
4 -5.5198 -5.57506 0.0225246
5 -5.47559 -5.55516 0.0264616
6 -5.43087 -5.53445 0.0299323
7 -5.38808 -5.51354 0.0328203
8 -5.34987 -5.49308 0.0350202
9 -5.3152 -5.47332 0.0366675
10 -5.28896 -5.45488 0.0376231
11 -5.26832 -5.43792 0.0380233
12 -5.25546 -5.42272 0.0378947
13 -5.25076 -5.40949 0.0372833
14 -5.25429 -5.3984 0.0362541
15 -5.26658 -5.38962 0.034876
16 -5.28684 -5.38319 0.0332499
17 -5.31236 -5.37902 0.0315096
18 -5.33898 -5.3768 0.0297907
19 -5.36544 -5.3762 0.0281855
20 -5.3896 -5.37687 0.0267475
21 -5.40818 -5.37836 0.0254856
22 -5.42148 -5.38032 0.0243785
23 -5.42891 -5.38244 0.0233901
24 -5.43135 -5.38447 0.0224868
25 -5.42581 -5.38613 0.0216319
26 -5.41543 -5.38725 0.0208138
27 -5.39966 -5.38771 0.0200333
28 -5.38224 -5.38752 0.0193056
29 -5.36155 -5.38662 0.0186495
30 -5.3386 -5.38502 0.0180881
31 -5.31426 -5.38274 0.0176432
32 -5.28785 -5.37977 0.0173384
33 -5.26213 -5.37621 0.0171788
34 -5.23965 -5.37219 0.017143
35 -5.22256 -5.36792 0.0171862
36 -5.2182 -5.36376 0.017212
37 -5.22379 -5.35998 0.0171624
38 -5.24079 -5.35684 0.0169966
39 -5.26378 -5.35445 0.0167261
40 -5.2885 -5.3528 0.0163858
41 -5.31273 -5.35183 0.016011
42 -5.33503 -5.35143 0.0156302
43 -5.35274 -5.35146 0.0152624
44 -5.36546 -5.35178 0.0149149
45 -5.37305 -5.35225 0.0145874
46 -5.37504 -5.35274 0.0142753
47 -5.37262 -5.35317 0.0139747
48 -5.36586 -5.35343 0.013683
49 -5.35522 -5.35347 0.0134009
50 -5.34017 -5.3532 0.0131328
51 -5.32389 -5.35263 0.0128856
52 -5.30727 -5.35175 0.0126654
53 -5.29017 -5.35059 0.0124784
54 -5.27318 -5.34916 0.0123287
55 -5.25835 -5.34751 0.0122146
56 -5.24619 -5.3457 0.0121302
57 -5.24027 -5.34385 0.0120582
58 -5.24106 -5.34208 0.0119803
59 -5.24855 -5.34049 0.0118817
60 -5.26169 -5.33918 0.0117556
61 -5.27885 -5.33819 0.0116035
62 -5.29562 -5.3375 0.0114354
63 -5.31286 -5.33711 0.0112592
64 -5.32693 -5.33695 0.0110831
65 -5.33841 -5.33698 0.0109113
66 -5.34555 -5.3371 0.0107454
67 -5.34795 -5.33727 0.0105851
68 -5.34684 -5.33741 0.0104292
69 -5.34203 -5.33747 0.0102772
70 -5.33073 -5.33738 0.0101297
71 -5.31538 -5.33707 0.00999086
72 -5.29553 -5.33649 0.009868
73 -5.27342 -5.33563 0.00977016
74 -5.24913 -5.33446 0.00970786
75 -5.22546 -5.33301 0.00968718
76 -5.20244 -5.33129 0.00971203
77 -5.1824 -5.32935 0.00977816
78 -5.16676 -5.32727 0.00987451
79 -5.1565 -5.32511 0.0099855
80 -5.15187 -5.32294 0.0100949
81 -5.15384 -5.32085 0.0101857
82 -5.16217 -5.31892 0.0102452
83 -5.1755 -5.31719 0.0102674
84 -5.19375 -5.31572 0.0102503
85 -5.21408 -5.31453 0.0101994
86 -5.2343 -5.31359 0.0101231
87 -5.25223 -5.31289 0.0100309
88 -5.26712 -5.31237 0.00992991
89 -5.27874 -5.31199 0.00982498
90 -5.28594 -5.3117 0.00971951
91 -5.28885 -5.31145 0.00961539
92 -5.28891 -5.3112 0.00951345
93 -5.28395 -5.31091 0.00941516
94 -5.27502 -5.31053 0.00932228
95 -5.26405 -5.31004 0.0092366
96 -5.25269 -5.30944 0.00915938
97 -5.24352 -5.30876 0.0090899
98 -5.23781 -5.30804 0.00902576
99 -5.23659 -5.30732 0.00896323
100 -5.23957 -5.30664 0.00889897
1 -5.24431 -5.24431 0
2 -5.24546 -5.24489 0.00057321
3 -5.24289 -5.24422 0.000742199
4 -5.23758 -5.24256 0.00174262
5 -5.22932 -5.23991 0.00297247
6 -5.22003 -5.2366 0.00410675
7 -5.21033 -5.23285 0.00511218
8 -5.19942 -5.22867 0.00608757
9 -5.18797 -5.22415 0.00701932
10 -5.17981 -5.21971 0.00768562
11 -5.17147 -5.21533 0.00821956
12 -5.16314 -5.21098 0.0086725
13 -5.15523 -5.20669 0.00905705
14 -5.14997 -5.20264 0.00931259
15 -5.14808 -5.199 0.0094016
16 -5.15103 -5.196 0.00929138
17 -5.15897 -5.19383 0.00899545
18 -5.17128 -5.19257 0.00857295
19 -5.18732 -5.1923 0.00811391
20 -5.2037 -5.19287 0.00771861
21 -5.21797 -5.19406 0.00743853
22 -5.23105 -5.19574 0.00728897
23 -5.23783 -5.19757 0.00720124
24 -5.23708 -5.19922 0.0070884
25 -5.22903 -5.20041 0.00690272
26 -5.21463 -5.20096 0.00665443
27 -5.19429 -5.20071 0.00640799
28 -5.17203 -5.19969 0.00625926
29 -5.15105 -5.19801 0.0062681
30 -5.13479 -5.1959 0.00641177
31 -5.12295 -5.19355 0.00663302
32 -5.11456 -5.19108 0.0068804
33 -5.10808 -5.18857 0.00712716
34 -5.10265 -5.18604 0.00736169
35 -5.09516 -5.18344 0.00760527
36 -5.08729 -5.18077 0.00785874
37 -5.07907 -5.17802 0.00812258
38 -5.0736 -5.17527 0.00836993
39 -5.07296 -5.17265 0.00856418
40 -5.07725 -5.17027 0.0086814
41 -5.08808 -5.16826 0.00870105
42 -5.10221 -5.16669 0.00863578
43 -5.11474 -5.16548 0.00851865
44 -5.1244 -5.16455 0.00837499
45 -5.12962 -5.16377 0.00822347
46 -5.1297 -5.16303 0.00807675
47 -5.1272 -5.16227 0.00793973
48 -5.12532 -5.1615 0.00781058
49 -5.12396 -5.16073 0.00768777
50 -5.11945 -5.15991 0.00757756
51 -5.11411 -5.15901 0.00748158
52 -5.10534 -5.15798 0.00740852
53 -5.09516 -5.15679 0.00736342
54 -5.08243 -5.15541 0.00735582
55 -5.07142 -5.15389 0.00738058
56 -5.0628 -5.15226 0.00742788
57 -5.05864 -5.15062 0.00747898
58 -5.05989 -5.14905 0.00751355
59 -5.06143 -5.14757 0.00753296
60 -5.06573 -5.1462 0.00753091
61 -5.07118 -5.14497 0.00750784
62 -5.07697 -5.14388 0.00746675
63 -5.08232 -5.1429 0.00741197
64 -5.08636 -5.14202 0.00734854
65 -5.08791 -5.14118 0.00728233
66 -5.0893 -5.1404 0.0072141
67 -5.08958 -5.13964 0.00714598
68 -5.091 -5.13893 0.00707635
69 -5.09261 -5.13825 0.00700527
70 -5.09296 -5.13761 0.00693473
71 -5.09064 -5.13695 0.00686829
72 -5.082 -5.13618 0.00681509
73 -5.07034 -5.13528 0.00678133
74 -5.0573 -5.13423 0.00677157
75 -5.05121 -5.13312 0.00677175
76 -5.05666 -5.13211 0.00675738
77 -5.07286 -5.13134 0.00671328
78 -5.09604 -5.13089 0.00664209
79 -5.12055 -5.13076 0.00655878
80 -5.14354 -5.13092 0.00647825
81 -5.16047 -5.13129 0.00640816
82 -5.17065 -5.13177 0.00634771
83 -5.1755 -5.13229 0.00629287
84 -5.17301 -5.13278 0.00623637
85 -5.16585 -5.13317 0.00617484
86 -5.15449 -5.13341 0.00610765
87 -5.13817 -5.13347 0.00603729
88 -5.11902 -5.1333 0.00597054
89 -5.10111 -5.13294 0.00591415
90 -5.08488 -5.13241 0.0058724
91 -5.07231 -5.13175 0.00584494
92 -5.06695 -5.13104 0.0058238
93 -5.06704 -5.13036 0.0058018
94 -5.07055 -5.12972 0.0057749
95 -5.07639 -5.12916 0.0057413
96 -5.08414 -5.12869 0.0057005
97 -5.09074 -5.1283 0.00565497
98 -5.09518 -5.12796 0.00560716
99 -5.1002 -5.12768 0.00555732
100 -5.10619 -5.12746 0.00550566
1 -5.11323 -5.11323 0
2 -5.12057 -5.1169 0.0036723
3 -5.12784 -5.12055 0.00421807
4 -5.13575 -5.12435 0.00483183
5 -5.14288 -5.12806 0.00526731
6 -5.14906 -5.13156 0.00554591
7 -5.15267 -5.13457 0.00557388
8 -5.15153 -5.13669 0.00527192
9 -5.14645 -5.13778 0.00477406
10 -5.13883 -5.13788 0.00427135
11 -5.12928 -5.1371 0.00394198
12 -5.12012 -5.13568 0.0038668
13 -5.11169 -5.13384 0.0040074
14 -5.10465 -5.13175 0.00425585
15 -5.09806 -5.12951 0.00455437
16 -5.08906 -5.12698 0.00495395
17 -5.07705 -5.12404 0.00550265
18 -5.06135 -5.12056 0.00624858
19 -5.04129 -5.11639 0.00723476
20 -5.01803 -5.11147 0.00844342
21 -4.99302 -5.10583 0.00981401
22 -4.96869 -5.0996 0.0112435
23 -4.95032 -5.09311 0.0125518
24 -4.94183 -5.0868 0.01357
25 -4.95042 -5.08135 0.0141129
26 -4.97258 -5.07716 0.0141899
27 -5.00722 -5.07457 0.0138978
28 -5.05075 -5.07372 0.0134193
29 -5.09667 -5.07451 0.0129724
30 -5.14135 -5.07674 0.012729
31 -5.17822 -5.08002 0.0127394
32 -5.2069 -5.08398 0.0129565
33 -5.22861 -5.08836 0.0133006
34 -5.24156 -5.09287 0.0136675
35 -5.24857 -5.09732 0.013997
36 -5.24852 -5.10152 0.0142363
37 -5.24138 -5.1053 0.0143529
38 -5.22639 -5.10848 0.0143289
39 -5.20313 -5.11091 0.0141661
40 -5.1731 -5.11247 0.0138947
41 -5.13752 -5.11308 0.0135653
42 -5.09687 -5.11269 0.013244
43 -5.05422 -5.11133 0.0130036
44 -5.0149 -5.10914 0.0128923
45 -4.98244 -5.10632 0.0129132
46 -4.96266 -5.1032 0.0130098
47 -4.9605 -5.10016 0.0130871
48 -4.97331 -5.09752 0.0130813
49 -4.99754 -5.09548 0.012973
50 -5.02532 -5.09408 0.0127881
51 -5.05087 -5.09323 0.0125634
52 -5.07051 -5.09279 0.0123272
53 -5.08036 -5.09256 0.0120946
54 -5.08065 -5.09234 0.0118706
55 -5.07412 -5.09201 0.0116575
56 -5.06121 -5.09146 0.0114606
57 -5.04922 -5.09072 0.0112821
58 -5.03986 -5.08984 0.0111205
59 -5.034 -5.08889 0.0109713
60 -5.03216 -5.08795 0.0108283
61 -5.03591 -5.08709 0.0106834
62 -5.04614 -5.08643 0.0105304
63 -5.06067 -5.08603 0.01037
64 -5.07902 -5.08592 0.0102073
65 -5.10069 -5.08614 0.0100516
66 -5.12159 -5.08668 0.00991267
67 -5.14344 -5.08753 0.00980028
68 -5.16281 -5.08863 0.00971836
69 -5.17715 -5.08992 0.00966202
70 -5.18723 -5.09131 0.00962392
71 -5.18941 -5.09269 0.0095875
72 -5.18725 -5.094 0.00954418
73 -5.18027 -5.09518 0.00948642
74 -5.17127 -5.09621 0.00941367
75 -5.16394 -5.09712 0.0093311
76 -5.16006 -5.09794 0.00924468
77 -5.15733 -5.09871 0.00915637
78 -5.15646 -5.09946 0.00906848
79 -5.15529 -5.10016 0.0089808
80 -5.15232 -5.10081 0.00889176
81 -5.14817 -5.1014 0.00880075
82 -5.14007 -5.10187 0.00870554
83 -5.12728 -5.10218 0.00860547
84 -5.11501 -5.10233 0.00850378
85 -5.10137 -5.10232 0.00840314
86 -5.08844 -5.10216 0.00830642
87 -5.07622 -5.10186 0.0082158
88 -5.06659 -5.10146 0.00813179
89 -5.0592 -5.10098 0.00805391
90 -5.05444 -5.10047 0.00798068
91 -5.05283 -5.09994 0.00790984
92 -5.05239 -5.09943 0.00784044
93 -5.05249 -5.09892 0.00777208
94 -5.05421 -5.09845 0.00770365
95 -5.05928 -5.09803 0.00763327
96 -5.06631 -5.0977 0.00756056
97 -5.07935 -5.09751 0.00748461
98 -5.0959 -5.0975 0.00740786
99 -5.11638 -5.09769 0.00733513
100 -5.13892 -5.0981 0.0072731
1 -5.16074 -5.16074 0
2 -5.17644 -5.16859 0.00785019
3 -5.18658 -5.17459 0.00751733
4 -5.18934 -5.17828 0.0064696
5 -5.18627 -5.17988 0.00526038
6 -5.17816 -5.17959 0.00430462
7 -5.16693 -5.17778 0.00406289
8 -5.15322 -5.17471 0.00466979
9 -5.13869 -5.17071 0.00574261
10 -5.12092 -5.16573 0.0071537
11 -5.10171 -5.15991 0.008703
12 -5.07789 -5.15308 0.0104804
13 -5.05178 -5.14528 0.0123958
14 -5.02426 -5.13664 0.0143677
15 -4.99672 -5.12731 0.0163071
16 -4.97026 -5.11749 0.0181392
17 -4.94792 -5.10752 0.0197439
18 -4.9319 -5.09776 0.0210166
19 -4.9233 -5.08858 0.0218978
20 -4.92339 -5.08032 0.0223558
21 -4.9313 -5.07323 0.0224175
22 -4.94455 -5.06738 0.02216
23 -4.9614 -5.06277 0.0216702
24 -4.97869 -5.05927 0.0210413
25 -4.99387 -5.05665 0.0203509
26 -5.00762 -5.05476 0.0196433
27 -5.01953 -5.05346 0.0189468
28 -5.03031 -5.05263 0.0182763
29 -5.04166 -5.05225 0.0176389
30 -5.05291 -5.05228 0.0170408
31 -5.06328 -5.05263 0.0164857
32 -5.06908 -5.05314 0.0159705
33 -5.06952 -5.05364 0.015487
34 -5.06458 -5.05396 0.015028
35 -5.05661 -5.05404 0.0145925
36 -5.04671 -5.05383 0.0141828
37 -5.03701 -5.05338 0.0138017
38 -5.03018 -5.05277 0.0134474
39 -5.02686 -5.0521 0.0131149
40 -5.02849 -5.05151 0.0127965
41 -5.03132 -5.05102 0.0124902
42 -5.03856 -5.05072 0.0121928
43 -5.04687 -5.05064 0.0119062
44 -5.05481 -5.05073 0.0116328
45 -5.06061 -5.05095 0.0113735
46 -5.06319 -5.05122 0.0111267
47 -5.06358 -5.05148 0.0108906
48 -5.06107 -5.05168 0.0106631
49 -5.05545 -5.05176 0.0104435
50 -5.04651 -5.05165 0.0102331
51 -5.03734 -5.05137 0.0100343
52 -5.0287 -5.05093 0.00984913
53 -5.02353 -5.05042 0.00967534
54 -5.02447 -5.04994 0.00950662
55 -5.03129 -5.0496 0.00933833
56 -5.04083 -5.04944 0.0091714
57 -5.05451 -5.04953 0.0090095
58 -5.07193 -5.04992 0.00886121
59 -5.09096 -5.05061 0.00873747
60 -5.11159 -5.05163 0.00865052
61 -5.13573 -5.05301 0.00861852
62 -5.16006 -5.05473 0.00865242
63 -5.18659 -5.05683 0.00876743
64 -5.21022 -5.05922 0.00895602
65 -5.22908 -5.06184 0.00919626
66 -5.24063 -5.06455 0.00945236
67 -5.2413 -5.06718 0.00967676
68 -5.23219 -5.06961 0.00983737
69 -5.21486 -5.07172 0.0099197
70 -5.1904 -5.07341 0.00992289
71 -5.16176 -5.07466 0.00986095
72 -5.1331 -5.07547 0.00975686
73 -5.10993 -5.07594 0.00963385
74 -5.09517 -5.0762 0.00950633
75 -5.08879 -5.07637 0.00938022
76 -5.09242 -5.07658 0.00925838
77 -5.10048 -5.07689 0.00914263
78 -5.11022 -5.07732 0.00903476
79 -5.11785 -5.07783 0.00893441
80 -5.11962 -5.07835 0.00883748
81 -5.11487 -5.0788 0.00873933
82 -5.10311 -5.0791 0.00863718
83 -5.08598 -5.07918 0.00853289
84 -5.06448 -5.07901 0.00843251
85 -5.04278 -5.07858 0.0083436
86 -5.02334 -5.07794 0.00827099
87 -5.00836 -5.07714 0.00821439
88 -4.99644 -5.07622 0.00817212
89 -4.99049 -5.07526 0.00813699
90 -4.98761 -5.07428 0.00810479
91 -4.98677 -5.07332 0.00807273
92 -4.98586 -5.07237 0.00804089
93 -4.98304 -5.07141 0.00801175
94 -4.97651 -5.0704 0.0079901
95 -4.96791 -5.06932 0.00797883
96 -4.96033 -5.06819 0.0079765
97 -4.95771 -5.06705 0.00797558
98 -4.96383 -5.066 0.00796373
99 -4.98096 -5.06514 0.00792954
100 -5.00812 -5.06457 0.00787052
1 -5.04329 -5.04329 0
2 -5.07227 -5.05778 0.0144916
3 -5.09623 -5.0706 0.0153074
4 -5.11378 -5.08139 0.0152871
5 -5.127 -5.09051 0.0149469
6 -5.13839 -5.09849 0.0145816
7 -5.15171 -5.10609 0.0144798
8 -5.16649 -5.11364 0.0146367
9 -5.18384 -5.12144 0.0150819
10 -5.19815 -5.12911 0.0155181
11 -5.20744 -5.13623 0.0157394
12 -5.20848 -5.14226 0.0155784
13 -5.20245 -5.14689 0.0150595
14 -5.19031 -5.14999 0.0142832
15 -5.17544 -5.15168 0.0134048
16 -5.16116 -5.15228 0.0125531
17 -5.14698 -5.15196 0.0117957
18 -5.13418 -5.15098 0.0111649
19 -5.12267 -5.14949 0.0106654
20 -5.10905 -5.14747 0.0103182
21 -5.0953 -5.14498 0.010124
22 -5.08156 -5.1421 0.0100741
23 -5.06785 -5.13887 0.010153
24 -5.05678 -5.13545 0.0103049
25 -5.0448 -5.13182 0.0105282
26 -5.03464 -5.12809 0.0107837
27 -5.0251 -5.12427 0.0110555
28 -5.01587 -5.1204 0.0113349
29 -5.00668 -5.11648 0.0116189
30 -4.99972 -5.11259 0.0118805
31 -4.99311 -5.10873 0.0121199
32 -4.98857 -5.10498 0.0123212
33 -4.98472 -5.10133 0.0124857
34 -4.98324 -5.09786 0.012601
35 -4.98615 -5.09467 0.0126451
36 -4.9917 -5.09181 0.0126173
37 -5.00106 -5.08936 0.0125143
38 -5.01126 -5.0873 0.0123527
39 -5.02059 -5.08559 0.0121528
40 -5.02593 -5.0841 0.0119386
41 -5.02885 -5.08275 0.0117215
42 -5.0284 -5.08146 0.011512
43 -5.02578 -5.08016 0.0113154
44 -5.02272 -5.07886 0.011132
45 -5.0228 -5.07761 0.0109529
46 -5.02661 -5.0765 0.0107694
47 -5.0327 -5.07557 0.0105789
48 -5.04026 -5.07483 0.0103822
49 -5.0442 -5.07421 0.0101874
50 -5.04565 -5.07364 0.00999785
51 -5.04029 -5.07298 0.00982165
52 -5.03209 -5.0722 0.00966299
53 -5.02052 -5.07122 0.00952892
54 -5.00763 -5.07005 0.00942466
55 -4.99566 -5.06869 0.00935005
56 -4.98554 -5.06721 0.00930086
57 -4.97828 -5.06565 0.0092685
58 -4.97386 -5.06407 0.00924376
59 -4.97318 -5.06252 0.0092154
60 -4.97681 -5.0611 0.00917245
61 -4.98299 -5.05982 0.00911125
62 -4.99017 -5.05869 0.00903321
63 -4.99734 -5.05772 0.00894185
64 -5.00465 -5.05689 0.00884
65 -5.01362 -5.05622 0.00872837
66 -5.02356 -5.05573 0.00860934
67 -5.03506 -5.05542 0.00848548
68 -5.04703 -5.0553 0.00836067
69 -5.05892 -5.05535 0.00823878
70 -5.07193 -5.05559 0.00812368
71 -5.08505 -5.056 0.00801919
72 -5.09485 -5.05654 0.00792542
73 -5.10107 -5.05715 0.00783986
74 -5.10467 -5.05779 0.00775981
75 -5.10266 -5.05839 0.00767898
76 -5.10188 -5.05896 0.00759885
77 -5.09998 -5.0595 0.00751841
78 -5.09924 -5.06001 0.00743886
79 -5.09784 -5.06048 0.0073597
80 -5.09533 -5.06092 0.00728016
81 -5.08885 -5.06127 0.00719798
82 -5.08133 -5.06151 0.00711387
83 -5.07263 -5.06164 0.00702891
84 -5.06155 -5.06164 0.00694473
85 -5.04966 -5.0615 0.00686399
86 -5.03547 -5.0612 0.00679045
87 -5.01776 -5.0607 0.00673049
88 -4.99795 -5.05999 0.00669167
89 -4.98098 -5.0591 0.00667535
90 -4.97829 -5.0582 0.00666155
91 -4.99326 -5.05749 0.00662648
92 -5.02071 -5.05709 0.00656624
93 -5.05185 -5.05703 0.00649549
94 -5.0804 -5.05728 0.00643083
95 -5.10437 -5.05778 0.00638206
96 -5.12058 -5.05843 0.00634902
97 -5.12668 -5.05913 0.0063225
98 -5.124 -5.0598 0.00629257
99 -5.1125 -5.06033 0.00625139
100 -5.09378 -5.06066 0.00619759
1 -5.07194 -5.07194 0
2 -5.05182 -5.06188 0.0100582
3 -5.03346 -5.0524 0.0111112
4 -5.0165 -5.04343 0.0119293
5 -4.99976 -5.03469 0.012715
6 -4.98025 -5.02562 0.0137881
7 -4.95876 -5.01607 0.0150672
8 -4.93668 -5.00615 0.0163932
9 -4.91511 -4.99603 0.0176448
10 -4.89883 -4.98631 0.018535
11 -4.88807 -4.97738 0.018996
12 -4.8842 -4.96961 0.019
13 -4.8867 -4.96324 0.0186049
14 -4.89299 -4.95822 0.0179409
15 -4.90129 -4.95442 0.0171278
16 -4.90608 -4.9514 0.016304
17 -4.90877 -4.94889 0.0155189
18 -4.91122 -4.9468 0.0147803
19 -4.91433 -4.94509 0.0140848
20 -4.92103 -4.94389 0.0134161
21 -4.92998 -4.94323 0.0127784
22 -4.94462 -4.94329 0.0121839
23 -4.96334 -4.94416 0.0116747
24 -4.98363 -4.94581 0.011298
25 -5.00489 -4.94817 0.0110913
26 -5.0229 -4.95104 0.0110371
27 -5.03736 -4.95424 0.0110911
28 -5.04858 -4.95761 0.0112062
29 -5.05826 -4.96108 0.0113562
30 -5.06705 -4.96461 0.0115258
31 -5.07445 -4.96816 0.0116973
32 -5.08153 -4.9717 0.011867
33 -5.08525 -4.97514 0.0120054
34 -5.08399 -4.97834 0.012079
35 -5.07469 -4.98109 0.0120475
36 -5.0595 -4.98327 0.011909
37 -5.0387 -4.98477 0.0116791
38 -5.01377 -4.98553 0.0113932
39 -4.9852 -4.98553 0.0110972
40 -4.95916 -4.98487 0.0108363
41 -4.93887 -4.98374 0.0106281
42 -4.9262 -4.98237 0.010462
43 -4.92054 -4.98094 0.0103165
44 -4.92194 -4.9796 0.0101681
45 -4.92881 -4.97847 0.0100035
46 -4.93818 -4.97759 0.00982272
47 -4.94895 -4.97698 0.00963076
48 -4.96059 -4.97664 0.00943416
49 -4.97105 -4.97653 0.00924033
50 -4.98312 -4.97666 0.0090546
51 -4.99609 -4.97704 0.00888346
52 -5.00844 -4.97764 0.00873185
53 -5.02269 -4.97849 0.00860758
54 -5.03732 -4.97958 0.00851663
55 -5.04952 -4.98085 0.0084565
56 -5.0599 -4.98227 0.00842325
57 -5.06944 -4.98379 0.00841429
58 -5.07541 -4.98537 0.00841748
59 -5.0762 -4.98691 0.00841559
60 -5.0731 -4.98835 0.00839791
61 -5.06719 -4.98964 0.00835962
62 -5.05955 -4.99077 0.00830062
63 -5.05475 -4.99179 0.00823069
64 -5.05044 -4.9927 0.00815275
65 -5.04823 -4.99356 0.00807168
66 -5.04909 -4.9944 0.00799285
67 -5.0526 -4.99527 0.00792043
68 -5.05869 -4.9962 0.00785864
69 -5.066 -4.99721 0.0078097
70 -5.07355 -4.9983 0.0077742
71 -5.07905 -4.99944 0.00774784
72 -5.08291 -5.0006 0.00772695
73 -5.08425 -5.00174 0.00770604
74 -5.08498 -5.00287 0.00768397
75 -5.08518 -5.00397 0.00765986
76 -5.08512 -5.00503 0.00763346
77 -5.08474 -5.00607 0.00760444
78 -5.08258 -5.00705 0.00757014
79 -5.08036 -5.00798 0.0075311
80 -5.07855 -5.00886 0.00748851
81 -5.08063 -5.00975 0.00744837
82 -5.08959 -5.01072 0.00742112
83 -5.10618 -5.01187 0.00742084
84 -5.12774 -5.01325 0.0074606
85 -5.15255 -5.01489 0.00755226
86 -5.17703 -5.01677 0.00769838
87 -5.19523 -5.01883 0.007881
88 -5.20667 -5.02096 0.00807808
89 -5.20833 -5.02307 0.00825962
90 -5.20205 -5.02505 0.00840598
91 -5.19032 -5.02687 0.00850916
92 -5.17338 -5.02846 0.0085655
93 -5.15641 -5.02984 0.00858387
94 -5.14118 -5.03102 0.00857427
95 -5.12723 -5.03204 0.00854376
96 -5.11703 -5.03292 0.00850052
97 -5.10977 -5.03371 0.00844965
98 -5.10513 -5.03444 0.00839468
99 -5.10234 -5.03513 0.0083377
100 -5.10206 -5.0358 0.008281
1 -5.10068 -5.10068 0
2 -5.09902 -5.09985 0.000830499
3 -5.09787 -5.09919 0.000814499
4 -5.09721 -5.09869 0.000759807
5 -5.09604 -5.09816 0.000792548
6 -5.09241 -5.0972 0.00115654
7 -5.08637 -5.09566 0.00183045
8 -5.07792 -5.09344 0.00272568
9 -5.06686 -5.09049 0.00380743
10 -5.05346 -5.08678 0.00503032
11 -5.04172 -5.08269 0.00612252
12 -5.03083 -5.07837 0.00706481
13 -5.0213 -5.07398 0.00784245
14 -5.01507 -5.06977 0.00839185
15 -5.0091 -5.06572 0.00879727
16 -5.00349 -5.06183 0.00910198
17 -4.99934 -5.05816 0.00930653
18 -4.99803 -5.05482 0.00938867
19 -4.99917 -5.05189 0.00935119
20 -5.00437 -5.04951 0.00918395
21 -5.01204 -5.04773 0.00891609
22 -5.02143 -5.04653 0.00858479
23 -5.03217 -5.04591 0.00822678
24 -5.04449 -5.04585 0.00787676
25 -5.05589 -5.04625 0.00756578
26 -5.06752 -5.04707 0.00731487
27 -5.08102 -5.04833 0.00715017
28 -5.09841 -5.05012 0.00711851
29 -5.1181 -5.05246 0.00725773
30 -5.13552 -5.05523 0.00753845
31 -5.14765 -5.05821 0.00787722
32 -5.15372 -5.06119 0.00819032
33 -5.15571 -5.06406 0.00843912
34 -5.15303 -5.06668 0.0085952
35 -5.14531 -5.06892 0.00864309
36 -5.1344 -5.07074 0.00859426
37 -5.119 -5.07205 0.0084599
38 -5.10178 -5.07283 0.00827135
39 -5.08303 -5.07309 0.00806071
40 -5.06662 -5.07293 0.00785828
41 -5.05455 -5.07248 0.00767731
42 -5.04641 -5.07186 0.00751796
43 -5.04407 -5.07121 0.00736942
44 -5.04745 -5.07067 0.00722022
45 -5.05268 -5.07027 0.00706926
46 -5.06187 -5.07009 0.00691628
47 -5.07105 -5.07011 0.00676755
48 -5.07958 -5.07031 0.006628
49 -5.0882 -5.07067 0.00650159
50 -5.09491 -5.07116 0.00638866
51 -5.09796 -5.07168 0.00628415
52 -5.0965 -5.07216 0.00618056
53 -5.09363 -5.07257 0.00607634
54 -5.08802 -5.07285 0.00596962
55 -5.08166 -5.07301 0.00586227
56 -5.07723 -5.07309 0.00575712
57 -5.07586 -5.07314 0.00565543
58 -5.07815 -5.07322 0.00555774
59 -5.08203 -5.07337 0.00546476
60 -5.085 -5.07356 0.00537641
61 -5.08477 -5.07375 0.00529072
62 -5.08423 -5.07392 0.00520744
63 -5.08384 -5.07408 0.00512653
64 -5.08427 -5.07423 0.0050483
65 -5.0853 -5.0744 0.00497295
66 -5.08792 -5.07461 0.0049013
67 -5.09214 -5.07487 0.00483467
68 -5.09517 -5.07517 0.00477239
69 -5.09932 -5.07552 0.00471573
70 -5.10371 -5.07592 0.00466529
71 -5.10685 -5.07636 0.00461969
72 -5.10647 -5.07678 0.00457424
73 -5.10108 -5.07711 0.00452341
74 -5.08971 -5.07728 0.00446512
75 -5.07175 -5.07721 0.0044058
76 -5.04732 -5.07681 0.00436519
77 -5.02152 -5.07609 0.00436757
78 -4.99806 -5.07509 0.00442576
79 -4.98371 -5.07394 0.00451989
80 -4.98319 -5.0728 0.00460494
81 -4.99552 -5.07185 0.00464674
82 -5.01757 -5.07119 0.0046372
83 -5.04345 -5.07085 0.00459317
84 -5.06608 -5.0708 0.00453851
85 -5.08508 -5.07096 0.00448795
86 -5.09808 -5.07128 0.00444665
87 -5.10669 -5.07169 0.00441404
88 -5.11193 -5.07214 0.0043875
89 -5.11257 -5.0726 0.00436163
90 -5.10734 -5.07298 0.00433014
91 -5.09573 -5.07323 0.00428958
92 -5.08188 -5.07333 0.00424374
93 -5.06767 -5.07327 0.0041983
94 -5.05413 -5.07306 0.00415838
95 -5.04318 -5.07275 0.00412638
96 -5.03602 -5.07237 0.00410105
97 -5.03414 -5.07197 0.00407764
98 -5.04029 -5.07165 0.00404875
99 -5.05446 -5.07148 0.0040114
100 -5.07388 -5.0715 0.00397116
1 -5.09365 -5.09365 0
2 -5.10975 -5.1017 0.00804767
3 -5.11766 -5.10702 0.00706247
4 -5.11685 -5.10948 0.00556557
5 -5.10884 -5.10935 0.00431293
6 -5.09332 -5.10668 0.00442003
7 -5.07278 -5.10184 0.00611557
8 -5.05119 -5.09551 0.00825417
9 -5.0321 -5.08846 0.0101304
10 -5.01698 -5.08131 0.0115412
11 -5.00631 -5.07449 0.0124688
12 -4.99982 -5.06827 0.0129722
13 -4.99521 -5.06265 0.01319
14 -4.99081 -5.05752 0.0132458
15 -4.98802 -5.05289 0.0131728
16 -4.98837 -5.04885 0.012965
17 -4.99598 -5.04574 0.0125694
18 -5.01428 -5.044 0.0119788
19 -5.03943 -5.04376 0.0113333
20 -5.06669 -5.0449 0.0108127
21 -5.08854 -5.04698 0.0104928
22 -5.10353 -5.04955 0.0103294
23 -5.1094 -5.05215 0.0102074
24 -5.10681 -5.05443 0.0100347
25 -5.09541 -5.05607 0.00976359
26 -5.07674 -5.05686 0.00941417
27 -5.04869 -5.05656 0.00906385
28 -5.01759 -5.05517 0.00884435
29 -4.98632 -5.0528 0.00885805
30 -4.96135 -5.04975 0.00908436
31 -4.94588 -5.0464 0.00940355
32 -4.94344 -5.04318 0.00965668
33 -4.95399 -5.04048 0.0097419
34 -4.97199 -5.03846 0.00966329
35 -4.98857 -5.03704 0.00949078
36 -4.9959 -5.03589 0.00929391
37 -4.99139 -5.03469 0.00911891
38 -4.97497 -5.03312 0.00901374
39 -4.94862 -5.03095 0.00904298
40 -4.92086 -5.0282 0.00923372
41 -4.89747 -5.02501 0.00955347
42 -4.88554 -5.02169 0.00989699
43 -4.88864 -5.0186 0.0101473
44 -4.90624 -5.01604 0.0102376
45 -4.93108 -5.01416 0.0101841
46 -4.95675 -5.01291 0.0100381
47 -4.97768 -5.01216 0.00985076
48 -4.98826 -5.01166 0.00965619
49 -4.98995 -5.01122 0.00946745
50 -4.98352 -5.01066 0.00929269
51 -4.97091 -5.00988 0.00914194
52 -4.9551 -5.00883 0.0090261
53 -4.93697 -5.00748 0.00895737
54 -4.91908 -5.00584 0.00894106
55 -4.90071 -5.00393 0.0089827
56 -4.88455 -5.0018 0.00907477
57 -4.87029 -4.99949 0.00920785
58 -4.8604 -4.99709 0.00936013
59 -4.8577 -4.99473 0.0094986
60 -4.86443 -4.99256 0.00958812
61 -4.87963 -4.9907 0.00960963
62 -4.90067 -4.98925 0.00956426
63 -4.92431 -4.98822 0.0094675
64 -4.94879 -4.98761 0.00933875
65 -4.9702 -4.98734 0.00919785
66 -4.98615 -4.98732 0.00905743
67 -4.99525 -4.98744 0.00892201
68 -5.00088 -4.98764 0.00879204
69 -4.99953 -4.98781 0.0086654
70 -4.99458 -4.9879 0.00854126
71 -4.9874 -4.9879 0.0084201
72 -4.97841 -4.98777 0.00830338
73 -4.9717 -4.98755 0.0081918
74 -4.96732 -4.98727 0.00808497
75 -4.9661 -4.98699 0.00798144
76 -4.96725 -4.98673 0.00788
77 -4.9728 -4.98655 0.00777909
78 -4.98145 -4.98648 0.00767899
79 -4.99266 -4.98656 0.00758156
80 -5.00437 -4.98679 0.0074895
81 -5.01759 -4.98717 0.00740623
82 -5.0302 -4.98769 0.00733415
83 -5.04257 -4.98835 0.00727535
84 -5.05523 -4.98915 0.00723218
85 -5.06553 -4.99005 0.00720287
86 -5.07249 -4.991 0.00718288
87 -5.07618 -4.99198 0.00716702
88 -5.07741 -4.99295 0.0071513
89 -5.0775 -4.9939 0.00713402
90 -5.07885 -4.99485 0.00711717
91 -5.08544 -4.99584 0.00710857
92 -5.0955 -4.99693 0.00711383
93 -5.10517 -4.99809 0.00713252
94 -5.1105 -4.99929 0.00715686
95 -5.10688 -5.00042 0.00717111
96 -5.09439 -5.0014 0.00716322
97 -5.07595 -5.00217 0.00713053
98 -5.05359 -5.00269 0.00707687
99 -5.03522 -5.00302 0.00701273
100 -5.02307 -5.00322 0.00694514
1 -5.01822 -5.01822 0
2 -5.02158 -5.0199 0.00168177
3 -5.0298 -5.0232 0.00343998
4 -5.03642 -5.0265 0.00410453
5 -5.04021 -5.02925 0.00419835
6 -5.03855 -5.0308 0.00376269
7 -5.03019 -5.03071 0.00318124
8 -5.01574 -5.02884 0.00333028
9 -4.99792 -5.0254 0.00451997
10 -4.98004 -5.02087 0.00607678
11 -4.96583 -5.01586 0.00743271
12 -4.95782 -5.01103 0.00833266
13 -4.95462 -5.00669 0.0088077
14 -4.9542 -5.00294 0.00897494
15 -4.95434 -4.9997 0.00896146
16 -4.9507 -4.99664 0.00892447
17 -4.94221 -4.99344 0.00897361
18 -4.93289 -4.99007 0.00910444
19 -4.92739 -4.98677 0.00922227
20 -4.92278 -4.98357 0.0093157
21 -4.92051 -4.98057 0.00935599
22 -4.9179 -4.97772 0.00936444
23 -4.91665 -4.97507 0.00933371
24 -4.91529 -4.97258 0.00927698
25 -4.91376 -4.97022 0.00920396
26 -4.91323 -4.96803 0.00911054
27 -4.91315 -4.966 0.0089992
28 -4.91323 -4.96411 0.00887423
29 -4.91282 -4.96234 0.00874353
30 -4.91178 -4.96066 0.00861357
31 -4.91056 -4.95904 0.00848641
32 -4.90916 -4.95748 0.0083635
33 -4.90875 -4.95601 0.00823952
34 -4.91248 -4.95473 0.00809539
35 -4.91837 -4.95369 0.00792904
36 -4.92525 -4.9529 0.00774603
37 -4.93241 -4.95234 0.0075541
38 -4.93976 -4.95201 0.00736007
39 -4.94751 -4.9519 0.00716979
40 -4.95607 -4.952 0.00698903
41 -4.96784 -4.95239 0.00682737
42 -4.98247 -4.9531 0.00670121
43 -5.00024 -4.9542 0.00663469
44 -5.02 -4.9557 0.00665238
45 -5.03934 -4.95755 0.00676328
46 -5.05599 -4.95969 0.00695214
47 -5.06558 -4.96195 0.00716595
48 -5.06814 -4.96416 0.00735568
49 -5.0631 -4.96618 0.00748163
50 -5.05077 -4.96787 0.00752315
51 -5.03658 -4.96922 0.00749622
52 -5.02332 -4.97026 0.00742391
53 -5.01465 -4.9711 0.00733049
54 -5.01276 -4.97187 0.00723472
55 -5.01812 -4.97271 0.00715157
56 -5.03107 -4.97375 0.00709961
57 -5.04686 -4.97503 0.0070909
58 -5.06467 -4.97658 0.0071369
59 -5.08158 -4.97836 0.00723712
60 -5.09868 -4.98036 0.00739265
61 -5.11502 -4.98257 0.00759818
62 -5.13055 -4.98496 0.00784645
63 -5.14486 -4.9875 0.00812739
64 -5.15799 -4.99016 0.00843133
65 -5.16611 -4.99287 0.00873086
66 -5.16896 -4.99554 0.00900204
67 -5.16731 -4.9981 0.00922988
68 -5.16337 -5.00053 0.00941236
69 -5.15766 -5.00281 0.00955043
70 -5.15072 -5.00492 0.00964726
71 -5.14242 -5.00686 0.00970559
72 -5.13302 -5.00861 0.00972894
73 -5.12186 -5.01016 0.00971934
74 -5.10589 -5.01145 0.00967399
75 -5.08797 -5.01247 0.00959851
76 -5.06835 -5.01321 0.00949987
77 -5.04653 -5.01364 0.00938567
78 -5.02507 -5.01379 0.00926571
79 -5.00496 -5.01368 0.00914836
80 -4.98939 -5.01337 0.00903838
81 -4.97978 -5.01296 0.00893572
82 -4.97627 -5.01251 0.00883741
83 -4.97931 -5.01211 0.00873945
84 -4.98724 -5.01181 0.00863985
85 -4.99459 -5.01161 0.00854001
86 -5.00186 -5.0115 0.00844088
87 -5.00871 -5.01147 0.00834336
88 -5.01594 -5.01152 0.00824816
89 -5.02584 -5.01168 0.00815654
90 -5.03758 -5.01197 0.00807054
91 -5.04828 -5.01237 0.00799133
92 -5.05127 -5.01279 0.00791529
93 -5.045 -5.01313 0.00783738
94 -5.0296 -5.01331 0.00775553
95 -5.00862 -5.01326 0.00767362
96 -4.98764 -5.01299 0.00759795
97 -4.97004 -5.01255 0.00753224
98 -4.95502 -5.01196 0.00747806
99 -4.94212 -5.01126 0.00743568
100 -4.93261 -5.01047 0.00740285
1 -4.924 -4.924 0
2 -4.91597 -4.91999 0.00401432
3 -4.90968 -4.91655 0.00414351
4 -4.90419 -4.91346 0.00425822
5 -4.89888 -4.91054 0.00440272
6 -4.8942 -4.90782 0.00451088
7 -4.88886 -4.90511 0.00467634
8 -4.88374 -4.90244 0.00485183
9 -4.87698 -4.89961 0.00512963
10 -4.8725 -4.8969 0.00532905
11 -4.86949 -4.89441 0.00542638
12 -4.8707 -4.89243 0.005333
13 -4.87454 -4.89106 0.005095
14 -4.88081 -4.89032 0.00477345
15 -4.88886 -4.89023 0.00444491
16 -4.89886 -4.89077 0.00419267
17 -4.90695 -4.89172 0.0040517
18 -4.91565 -4.89305 0.00404475
19 -4.92462 -4.89471 0.0041712
20 -4.93437 -4.89669 0.00442631
21 -4.94595 -4.89904 0.0048195
22 -4.95981 -4.9018 0.00536157
23 -4.97689 -4.90507 0.00607494
24 -4.99377 -4.90876 0.00689127
25 -5.00923 -4.91278 0.00773572
26 -5.01942 -4.91688 0.00848895
27 -5.02397 -4.92085 0.0090805
28 -5.02124 -4.92443 0.00945631
29 -5.00735 -4.92729 0.00956185
30 -4.98393 -4.92918 0.0094286
31 -4.95264 -4.92994 0.00915073
32 -4.91637 -4.92951 0.0088703
33 -4.88239 -4.92809 0.00871508
34 -4.85824 -4.92603 0.00870087
35 -4.84715 -4.92378 0.00874403
36 -4.84745 -4.92166 0.00875816
37 -4.85599 -4.91988 0.00870112
38 -4.86703 -4.91849 0.0085825
39 -4.87846 -4.91746 0.00842234
40 -4.88424 -4.91663 0.008251
41 -4.88439 -4.91585 0.00808558
42 -4.88053 -4.91501 0.0079354
43 -4.87675 -4.91412 0.00779958
44 -4.87698 -4.91327 0.00766684
45 -4.88708 -4.91269 0.0075171
46 -4.90673 -4.91256 0.00735301
47 -4.93371 -4.91301 0.00720892
48 -4.96417 -4.91408 0.00713717
49 -4.99008 -4.91563 0.00716003
50 -5.00807 -4.91748 0.00725491
51 -5.01545 -4.9194 0.00736614
52 -5.00902 -4.92112 0.00742588
53 -4.99324 -4.92248 0.00741043
54 -4.97062 -4.92337 0.00732633
55 -4.94414 -4.92375 0.0072018
56 -4.91843 -4.92366 0.00707266
57 -4.89524 -4.92316 0.00696534
58 -4.87759 -4.92237 0.00688914
59 -4.86501 -4.9214 0.0068408
60 -4.85522 -4.9203 0.00681567
61 -4.85239 -4.91918 0.00679483
62 -4.8608 -4.91824 0.00675033
63 -4.88074 -4.91765 0.00666895
64 -4.90942 -4.91752 0.00656518
65 -4.94361 -4.91792 0.00647584
66 -4.98343 -4.91891 0.00645374
67 -5.024 -4.92048 0.00654733
68 -5.06144 -4.92255 0.00677524
69 -5.09102 -4.925 0.00710878
70 -5.1097 -4.92763 0.0074869
71 -5.11455 -4.93027 0.00783618
72 -5.11121 -4.93278 0.00812502
73 -5.10069 -4.93508 0.00833655
74 -5.08437 -4.9371 0.00846698
75 -5.06456 -4.9388 0.00852445
76 -5.04352 -4.94017 0.00852364
77 -5.02374 -4.94126 0.00848194
78 -5.00952 -4.94214 0.0084181
79 -5.00317 -4.94291 0.0083467
80 -5.00138 -4.94364 0.00827404
81 -4.99966 -4.94433 0.00820048
82 -4.9956 -4.94496 0.00812395
83 -4.98452 -4.94543 0.00803961
84 -4.97119 -4.94574 0.00794925
85 -4.96112 -4.94592 0.00785725
86 -4.96046 -4.94609 0.00776719
87 -4.97145 -4.94638 0.00768293
88 -4.99023 -4.94688 0.00761145
89 -5.01682 -4.94766 0.00756636
90 -5.04264 -4.94872 0.00755588
91 -5.06471 -4.94999 0.00758032
92 -5.0817 -4.95143 0.00763292
93 -5.09036 -4.95292 0.00769678
94 -5.0897 -4.95438 0.00775225
95 -5.08045 -4.9557 0.00778418
96 -5.06487 -4.95684 0.00778616
97 -5.04585 -4.95776 0.00775992
98 -5.02608 -4.95845 0.00771191
99 -5.00847 -4.95896 0.00765031
100 -4.99665 -4.95934 0.00758279
1 -4.98993 -4.98993 0
2 -4.99215 -4.99104 0.0011085
3 -5.00279 -4.99496 0.00396842
4 -5.01784 -5.00068 0.00637094
5 -5.03453 -5.00745 0.00837764
6 -5.05039 -5.0146 0.00990024
7 -5.06013 -5.02111 0.0105977
8 -5.06406 -5.02648 0.0106327
9 -5.06183 -5.0304 0.0101669
10 -5.05581 -5.03295 0.00944187
11 -5.04771 -5.03429 0.00864539
12 -5.04335 -5.03504 0.00792813
13 -5.04308 -5.03566 0.00731901
14 -5.04695 -5.03647 0.0068239
15 -5.05205 -5.03751 0.00643703
16 -5.05882 -5.03884 0.00616687
17 -5.06981 -5.04066 0.00607245
18 -5.08552 -5.04315 0.00624413
19 -5.10617 -5.04647 0.00677398
20 -5.12721 -5.05051 0.00758927
21 -5.14439 -5.05498 0.00849106
22 -5.15831 -5.05967 0.00935972
23 -5.17141 -5.06453 0.0101777
24 -5.18254 -5.06945 0.0109147
25 -5.19074 -5.0743 0.0115386
26 -5.19284 -5.07886 0.0119868
27 -5.18697 -5.08286 0.0122096
28 -5.17164 -5.08603 0.0121852
29 -5.14797 -5.08817 0.0119498
30 -5.11784 -5.08916 0.0115869
31 -5.08146 -5.08891 0.0112097
32 -5.04147 -5.08743 0.0109545
33 -4.9984 -5.08473 0.0109548
34 -4.95353 -5.08087 0.0113066
35 -4.9125 -5.07606 0.0119864
36 -4.88207 -5.07067 0.0128347
37 -4.86585 -5.06514 0.0136553
38 -4.86855 -5.05996 0.0142625
39 -4.88644 -5.05551 0.0145871
40 -4.91568 -5.05202 0.0146412
41 -4.95566 -5.04967 0.0144717
42 -5.00153 -5.04852 0.0141694
43 -5.04903 -5.04853 0.013836
44 -5.09369 -5.04956 0.0135568
45 -5.13134 -5.05138 0.0133761
46 -5.15965 -5.05373 0.0132921
47 -5.17677 -5.05635 0.0132671
48 -5.18301 -5.05899 0.0132531
49 -5.17855 -5.06143 0.0132072
50 -5.16231 -5.06345 0.0130967
51 -5.13587 -5.06487 0.0129156
52 -5.0994 -5.06553 0.0126822
53 -5.05979 -5.06542 0.0124411
54 -5.02561 -5.06468 0.0122308
55 -5.0032 -5.06357 0.0120583
56 -5.00001 -5.06243 0.0118952
57 -5.01416 -5.06158 0.0117153
58 -5.03993 -5.06121 0.0115176
59 -5.07032 -5.06137 0.0113218
60 -5.09652 -5.06195 0.0111469
61 -5.11491 -5.06282 0.010997
62 -5.1201 -5.06374 0.0108575
63 -5.11175 -5.06451 0.0107109
64 -5.09159 -5.06493 0.0105507
65 -5.06454 -5.06492 0.0103872
66 -5.03515 -5.06447 0.0102385
67 -5.0093 -5.06365 0.0101181
68 -4.99312 -5.06261 0.010022
69 -4.98497 -5.06149 0.00993957
70 -4.98504 -5.06039 0.00985724
71 -4.99317 -5.05945 0.00976344
72 -5.0049 -5.05869 0.00965664
73 -5.02025 -5.05816 0.00953799
74 -5.03621 -5.05787 0.00941289
75 -5.05051 -5.05777 0.00928705
76 -5.06193 -5.05782 0.0091642
77 -5.07147 -5.058 0.00904614
78 -5.07793 -5.05826 0.00893307
79 -5.08096 -5.05854 0.00882395
80 -5.08195 -5.05884 0.00871786
81 -5.08321 -5.05914 0.00861482
82 -5.08483 -5.05945 0.00851488
83 -5.09033 -5.05982 0.00841989
84 -5.1003 -5.0603 0.00833299
85 -5.11423 -5.06094 0.00825878
86 -5.13065 -5.06175 0.00820233
87 -5.14862 -5.06275 0.00816877
88 -5.16774 -5.06394 0.00816307
89 -5.18759 -5.06533 0.00818954
90 -5.2068 -5.0669 0.00824918
91 -5.22511 -5.06864 0.00834123
92 -5.23903 -5.07049 0.0084554
93 -5.24629 -5.07238 0.00857494
94 -5.24297 -5.0742 0.00867515
95 -5.22943 -5.07583 0.00873749
96 -5.20123 -5.07714 0.00874411
97 -5.16133 -5.07801 0.00869691
98 -5.11051 -5.07834 0.0086141
99 -5.05631 -5.07811 0.00852955
100 -5.00208 -5.07735 0.00847799
1 -4.95051 -4.95051 0
2 -4.91555 -4.93303 0.0174823
3 -4.89309 -4.91972 0.0167073
4 -4.88017 -4.90983 0.0154054
5 -4.87398 -4.90266 0.0139213
6 -4.87403 -4.89789 0.0123278
7 -4.88123 -4.89551 0.0106872
8 -4.89402 -4.89532 0.00925722
9 -4.91117 -4.89708 0.00835194
10 -4.93046 -4.90042 0.00818182
11 -4.95042 -4.90497 0.00868514
12 -4.96796 -4.91022 0.00950892
13 -4.98421 -4.91591 0.010436
14 -4.99726 -4.92172 0.0112746
15 -5.0067 -4.92738 0.0119274
16 -5.0151 -4.93287 0.012431
17 -5.02421 -4.93824 0.0128539
18 -5.0347 -4.9436 0.0132509
19 -5.0469 -4.94904 0.0136624
20 -5.05828 -4.9545 0.0140652
21 -5.06743 -4.95988 0.0144191
22 -5.07093 -4.96492 0.0146455
23 -5.06524 -4.96929 0.0146582
24 -5.05101 -4.97269 0.0144413
25 -5.02575 -4.97481 0.0140133
26 -4.98987 -4.97539 0.013476
27 -4.94885 -4.97441 0.0130045
28 -4.90851 -4.97206 0.0127506
29 -4.87451 -4.96869 0.0127546
30 -4.85807 -4.965 0.012862
31 -4.85846 -4.96157 0.0129062
32 -4.87722 -4.95893 0.0127714
33 -4.90992 -4.95745 0.0124671
34 -4.9485 -4.95718 0.0120977
35 -4.98716 -4.95804 0.0117782
36 -5.02027 -4.95977 0.0115761
37 -5.04499 -4.96207 0.0114921
38 -5.05993 -4.96465 0.0114782
39 -5.06575 -4.96724 0.0114766
40 -5.06416 -4.96966 0.0114455
41 -5.05861 -4.97183 0.0113717
42 -5.05169 -4.97373 0.0112593
43 -5.04759 -4.97545 0.0111277
44 -5.04678 -4.97707 0.0109921
45 -5.05224 -4.97874 0.0108741
46 -5.06019 -4.98051 0.0107815
47 -5.07192 -4.98246 0.0107273
48 -5.08602 -4.98461 0.0107208
49 -5.10025 -4.98697 0.0107617
50 -5.11272 -4.98949 0.01084
51 -5.12522 -4.99215 0.0109536
52 -5.1362 -4.99492 0.0110923
53 -5.14468 -4.99775 0.0112419
54 -5.14944 -5.00056 0.0113838
55 -5.14926 -5.00326 0.0114974
56 -5.14495 -5.00579 0.0115702
57 -5.13348 -5.00803 0.0115841
58 -5.11488 -5.00987 0.0115307
59 -5.08894 -5.01121 0.0114125
60 -5.05666 -5.01197 0.0112463
61 -5.02136 -5.01212 0.0110614
62 -4.9896 -5.01176 0.0108876
63 -4.96682 -5.01105 0.0107371
64 -4.95598 -5.01019 0.010603
65 -4.95826 -5.00939 0.0104691
66 -4.96926 -5.00878 0.0103272
67 -4.98424 -5.00841 0.0101785
68 -5.00255 -5.00833 0.0100281
69 -5.02342 -5.00855 0.00988407
70 -5.04705 -5.0091 0.00975736
71 -5.07335 -5.01 0.00966142
72 -5.09988 -5.01125 0.00960774
73 -5.1232 -5.01278 0.00959852
74 -5.14287 -5.01454 0.00962973
75 -5.15904 -5.01647 0.00969387
76 -5.16985 -5.01849 0.00977606
77 -5.17574 -5.02053 0.00986203
78 -5.17464 -5.0225 0.00993324
79 -5.1697 -5.02437 0.00998215
80 -5.15895 -5.02605 0.00999911
81 -5.14575 -5.02753 0.00998486
82 -5.13025 -5.02878 0.00994158
83 -5.11647 -5.02984 0.00987774
84 -5.10186 -5.03069 0.00979703
85 -5.08922 -5.03138 0.00970553
86 -5.0772 -5.03192 0.0096068
87 -5.06778 -5.03233 0.00950468
88 -5.06097 -5.03265 0.00940169
89 -5.05519 -5.03291 0.0092989
90 -5.04951 -5.03309 0.00919685
91 -5.04259 -5.03319 0.00909582
92 -5.03297 -5.03319 0.00899641
93 -5.01741 -5.03302 0.00890077
94 -4.99833 -5.03265 0.0088133
95 -4.97651 -5.03206 0.00874004
96 -4.95678 -5.03128 0.008684
97 -4.94248 -5.03036 0.00864263
98 -4.93501 -5.02939 0.00860914
99 -4.9344 -5.02843 0.00857558
100 -4.93913 -5.02754 0.00853623
1 -4.95079 -4.95079 0
2 -4.96636 -4.95857 0.0077879
3 -4.98352 -4.96689 0.0094526
4 -4.99728 -4.97449 0.0101187
5 -5.00227 -4.98004 0.00960834
6 -4.9959 -4.98269 0.00827852
7 -4.98075 -4.98241 0.00700211
8 -4.95869 -4.97944 0.00675028
9 -4.93588 -4.9746 0.00767279
10 -4.91728 -4.96887 0.00894162
11 -4.90594 -4.96315 0.00990679
12 -4.90599 -4.95839 0.0102215
13 -4.91638 -4.95516 0.00994212
14 -4.93469 -4.95369 0.00932003
15 -4.95712 -4.95392 0.00867948
16 -4.97933 -4.95551 0.00827275
17 -4.99654 -4.95792 0.00813709
18 -5.00575 -4.96058 0.00811879
19 -5.00742 -4.96305 0.00806556
20 -5.00257 -4.96502 0.00790276
21 -4.99528 -4.96646 0.00765387
22 -4.98672 -4.96738 0.00735554
23 -4.9793 -4.9679 0.00704754
24 -4.97398 -4.96816 0.00675225
25 -4.97481 -4.96842 0.006482
26 -4.97908 -4.96883 0.00624119
27 -4.98865 -4.96957 0.00605027
28 -4.99985 -4.97065 0.00592968
29 -5.01092 -4.97204 0.00588765
30 -5.02139 -4.97368 0.00592114
31 -5.02945 -4.97548 0.00600289
32 -5.03709 -4.97741 0.00612284
33 -5.04352 -4.97941 0.00626348
34 -5.04705 -4.9814 0.00639383
35 -5.04847 -4.98331 0.00649747
36 -5.04924 -4.98515 0.00657456
37 -5.05047 -4.98691 0.00663365
38 -5.05308 -4.98865 0.00668736
39 -5.05785 -4.99043 0.00675099
40 -5.06248 -4.99223 0.00682213
41 -5.06699 -4.99405 0.00689902
42 -5.06808 -4.99581 0.00695962
43 -5.06577 -4.99744 0.00698785
44 -5.05843 -4.99883 0.00696649
45 -5.04966 -4.99996 0.00690298
46 -5.04013 -5.00083 0.00680749
47 -5.03378 -5.00153 0.00669786
48 -5.03109 -5.00215 0.0065857
49 -5.03382 -5.00279 0.0064822
50 -5.03586 -5.00345 0.00638557
51 -5.03615 -5.0041 0.00629187
52 -5.03349 -5.00466 0.00619553
53 -5.02822 -5.00511 0.00609375
54 -5.02187 -5.00542 0.00598789
55 -5.01587 -5.00561 0.00588108
56 -5.01066 -5.0057 0.00577581
57 -5.00693 -5.00572 0.00567362
58 -5.00348 -5.00568 0.00557507
59 -4.99487 -5.0055 0.00548283
60 -4.98222 -5.00511 0.00540461
61 -4.96445 -5.00444 0.00535689
62 -4.94336 -5.00346 0.00536109
63 -4.92089 -5.00215 0.00543567
64 -4.89796 -5.00052 0.00559227
65 -4.88112 -4.99868 0.00580389
66 -4.87319 -4.99678 0.00602328
67 -4.87364 -4.99494 0.00621086
68 -4.88504 -4.99333 0.00632868
69 -4.90288 -4.99201 0.00637254
70 -4.92626 -4.99108 0.00635069
71 -4.95085 -4.99051 0.00628618
72 -4.97508 -4.99029 0.00620197
73 -4.99579 -4.99037 0.00611688
74 -5.01349 -4.99068 0.00604174
75 -5.02738 -4.99117 0.00598069
76 -5.04006 -4.99181 0.00593642
77 -5.0518 -4.99259 0.00591038
78 -5.06162 -4.99348 0.00590085
79 -5.06848 -4.99443 0.00590253
80 -5.07026 -4.99538 0.00590486
81 -5.06731 -4.99626 0.00589874
82 -5.05717 -4.99701 0.00587351
83 -5.04311 -4.99756 0.00582884
84 -5.02837 -4.99793 0.0057707
85 -5.01407 -4.99812 0.00570557
86 -5.0014 -4.99816 0.00563896
87 -4.99216 -4.99809 0.00557419
88 -4.98363 -4.99792 0.00551294
89 -4.97241 -4.99764 0.00545818
90 -4.95853 -4.9972 0.00541465
91 -4.94203 -4.9966 0.00538904
92 -4.92656 -4.99584 0.00538422
93 -4.91383 -4.99495 0.00539851
94 -4.9054 -4.994 0.00542508
95 -4.9033 -4.99305 0.00545192
96 -4.90887 -4.99217 0.00546563
97 -4.92179 -4.99144 0.00545744
98 -4.93903 -4.99091 0.00542787
99 -4.95631 -4.99056 0.00538412
100 -4.97271 -4.99038 0.005333
1 -4.9847 -4.9847 0
2 -4.99063 -4.98767 0.00296635
3 -4.99399 -4.98978 0.00271688
4 -4.99715 -4.99162 0.00266227
5 -5.00262 -4.99382 0.00301513
6 -5.01114 -4.99671 0.00379431
7 -5.02151 -5.00025 0.00477882
8 -5.03294 -5.00434 0.00581561
9 -5.04383 -5.00872 0.00675034
10 -5.05235 -5.01309 0.00744863
11 -5.05487 -5.01688 0.00773441
12 -5.05361 -5.01995 0.00769535
13 -5.04769 -5.02208 0.00739354
14 -5.03525 -5.02302 0.00690947
15 -5.0216 -5.02293 0.00643306
16 -5.008 -5.02199 0.0060895
17 -4.99684 -5.02051 0.00590839
18 -4.99058 -5.01885 0.00581335
19 -4.98842 -5.01725 0.0057274
20 -4.99321 -5.01605 0.00556484
21 -5.00215 -5.01538 0.00533442
22 -5.01396 -5.01532 0.00508659
23 -5.02525 -5.01575 0.00487954
24 -5.03564 -5.01658 0.00474472
25 -5.0418 -5.01759 0.00466149
26 -5.04296 -5.01857 0.00458368
27 -5.03914 -5.01933 0.00447599
28 -5.03298 -5.01981 0.00434064
29 -5.02477 -5.01999 0.00419177
30 -5.01932 -5.01996 0.0040497
31 -5.01706 -5.01987 0.003918
32 -5.01753 -5.0198 0.0037943
33 -5.0187 -5.01976 0.00367767
34 -5.01876 -5.01973 0.00356799
35 -5.01772 -5.01968 0.00346502
36 -5.01338 -5.0195 0.00337194
37 -5.004 -5.01908 0.00330618
38 -4.99269 -5.01839 0.00329209
39 -4.98097 -5.01743 0.00334703
40 -4.96916 -5.01622 0.00347833
41 -4.96132 -5.01488 0.00364712
42 -4.95512 -5.01346 0.00383314
43 -4.95058 -5.012 0.00401848
44 -4.94581 -5.01049 0.00420438
45 -4.94067 -5.00894 0.00439305
46 -4.93228 -5.00727 0.00460838
47 -4.92077 -5.00543 0.00487046
48 -4.90916 -5.00343 0.00517257
49 -4.89398 -5.0012 0.00553646
50 -4.87884 -4.99875 0.00595105
51 -4.86313 -4.99609 0.00641072
52 -4.85153 -4.99331 0.00687351
53 -4.84719 -4.99055 0.00728446
54 -4.85426 -4.98803 0.0075808
55 -4.87269 -4.98593 0.00773153
56 -4.90057 -4.98441 0.0077437
57 -4.93187 -4.98348 0.00766226
58 -4.96213 -4.98312 0.00753799
59 -4.98542 -4.98316 0.00740923
60 -4.99997 -4.98344 0.00729008
61 -5.00716 -4.98382 0.00718012
62 -5.00985 -4.98424 0.00707582
63 -5.01249 -4.98469 0.00697702
64 -5.01553 -4.98517 0.00688403
65 -5.0196 -4.9857 0.00679795
66 -5.02439 -4.98629 0.00671977
67 -5.02848 -4.98692 0.0066486
68 -5.03276 -4.98759 0.00658469
69 -5.03527 -4.98829 0.00652524
70 -5.03577 -4.98896 0.00646702
71 -5.0335 -4.98959 0.00640606
72 -5.02899 -4.99014 0.00634012
73 -5.02094 -4.99056 0.00626689
74 -5.01062 -4.99083 0.00618756
75 -4.99922 -4.99094 0.00610553
76 -4.9889 -4.99092 0.00602472
77 -4.9825 -4.99081 0.00594696
78 -4.98008 -4.99067 0.00587183
79 -4.98253 -4.99057 0.00579795
80 -4.98822 -4.99054 0.00572509
81 -4.99758 -4.99062 0.00565463
82 -5.00968 -4.99086 0.00559008
83 -5.02469 -4.99126 0.00553735
84 -5.03806 -4.99182 0.00549932
85 -5.04822 -4.99248 0.00547459
86 -5.05266 -4.99318 0.00545562
87 -5.05272 -4.99387 0.00543579
88 -5.05102 -4.99452 0.00541276
89 -5.05229 -4.99517 0.00539082
90 -5.05789 -4.99586 0.00537596
91 -5.06703 -4.99665 0.00537377
92 -5.07616 -4.99751 0.00538485
93 -5.07925 -4.99839 0.00539865
94 -5.07477 -4.9992 0.00540237
95 -5.06103 -4.99985 0.00538467
96 -5.0387 -5.00026 0.00534363
97 -5.01369 -5.0004 0.00529007
98 -4.99083 -5.0003 0.00523672
99 -4.97533 -5.00005 0.00518968
100 -4.97208 -4.99977 0.00514513
1 -4.97991 -4.97991 0
2 -4.99243 -4.98617 0.00626065
3 -5.00745 -4.99326 0.00796068
4 -5.02035 -5.00003 0.00880578
5 -5.03047 -5.00612 0.009142
6 -5.03631 -5.01115 0.00900149
7 -5.03942 -5.01519 0.00861288
8 -5.04033 -5.01833 0.00809391
9 -5.04456 -5.02125 0.00771016
10 -5.05195 -5.02432 0.00754884
11 -5.06476 -5.02799 0.00775506
12 -5.0795 -5.03229 0.00827895
13 -5.09723 -5.03728 0.00910767
14 -5.11662 -5.04295 0.0101595
15 -5.13523 -5.0491 0.0112829
16 -5.15137 -5.05549 0.0123389
17 -5.16139 -5.06172 0.0131583
18 -5.16295 -5.06735 0.0136208
19 -5.1568 -5.07205 0.0137173
20 -5.14504 -5.0757 0.0135154
21 -5.1269 -5.07814 0.0130849
22 -5.10676 -5.07944 0.0125436
23 -5.08511 -5.07969 0.0119884
24 -5.06414 -5.07904 0.0114962
25 -5.04569 -5.07771 0.0111072
26 -5.03047 -5.07589 0.010825
27 -5.01774 -5.07374 0.0106367
28 -5.00838 -5.0714 0.0105122
29 -5.00393 -5.06908 0.0104066
30 -5.00287 -5.06687 0.0102932
31 -5.00294 -5.06481 0.0101669
32 -5.00466 -5.06293 0.0100219
33 -5.00679 -5.06123 0.00986135
34 -5.00577 -5.05959 0.00970496
35 -5.00114 -5.05792 0.00957043
36 -4.99329 -5.05613 0.00947249
37 -4.98088 -5.0541 0.00943471
38 -4.9671 -5.05181 0.00946412
39 -4.9539 -5.0493 0.009554
40 -4.94014 -5.04657 0.00970369
41 -4.92757 -5.04366 0.00989908
42 -4.91968 -5.04071 0.0101015
43 -4.91638 -5.03782 0.0102788
44 -4.91839 -5.03511 0.0104029
45 -4.92374 -5.03263 0.0104659
46 -4.93321 -5.03047 0.0104616
47 -4.94494 -5.02865 0.010397
48 -4.9577 -5.02717 0.0102849
49 -4.97135 -5.02603 0.0101371
50 -4.98135 -5.02514 0.00997237
51 -4.98781 -5.02441 0.00980224
52 -4.9877 -5.0237 0.00963778
53 -4.98016 -5.02288 0.00948981
54 -4.96138 -5.02174 0.0093818
55 -4.93371 -5.02014 0.0093477
56 -4.90029 -5.018 0.00942546
57 -4.86538 -5.01532 0.009638
58 -4.83549 -5.01222 0.00996499
59 -4.81419 -5.00887 0.0103538
60 -4.8035 -5.00544 0.0107398
61 -4.80425 -5.00215 0.0110652
62 -4.81686 -4.99916 0.0112881
63 -4.83872 -4.99661 0.0113957
64 -4.86613 -4.99457 0.0114
65 -4.89659 -4.99306 0.011324
66 -4.92699 -4.99206 0.0111959
67 -4.95636 -4.99153 0.0110404
68 -4.98216 -4.99139 0.0108777
69 -5.00298 -4.99156 0.0107202
70 -5.01737 -4.99193 0.0105724
71 -5.02341 -4.99237 0.0104319
72 -5.02333 -4.9928 0.010295
73 -5.0186 -4.99316 0.0101591
74 -5.00811 -4.99336 0.0100229
75 -4.99711 -4.99341 0.00988849
76 -4.98809 -4.99334 0.00975776
77 -4.98363 -4.99321 0.00963103
78 -4.98397 -4.99309 0.00950749
79 -4.98913 -4.99304 0.00938651
80 -4.99759 -4.9931 0.00926861
81 -5.00912 -4.9933 0.0091556
82 -5.02113 -4.99364 0.00904962
83 -5.03061 -4.99408 0.00895102
84 -5.03714 -4.9946 0.00885866
85 -5.04048 -4.99514 0.00877045
86 -5.0416 -4.99568 0.00868469
87 -5.04167 -4.9962 0.00860054
88 -5.04283 -4.99673 0.00851874
89 -5.04199 -4.99724 0.00843782
90 -5.03736 -4.99769 0.00835544
91 -5.02764 -4.99802 0.00826966
92 -5.01511 -4.9982 0.00818139
93 -5.00404 -4.99827 0.00809318
94 -4.99725 -4.99826 0.00800663
95 -4.99931 -4.99827 0.00792191
96 -5.01091 -4.9984 0.00784006
97 -5.02729 -4.9987 0.00776453
98 -5.0444 -4.99916 0.00769903
99 -5.05834 -4.99976 0.00764428
100 -5.07009 -5.00046 0.00760006
1 -5.07734 -5.07734 0
2 -5.07986 -5.0786 0.00126056
3 -5.07777 -5.07832 0.000779223
4 -5.07243 -5.07685 0.00157185
5 -5.05961 -5.0734 0.00365712
6 -5.04138 -5.06807 0.00611562
7 -5.01657 -5.06071 0.0089909
8 -4.98965 -5.05183 0.0118116
9 -4.96623 -5.04232 0.0141055
10 -4.94859 -5.03294 0.0157165
11 -4.94283 -5.02475 0.0164075
12 -4.94598 -5.01819 0.0163532
13 -4.95803 -5.01356 0.0157386
14 -4.97795 -5.01102 0.0147914
15 -5.00342 -5.01051 0.0137793
16 -5.03203 -5.01185 0.0129594
17 -5.06031 -5.01471 0.0125024
18 -5.08612 -5.01867 0.0124372
19 -5.10486 -5.02321 0.0126086
20 -5.11482 -5.02779 0.0128087
21 -5.11596 -5.03199 0.0128866
22 -5.10866 -5.03547 0.0127716
23 -5.09574 -5.03809 0.0124819
24 -5.07902 -5.0398 0.0120715
25 -5.06056 -5.04063 0.0116083
26 -5.04064 -5.04063 0.0111529
27 -5.02158 -5.03992 0.0107551
28 -5.00483 -5.03867 0.0104394
29 -4.99017 -5.037 0.0102109
30 -4.97742 -5.03501 0.0100626
31 -4.96761 -5.03284 0.00997244
32 -4.9605 -5.03058 0.00991682
33 -4.95821 -5.02838 0.00985862
34 -4.95996 -5.02637 0.00977369
35 -4.96529 -5.02463 0.00964948
36 -4.97405 -5.02322 0.00948228
37 -4.98833 -5.02228 0.00927054
38 -5.0087 -5.02192 0.00903035
39 -5.03693 -5.02231 0.00880417
40 -5.0729 -5.02357 0.00867395
41 -5.11364 -5.02577 0.00874035
42 -5.15526 -5.02885 0.00906981
43 -5.19406 -5.03269 0.00965387
44 -5.2292 -5.03716 0.0104358
45 -5.25845 -5.04208 0.0113247
46 -5.28007 -5.04725 0.0122246
47 -5.29028 -5.05242 0.0130314
48 -5.28647 -5.0573 0.0136572
49 -5.27128 -5.06166 0.0140704
50 -5.24317 -5.06529 0.014256
51 -5.20829 -5.0681 0.0142523
52 -5.16872 -5.07003 0.0141088
53 -5.12808 -5.07113 0.0138833
54 -5.09321 -5.07154 0.0136299
55 -5.06758 -5.07147 0.01338
56 -5.04973 -5.07108 0.0131446
57 -5.03788 -5.07049 0.0129251
58 -5.02775 -5.06976 0.0127217
59 -5.02165 -5.06894 0.0125307
60 -5.01866 -5.0681 0.0123486
61 -5.01998 -5.06732 0.0121701
62 -5.02532 -5.06664 0.0119913
63 -5.03337 -5.06611 0.0118112
64 -5.0423 -5.06574 0.0116312
65 -5.04915 -5.06548 0.0114537
66 -5.05492 -5.06532 0.0112799
67 -5.05798 -5.06521 0.0111108
68 -5.05799 -5.06511 0.0109468
69 -5.05513 -5.06496 0.0107879
70 -5.0484 -5.06473 0.0106353
71 -5.03744 -5.06434 0.0104915
72 -5.02095 -5.06374 0.0103623
73 -4.99831 -5.06284 0.0102586
74 -4.97485 -5.06165 0.0101886
75 -4.9586 -5.06028 0.0101453
76 -4.95776 -5.05893 0.0101014
77 -4.97541 -5.05785 0.0100282
78 -5.00519 -5.05717 0.0099218
79 -5.03756 -5.05692 0.00979855
80 -5.06305 -5.057 0.00967559
81 -5.07916 -5.05727 0.00955931
82 -5.0847 -5.05761 0.00944794
83 -5.08098 -5.05789 0.00933766
84 -5.07438 -5.05809 0.00922792
85 -5.06735 -5.05819 0.00911936
86 -5.06258 -5.05825 0.00901284
87 -5.06286 -5.0583 0.0089088
88 -5.06653 -5.05839 0.00880748
89 -5.07441 -5.05857 0.00870982
90 -5.08529 -5.05887 0.00861761
91 -5.09618 -5.05928 0.00853224
92 -5.10465 -5.05977 0.00845339
93 -5.1095 -5.06031 0.00837908
94 -5.108 -5.06081 0.00830498
95 -5.09827 -5.06121 0.00822655
96 -5.08086 -5.06141 0.00814298
97 -5.05939 -5.06139 0.00805862
98 -5.03625 -5.06114 0.00798009
99 -5.01387 -5.06066 0.00791348
100 -4.99775 -5.06003 0.00785917
1 -4.98674 -4.98674 0
2 -4.98248 -4.98461 0.00212928
3 -4.98505 -4.98476 0.00123801
4 -4.9912 -4.98637 0.00183304
5 -5.00105 -4.98931 0.00326061
6 -5.01096 -4.99291 0.00448512
7 -5.02178 -4.99704 0.00560091
8 -5.03028 -5.00119 0.00638736
9 -5.03716 -5.00519 0.00690654
10 -5.04312 -5.00898 0.00724902
11 -5.05064 -5.01277 0.00757179
12 -5.0605 -5.01675 0.00797492
13 -5.06947 -5.0208 0.00838228
14 -5.07732 -5.02484 0.00874755
15 -5.08085 -5.02857 0.00895884
16 -5.0768 -5.03159 0.00890589
17 -5.06316 -5.03345 0.00856928
18 -5.04117 -5.03387 0.00809058
19 -5.01001 -5.03262 0.00775532
20 -4.97538 -5.02976 0.00789429
21 -4.93907 -5.02544 0.00866207
22 -4.90448 -5.01994 0.00992159
23 -4.87549 -5.01366 0.011372
24 -4.85085 -5.00688 0.0128282
25 -4.82991 -4.9998 0.0141953
26 -4.8156 -4.99271 0.0153686
27 -4.8116 -4.98601 0.0162386
28 -4.82219 -4.98015 0.0167059
29 -4.84295 -4.97542 0.0167995
30 -4.86923 -4.97188 0.0166114
31 -4.8943 -4.96938 0.0162604
32 -4.91882 -4.9678 0.0158231
33 -4.94211 -4.96702 0.0153559
34 -4.96429 -4.96694 0.0148976
35 -4.98392 -4.96743 0.0144739
36 -5.00197 -4.96839 0.0140988
37 -5.01742 -4.96971 0.0137763
38 -5.02942 -4.97128 0.0135006
39 -5.03795 -4.97299 0.0132605
40 -5.04068 -4.97468 0.0130351
41 -5.03651 -4.97619 0.0128023
42 -5.02391 -4.97733 0.0125453
43 -5.0056 -4.97799 0.0122677
44 -4.98415 -4.97813 0.0119865
45 -4.96396 -4.97781 0.0117213
46 -4.94652 -4.97713 0.0114838
47 -4.9354 -4.97624 0.0112719
48 -4.93013 -4.97528 0.0110763
49 -4.93274 -4.97441 0.0108826
50 -4.94157 -4.97376 0.0106829
51 -4.95443 -4.97338 0.0104782
52 -4.96805 -4.97328 0.0102752
53 -4.98336 -4.97347 0.0100813
54 -5.00049 -4.97397 0.00990549
55 -5.01898 -4.97478 0.0097581
56 -5.03879 -4.97593 0.00965018
57 -5.05955 -4.97739 0.00959221
58 -5.0809 -4.97918 0.00959283
59 -5.10136 -4.98125 0.00965358
60 -5.11715 -4.98352 0.00975784
61 -5.13052 -4.98593 0.00989451
62 -5.13929 -4.9884 0.010043
63 -5.14368 -4.99086 0.010185
64 -5.14663 -4.9933 0.0103159
65 -5.14714 -4.99566 0.0104281
66 -5.14633 -4.99795 0.0105195
67 -5.1438 -5.00012 0.0105875
68 -5.1403 -5.00219 0.0106324
69 -5.13315 -5.00408 0.0106477
70 -5.12353 -5.00579 0.0106323
71 -5.11066 -5.00727 0.0105851
72 -5.09749 -5.00852 0.010512
73 -5.08403 -5.00955 0.0104184
74 -5.07237 -5.0104 0.0103117
75 -5.06597 -5.01114 0.0102002
76 -5.06297 -5.01183 0.0100882
77 -5.06458 -5.01251 0.00997985
78 -5.06789 -5.01322 0.00987663
79 -5.06902 -5.01393 0.00977635
80 -5.0678 -5.0146 0.00967683
81 -5.06337 -5.0152 0.00957556
82 -5.05784 -5.01572 0.00947235
83 -5.05565 -5.0162 0.00936988
84 -5.05644 -5.01668 0.00927005
85 -5.06133 -5.01721 0.00917539
86 -5.06812 -5.0178 0.00908737
87 -5.07229 -5.01843 0.00900412
88 -5.07154 -5.01903 0.00892165
89 -5.06377 -5.01953 0.00883515
90 -5.05191 -5.01989 0.00874383
91 -5.03768 -5.02009 0.00864942
92 -5.02333 -5.02012 0.00855496
93 -5.01094 -5.02002 0.00846305
94 -5.00073 -5.01982 0.00837505
95 -4.99087 -5.01951 0.00829202
96 -4.98064 -5.01911 0.00821518
97 -4.96873 -5.01859 0.00814662
98 -4.95688 -5.01796 0.00808761
99 -4.94696 -5.01724 0.00803756
100 -4.94263 -5.0165 0.00799169
1 -4.94682 -4.94682 0
2 -4.9589 -4.95286 0.00604253
3 -4.97672 -4.96081 0.00868594
4 -4.99782 -4.97007 0.0111054
5 -5.01971 -4.97999 0.0131363
6 -5.04021 -4.99003 0.0146886
7 -5.05947 -4.99995 0.0158911
8 -5.07436 -5.00925 0.0166107
9 -5.08397 -5.01755 0.0168385
10 -5.08737 -5.02454 0.0166004
11 -5.08412 -5.02995 0.0159628
12 -5.07406 -5.03363 0.0150284
13 -5.05979 -5.03564 0.0139699
14 -5.04438 -5.03627 0.0129486
15 -5.03079 -5.0359 0.0120601
16 -5.02327 -5.03511 0.0113087
17 -5.02296 -5.0344 0.0106467
18 -5.02983 -5.03414 0.010041
19 -5.03888 -5.03439 0.00950113
20 -5.04832 -5.03509 0.00904042
21 -5.05381 -5.03598 0.00864522
22 -5.0542 -5.03681 0.00828443
23 -5.05043 -5.0374 0.00793817
24 -5.04439 -5.03769 0.0076058
25 -5.03757 -5.03769 0.00729523
26 -5.02782 -5.03731 0.00701931
27 -5.01525 -5.03649 0.00680354
28 -4.99919 -5.03516 0.00669005
29 -4.97814 -5.03319 0.00674801
30 -4.9536 -5.03054 0.00703835
31 -4.92782 -5.02722 0.00757114
32 -4.90308 -5.02335 0.00829399
33 -4.88621 -5.01919 0.00904928
34 -4.87899 -5.01507 0.00969924
35 -4.88491 -5.01135 0.0101256
36 -4.90286 -5.00833 0.0102915
37 -4.93058 -5.00623 0.0102277
38 -4.96435 -5.00513 0.0100157
39 -5.00047 -5.00501 0.00975627
40 -5.03261 -5.0057 0.00953423
41 -5.0602 -5.00703 0.00939332
42 -5.08212 -5.00882 0.00933966
43 -5.09555 -5.01084 0.00934027
44 -5.10285 -5.01293 0.00936206
45 -5.10297 -5.01493 0.00936786
46 -5.09983 -5.01677 0.00934602
47 -5.09586 -5.01846 0.00929853
48 -5.09095 -5.01997 0.00922718
49 -5.08835 -5.02136 0.00914403
50 -5.087 -5.02267 0.00905495
51 -5.08689 -5.02393 0.0089645
52 -5.08699 -5.02515 0.00887366
53 -5.08478 -5.02627 0.00877704
54 -5.08111 -5.02729 0.00867264
55 -5.07619 -5.02818 0.0085598
56 -5.0681 -5.02889 0.00843573
57 -5.05911 -5.02942 0.00830335
58 -5.04962 -5.02977 0.00816637
59 -5.04362 -5.03 0.00803019
60 -5.0377 -5.03013 0.00789627
61 -5.03677 -5.03024 0.0077665
62 -5.03973 -5.03039 0.00764174
63 -5.04588 -5.03064 0.00752349
64 -5.0486 -5.03092 0.00741032
65 -5.04755 -5.03117 0.00729991
66 -5.03721 -5.03127 0.00718903
67 -5.02022 -5.0311 0.00708284
68 -4.99711 -5.0306 0.00699578
69 -4.97216 -5.02975 0.00694548
70 -4.95096 -5.02863 0.00693746
71 -4.93671 -5.02733 0.0069605
72 -4.92739 -5.02595 0.00700213
73 -4.92138 -5.02451 0.00705253
74 -4.91464 -5.02303 0.00711325
75 -4.90488 -5.02145 0.00719241
76 -4.89365 -5.01977 0.00729364
77 -4.88429 -5.01801 0.00741023
78 -4.8821 -5.01627 0.0075193
79 -4.89125 -5.01469 0.00759032
80 -4.90654 -5.01334 0.00761578
81 -4.92578 -5.01225 0.00759845
82 -4.94492 -5.01143 0.00755001
83 -4.96287 -5.01085 0.00748141
84 -4.97691 -5.01044 0.00740284
85 -4.98628 -5.01016 0.00732075
86 -4.99166 -5.00995 0.00723832
87 -4.99256 -5.00975 0.00715743
88 -4.99046 -5.00953 0.00707902
89 -4.98621 -5.00926 0.00700393
90 -4.98171 -5.00896 0.00693244
91 -4.97952 -5.00863 0.00686346
92 -4.98065 -5.00833 0.00679526
93 -4.98284 -5.00806 0.00672738
94 -4.98413 -5.0078 0.00666029
95 -4.98282 -5.00754 0.00659506
96 -4.97704 -5.00722 0.00653373
97 -4.9722 -5.00686 0.00647609
98 -4.97326 -5.00652 0.00641883
99 -4.98181 -5.00627 0.00635856
100 -4.99284 -5.00613 0.00629608
1 -4.99571 -4.99571 0
2 -4.99115 -4.99343 0.00227972
3 -4.98192 -4.9896 0.00405572
4 -4.972 -4.9852 0.00525057
5 -4.96606 -4.98137 0.00558536
6 -4.96548 -4.97872 0.0052736
7 -4.97001 -4.97748 0.00462743
8 -4.97633 -4.97733 0.00401006
9 -4.98426 -4.9781 0.00361928
10 -4.9913 -4.97942 0.00349581
11 -4.99848 -4.98116 0.00360555
12 -5.00594 -4.98322 0.00388576
13 -5.01213 -4.98544 0.00420988
14 -5.02066 -4.98796 0.00463875
15 -5.02986 -4.99075 0.00514304
16 -5.0401 -4.99384 0.00571461
17 -5.04904 -4.99708 0.00627369
18 -5.05321 -5.0002 0.00668635
19 -5.05329 -5.003 0.00691431
20 -5.04522 -5.00511 0.00689081
21 -5.03048 -5.00632 0.00666489
22 -5.01004 -5.00649 0.00635698
23 -4.98644 -5.00561 0.00613649
24 -4.96478 -5.00391 0.00611669
25 -4.94655 -5.00162 0.00629966
26 -4.93293 -4.99898 0.00660397
27 -4.92184 -4.99612 0.00696727
28 -4.91159 -4.9931 0.00736136
29 -4.90146 -4.98994 0.00777421
30 -4.89276 -4.9867 0.00817935
31 -4.88943 -4.98356 0.00851059
32 -4.89316 -4.98074 0.00871121
33 -4.90076 -4.97831 0.00878408
34 -4.90837 -4.97626 0.00876657
35 -4.9122 -4.97443 0.00870696
36 -4.90847 -4.97259 0.00865774
37 -4.9 -4.97063 0.00864606
38 -4.89086 -4.96853 0.00867334
39 -4.88657 -4.96643 0.00870552
40 -4.88938 -4.96451 0.00870101
41 -4.8987 -4.9629 0.0086366
42 -4.91187 -4.96169 0.00851559
43 -4.92367 -4.9608 0.00836206
44 -4.93604 -4.96024 0.00818916
45 -4.94865 -4.95998 0.00800925
46 -4.96365 -4.96006 0.00783361
47 -4.97771 -4.96044 0.00767432
48 -4.99002 -4.96105 0.00753798
49 -4.99583 -4.96176 0.00741657
50 -4.99578 -4.96244 0.00729851
51 -4.9877 -4.96294 0.00717109
52 -4.97471 -4.96316 0.00703548
53 -4.95651 -4.96304 0.0069026
54 -4.93912 -4.9626 0.00678804
55 -4.92383 -4.96189 0.00670064
56 -4.91362 -4.96103 0.00663611
57 -4.9083 -4.9601 0.00658396
58 -4.90859 -4.95922 0.00653012
59 -4.91097 -4.9584 0.00647036
60 -4.91575 -4.95769 0.00640119
61 -4.92032 -4.95707 0.00632512
62 -4.92362 -4.95654 0.00624561
63 -4.92428 -4.95602 0.00616697
64 -4.92311 -4.95551 0.00609159
65 -4.91869 -4.95494 0.00602383
66 -4.91303 -4.95431 0.00596576
67 -4.90633 -4.95359 0.00591952
68 -4.89853 -4.95278 0.00588776
69 -4.89228 -4.9519 0.0058677
70 -4.88739 -4.95098 0.00585625
71 -4.88322 -4.95003 0.00585154
72 -4.87613 -4.949 0.00586028
73 -4.86749 -4.94789 0.00588631
74 -4.85607 -4.94664 0.00593732
75 -4.84534 -4.94529 0.00601132
76 -4.83714 -4.94387 0.00610002
77 -4.83373 -4.94244 0.00618788
78 -4.83873 -4.94111 0.00625108
79 -4.85039 -4.93996 0.00627738
80 -4.86761 -4.93906 0.00626404
81 -4.88743 -4.93842 0.00621898
82 -4.90802 -4.93805 0.00615385
83 -4.92911 -4.93794 0.00608021
84 -4.94881 -4.93807 0.00600878
85 -4.96761 -4.93842 0.00594783
86 -4.98512 -4.93896 0.00590329
87 -5.00029 -4.93967 0.00587747
88 -5.01555 -4.94053 0.00587393
89 -5.02916 -4.94153 0.00589232
90 -5.04131 -4.94263 0.00593103
91 -5.05252 -4.94384 0.00598851
92 -5.06071 -4.94511 0.00605774
93 -5.06395 -4.94639 0.00612699
94 -5.06004 -4.9476 0.00618085
95 -5.05027 -4.94868 0.00621022
96 -5.03347 -4.94956 0.00620834
97 -5.01331 -4.95022 0.00617905
98 -4.99285 -4.95066 0.00613113
99 -4.97576 -4.95091 0.00607418
100 -4.96769 -4.95108 0.00601547
