1 -0.0318396 -0.0318396 0
2 -0.031848 -0.0318438 4.16726e-06
3 -0.0318622 -0.0318499 6.60645e-06
4 -0.0318825 -0.0318581 9.38592e-06
5 -0.0319087 -0.0318682 1.24712e-05
6 -0.031941 -0.0318803 1.58375e-05
7 -0.0319793 -0.0318945 1.94661e-05
8 -0.0320236 -0.0319106 2.33428e-05
9 -0.0320741 -0.0319288 2.74563e-05
10 -0.0321308 -0.031949 3.17977e-05
11 -0.0321937 -0.0319712 3.636e-05
12 -0.0322652 -0.0319957 4.12556e-05
13 -0.0323433 -0.0320225 4.64213e-05
14 -0.0324422 -0.0320524 5.24018e-05
15 -0.0325433 -0.0320852 5.87419e-05
16 -0.0326561 -0.0321209 6.55165e-05
17 -0.0327832 -0.0321598 7.28387e-05
18 -0.0328986 -0.0322009 8.00022e-05
19 -0.0330473 -0.0322454 8.78146e-05
20 -0.033199 -0.0322931 9.59878e-05
21 -0.0333513 -0.0323435 0.000104286
22 -0.0335162 -0.0323968 0.00011282
23 -0.0336891 -0.032453 0.000121567
24 -0.0338725 -0.0325121 0.000130558
25 -0.0340643 -0.0325742 0.000139773
26 -0.034267 -0.0326393 0.000149241
27 -0.0344667 -0.032707 0.000158756
28 -0.03468 -0.0327775 0.000168429
29 -0.0349119 -0.0328511 0.000178407
30 -0.0351415 -0.0329274 0.00018851
31 -0.0353807 -0.0330065 0.000198761
32 -0.0356298 -0.0330885 0.000209182
33 -0.0358962 -0.0331736 0.000219872
34 -0.0361756 -0.0332619 0.000230859
35 -0.0364564 -0.0333532 0.000242035
36 -0.0367412 -0.0334473 0.000253345
37 -0.0370375 -0.0335443 0.00026482
38 -0.0373695 -0.033645 0.000276716
39 -0.0376973 -0.0337489 0.000288862
40 -0.0380284 -0.0338559 0.000301191
41 -0.0383587 -0.0339657 0.000313611
42 -0.0387193 -0.0340789 0.00032631
43 -0.0390871 -0.0341953 0.000339251
44 -0.0394815 -0.0343155 0.000352553
45 -0.0398795 -0.0344391 0.000366138
46 -0.0402958 -0.0345664 0.000380051
47 -0.0407265 -0.0346975 0.000394298
48 -0.0411841 -0.0348327 0.000408968
49 -0.0416575 -0.0349719 0.000424061
50 -0.0421452 -0.0351154 0.000439565
51 -0.0426504 -0.0352631 0.000455487
52 -0.0431858 -0.0354155 0.000471913
53 -0.0437263 -0.0355723 0.000488761
54 -0.0442922 -0.0357338 0.000506078
55 -0.0448866 -0.0359002 0.000523923
56 -0.0455013 -0.0360717 0.000542297
57 -0.0461448 -0.0362484 0.000561247
58 -0.0468208 -0.0364307 0.00058083
59 -0.0475164 -0.0366186 0.000601025
60 -0.0482498 -0.0368124 0.000621908
61 -0.0490158 -0.0370125 0.000643515
62 -0.0498067 -0.0372188 0.000665835
63 -0.0506455 -0.0374319 0.000688972
64 -0.051525 -0.0376521 0.000712979
65 -0.0524402 -0.0378797 0.000737874
66 -0.0533958 -0.0381147 0.000763694
67 -0.0544015 -0.0383578 0.000790512
68 -0.0554481 -0.0386092 0.000818349
69 -0.0565432 -0.0388691 0.000847254
70 -0.057697 -0.039138 0.000877311
71 -0.0589149 -0.0394166 0.000908615
72 -0.0601909 -0.0397051 0.000941222
73 -0.0615213 -0.040004 0.000975162
74 -0.062931 -0.0403138 0.00101056
75 -0.0644117 -0.0406351 0.00104749
76 -0.0659692 -0.0409684 0.00108604
77 -0.0675855 -0.0413141 0.0011262
78 -0.0692964 -0.0416729 0.00116812
79 -0.0710805 -0.0420451 0.00121183
80 -0.0729504 -0.0424314 0.0012574
81 -0.0749009 -0.0428323 0.00130488
82 -0.0769381 -0.0432482 0.00135432
83 -0.0790436 -0.0436795 0.00140569
84 -0.0812127 -0.0441263 0.00145896
85 -0.0834339 -0.0445888 0.00151405
86 -0.0856694 -0.0450664 0.00157074
87 -0.0878687 -0.0455584 0.00162866
88 -0.0899862 -0.0460633 0.00168735
89 -0.0919382 -0.0465787 0.00174609
90 -0.0936215 -0.0471014 0.00180397
91 -0.0949163 -0.0476269 0.0018598
92 -0.0956517 -0.0481489 0.00191211
93 -0.0956994 -0.0486602 0.00195933
94 -0.094938 -0.0491525 0.00199992
95 -0.0933543 -0.0496178 0.00203272
96 -0.0911443 -0.0500503 0.00205742
97 -0.088784 -0.0504496 0.00207489
98 -0.0870551 -0.0508232 0.0020873
99 -0.0868878 -0.0511875 0.00209798
100 -0.0890793 -0.0515664 0.00211117
1 -0.0942602 -0.0942602 0
2 -0.101379 -0.0978197 0.00355955
3 -0.109976 -0.101872 0.00454343
4 -0.119064 -0.10617 0.00536607
5 -0.127779 -0.110492 0.00599621
6 -0.135534 -0.114665 0.00643347
7 -0.142006 -0.118571 0.0066947
8 -0.147028 -0.122128 0.00680199
9 -0.150502 -0.125281 0.00677679
10 -0.152352 -0.127988 0.00663842
11 -0.15252 -0.130218 0.00640545
12 -0.150937 -0.131945 0.00609693
13 -0.147708 -0.133157 0.00573794
14 -0.143131 -0.13387 0.00535986
15 -0.137792 -0.134131 0.00499661
16 -0.132524 -0.134031 0.00467498
17 -0.12825 -0.133691 0.00440452
18 -0.125708 -0.133247 0.00417624
19 -0.125257 -0.132827 0.00397265
20 -0.126993 -0.132535 0.00378006
21 -0.130892 -0.132457 0.0035964
22 -0.136904 -0.132659 0.00343499
23 -0.144909 -0.133192 0.00332517
24 -0.154545 -0.134081 0.0033056
25 -0.165103 -0.135322 0.00340479
26 -0.175699 -0.136875 0.00362111
27 -0.185432 -0.138673 0.00392115
28 -0.193662 -0.140637 0.0042584
29 -0.20007 -0.142687 0.00459167
30 -0.204718 -0.144754 0.00489421
31 -0.207913 -0.146792 0.00515353
32 -0.210088 -0.14877 0.00536762
33 -0.211653 -0.150675 0.00554043
34 -0.21284 -0.152504 0.00567747
35 -0.213648 -0.154251 0.00578305
36 -0.213957 -0.155909 0.00585972
37 -0.213551 -0.157467 0.00590824
38 -0.212339 -0.158911 0.00592918
39 -0.210465 -0.160233 0.0059245
40 -0.208264 -0.161434 0.00589802
41 -0.206221 -0.162526 0.00585517
42 -0.204762 -0.163532 0.00580187
43 -0.204126 -0.164476 0.00574346
44 -0.204301 -0.165381 0.00568393
45 -0.205093 -0.166263 0.00562583
46 -0.206209 -0.167132 0.00557028
47 -0.207459 -0.16799 0.0055176
48 -0.208829 -0.168841 0.00546802
49 -0.210458 -0.16969 0.0054222
50 -0.212625 -0.170549 0.0053816
51 -0.215655 -0.171433 0.00534865
52 -0.219821 -0.172364 0.0053267
53 -0.225275 -0.173362 0.00531974
54 -0.231996 -0.174448 0.00533203
55 -0.239859 -0.175637 0.00536759
56 -0.24862 -0.17694 0.00542961
57 -0.257943 -0.178362 0.00551958
58 -0.267454 -0.179898 0.00563691
59 -0.276773 -0.18154 0.00577872
60 -0.285545 -0.183273 0.00594014
61 -0.29346 -0.185079 0.00611484
62 -0.300291 -0.186938 0.00629589
63 -0.30588 -0.188826 0.00647644
64 -0.310148 -0.190721 0.00665035
65 -0.313066 -0.192603 0.00681242
66 -0.314643 -0.194453 0.00695858
67 -0.314948 -0.196251 0.00708596
68 -0.314058 -0.197983 0.00719273
69 -0.312045 -0.199636 0.00727794
70 -0.308994 -0.201199 0.00734137
71 -0.304894 -0.202659 0.00738313
72 -0.299676 -0.204007 0.00740351
73 -0.293204 -0.205229 0.00740293
74 -0.285313 -0.206311 0.00738196
75 -0.275968 -0.20724 0.00734185
76 -0.265324 -0.208004 0.00728481
77 -0.253756 -0.208598 0.00721409
78 -0.241748 -0.209023 0.00713367
79 -0.229854 -0.209287 0.00704773
80 -0.218995 -0.209408 0.00696013
81 -0.211035 -0.209428 0.0068737
82 -0.208687 -0.209419 0.00678936
83 -0.214073 -0.209475 0.00670729
84 -0.226793 -0.209681 0.00663017
85 -0.243846 -0.210083 0.00656402
86 -0.261432 -0.21068 0.00651467
87 -0.276862 -0.211441 0.00648413
88 -0.289118 -0.212324 0.00647051
89 -0.298323 -0.21329 0.00646996
90 -0.305099 -0.21431 0.00647848
91 -0.310122 -0.215363 0.00649283
92 -0.313956 -0.216435 0.00651067
93 -0.316969 -0.217516 0.00653038
94 -0.319419 -0.2186 0.00655086
95 -0.321433 -0.219682 0.0065713
96 -0.323148 -0.22076 0.0065912
97 -0.324662 -0.221831 0.00661026
98 -0.326079 -0.222895 0.00662838
99 -0.327505 -0.223952 0.00664563
100 -0.328959 -0.225002 0.00666211
1 -0.330508 -0.330508 0
2 -0.331874 -0.331191 0.000682572
3 -0.333058 -0.331813 0.000736693
4 -0.333842 -0.332321 0.000727026
5 -0.334 -0.332656 0.000655658
6 -0.333347 -0.332771 0.000547571
7 -0.331788 -0.332631 0.000483656
8 -0.32933 -0.332218 0.00058792
9 -0.326184 -0.331548 0.000847576
10 -0.322707 -0.330664 0.00116461
11 -0.319371 -0.329637 0.00147097
12 -0.316659 -0.328556 0.00172416
13 -0.314936 -0.327508 0.0019008
14 -0.314374 -0.32657 0.00199424
15 -0.314956 -0.325796 0.00201152
16 -0.316497 -0.325214 0.00196931
17 -0.318729 -0.324833 0.00188877
18 -0.321355 -0.32464 0.0017912
19 -0.324064 -0.324609 0.00169457
20 -0.326589 -0.324708 0.00161066
21 -0.328741 -0.3249 0.00154403
22 -0.330378 -0.325149 0.00149308
23 -0.331489 -0.325425 0.00145307
24 -0.332132 -0.325705 0.001419
25 -0.33243 -0.325974 0.00138739
26 -0.332542 -0.326226 0.00135669
27 -0.332587 -0.326462 0.00132657
28 -0.332643 -0.326683 0.00129723
29 -0.332708 -0.32689 0.00126883
30 -0.332675 -0.327083 0.00124087
31 -0.3324 -0.327255 0.00121237
32 -0.331687 -0.327393 0.00118202
33 -0.330344 -0.327483 0.00114912
34 -0.328238 -0.327505 0.00111503
35 -0.325271 -0.327441 0.00108459
36 -0.321482 -0.327275 0.00106695
37 -0.317049 -0.326999 0.00107389
38 -0.312292 -0.326612 0.0011146
39 -0.307613 -0.326125 0.00118993
40 -0.303421 -0.325557 0.00129124
41 -0.299943 -0.324933 0.0014058
42 -0.297254 -0.324274 0.00152199
43 -0.295277 -0.323599 0.00163201
44 -0.293897 -0.322924 0.0017315
45 -0.293067 -0.322261 0.00181798
46 -0.292844 -0.321621 0.00188953
47 -0.29331 -0.321019 0.00194453
48 -0.294436 -0.320465 0.00198251
49 -0.296041 -0.319967 0.00200459
50 -0.297784 -0.319523 0.00201357
51 -0.299312 -0.319127 0.00201309
52 -0.300324 -0.318765 0.00200684
53 -0.300668 -0.318424 0.001998
54 -0.300339 -0.318089 0.00198905
55 -0.299447 -0.31775 0.00198175
56 -0.298095 -0.317399 0.00197744
57 -0.296412 -0.317031 0.00197702
58 -0.294464 -0.316641 0.00198122
59 -0.29227 -0.316228 0.00199068
60 -0.289898 -0.31579 0.00200581
61 -0.287513 -0.315326 0.00202639
62 -0.285538 -0.314846 0.00205052
63 -0.284682 -0.314367 0.00207374
64 -0.285873 -0.313922 0.00208907
65 -0.289844 -0.313551 0.00208977
66 -0.296707 -0.313296 0.00207363
67 -0.305795 -0.313184 0.00204551
68 -0.315932 -0.313224 0.00201561
69 -0.325851 -0.313407 0.0019946
70 -0.334669 -0.313711 0.00198922
71 -0.341944 -0.314109 0.00200092
72 -0.347582 -0.314574 0.00202697
73 -0.351716 -0.315082 0.00206274
74 -0.354579 -0.315616 0.00210352
75 -0.356383 -0.31616 0.00214528
76 -0.357332 -0.316701 0.00218509
77 -0.357565 -0.317232 0.00222086
78 -0.357145 -0.317744 0.00225114
79 -0.356103 -0.318229 0.00227488
80 -0.35445 -0.318682 0.00229144
81 -0.352143 -0.319095 0.00230037
82 -0.349127 -0.319462 0.00230147
83 -0.345346 -0.319773 0.00229486
84 -0.340769 -0.320023 0.00228111
85 -0.335388 -0.320204 0.00226135
86 -0.329252 -0.320309 0.00223738
87 -0.322462 -0.320334 0.00221165
88 -0.315176 -0.320275 0.00218716
89 -0.307631 -0.320133 0.0021671
90 -0.300073 -0.31991 0.00215445
91 -0.292741 -0.319612 0.00215146
92 -0.285898 -0.319245 0.00215927
93 -0.279798 -0.318821 0.00217763
94 -0.27481 -0.318353 0.00220463
95 -0.271369 -0.317858 0.00223667
96 -0.269922 -0.317359 0.00226888
97 -0.270747 -0.316879 0.00229621
98 -0.273782 -0.316439 0.00231482
99 -0.27856 -0.316056 0.00232304
100 -0.284401 -0.31574 0.00232138
1 -0.291197 -0.291197 0
2 -0.297149 -0.294173 0.00297642
3 -0.302493 -0.296946 0.00326246
4 -0.306991 -0.299457 0.00340989
5 -0.310413 -0.301648 0.00343185
6 -0.312495 -0.303456 0.00333462
7 -0.312971 -0.304816 0.00312896
8 -0.31157 -0.30566 0.00283826
9 -0.308217 -0.305944 0.00251918
10 -0.30316 -0.305666 0.00227036
11 -0.297189 -0.304895 0.00219344
12 -0.291666 -0.303793 0.00228573
13 -0.288224 -0.302595 0.00241971
14 -0.288107 -0.30156 0.00246769
15 -0.29158 -0.300895 0.00239171
16 -0.297787 -0.300701 0.00224566
17 -0.305302 -0.300971 0.00212672
18 -0.312734 -0.301625 0.00210889
19 -0.319206 -0.30255 0.00219898
20 -0.324343 -0.30364 0.00235356
21 -0.328143 -0.304807 0.00252453
22 -0.330772 -0.305987 0.00268083
23 -0.332459 -0.307138 0.00280833
24 -0.333391 -0.308232 0.00290277
25 -0.333721 -0.309251 0.00296504
26 -0.333521 -0.310185 0.00299776
27 -0.332852 -0.311024 0.00300428
28 -0.331708 -0.311763 0.00298776
29 -0.330047 -0.312393 0.00295103
30 -0.32779 -0.312907 0.0028968
31 -0.324857 -0.313292 0.00282819
32 -0.321142 -0.313537 0.00274935
33 -0.316542 -0.313629 0.00266629
34 -0.310972 -0.31355 0.00258786
35 -0.304401 -0.313289 0.00252639
36 -0.296887 -0.312833 0.00249713
37 -0.288586 -0.312178 0.00251557
38 -0.279873 -0.311328 0.00259186
39 -0.271309 -0.310302 0.0027251
40 -0.263588 -0.309134 0.0029015
41 -0.257545 -0.307876 0.00309698
42 -0.253963 -0.306592 0.00328364
43 -0.253357 -0.305354 0.00343707
44 -0.255891 -0.30423 0.00354122
45 -0.26125 -0.303275 0.00359098
46 -0.268795 -0.302525 0.00359115
47 -0.277652 -0.301996 0.00355354
48 -0.286951 -0.301682 0.00349281
49 -0.295966 -0.301566 0.00342277
50 -0.304119 -0.301617 0.00335401
51 -0.311121 -0.301803 0.00329286
52 -0.316816 -0.302092 0.0032418
53 -0.321214 -0.302453 0.00320045
54 -0.324392 -0.302859 0.00316679
55 -0.326469 -0.303288 0.00313818
56 -0.327581 -0.303722 0.00311201
57 -0.327835 -0.304145 0.00308606
58 -0.327351 -0.304545 0.00305867
59 -0.326221 -0.304913 0.00302874
60 -0.324581 -0.30524 0.00299582
61 -0.322531 -0.305524 0.0029599
62 -0.320205 -0.305761 0.00292138
63 -0.317764 -0.305951 0.00288095
64 -0.315375 -0.306098 0.00283939
65 -0.313171 -0.306207 0.00279749
66 -0.311232 -0.306283 0.00275583
67 -0.309546 -0.306332 0.00271482
68 -0.308005 -0.306357 0.00267471
69 -0.306392 -0.306357 0.00263566
70 -0.304417 -0.306329 0.00259789
71 -0.301809 -0.306266 0.00256183
72 -0.298413 -0.306157 0.00252835
73 -0.294302 -0.305994 0.00249875
74 -0.289902 -0.305777 0.00247433
75 -0.285984 -0.305513 0.00245534
76 -0.283428 -0.305222 0.00244018
77 -0.282921 -0.304933 0.00242564
78 -0.284573 -0.304672 0.00240852
79 -0.287832 -0.304459 0.00238738
80 -0.291709 -0.304299 0.00236272
81 -0.295268 -0.304188 0.00233604
82 -0.297898 -0.304111 0.00230865
83 -0.299525 -0.304056 0.00228133
84 -0.300526 -0.304014 0.0022544
85 -0.301551 -0.303985 0.00222791
86 -0.303192 -0.303976 0.00220187
87 -0.305762 -0.303996 0.00217651
88 -0.309225 -0.304055 0.00215245
89 -0.313165 -0.304158 0.00213059
90 -0.317053 -0.304301 0.00211165
91 -0.320408 -0.304478 0.00209581
92 -0.322924 -0.304679 0.00208257
93 -0.32449 -0.304892 0.00207104
94 -0.325158 -0.305107 0.00206021
95 -0.325096 -0.305318 0.00204923
96 -0.324495 -0.305517 0.00203759
97 -0.323593 -0.305704 0.00202507
98 -0.322569 -0.305876 0.00201167
99 -0.32158 -0.306034 0.00199756
100 -0.320744 -0.306182 0.00198294
1 -0.320121 -0.320121 0
2 -0.320003 -0.320062 5.91754e-05
3 -0.320482 -0.320202 0.000144183
4 -0.32166 -0.320567 0.000378465
5 -0.32358 -0.321169 0.000670225
6 -0.326136 -0.321997 0.000992257
7 -0.329125 -0.323015 0.0013192
8 -0.332235 -0.324168 0.00162272
9 -0.335116 -0.325384 0.0018783
10 -0.337448 -0.326591 0.00206828
11 -0.338926 -0.327712 0.00218118
12 -0.339369 -0.328684 0.00221547
13 -0.33869 -0.329453 0.00217844
14 -0.336923 -0.329987 0.00208624
15 -0.334237 -0.33027 0.00196274
16 -0.330973 -0.330314 0.0018365
17 -0.327584 -0.330153 0.00173255
18 -0.324595 -0.329845 0.0016624
19 -0.322518 -0.329459 0.00161906
20 -0.321685 -0.32907 0.00158439
21 -0.322205 -0.328743 0.00154211
22 -0.323905 -0.328523 0.00148671
23 -0.326396 -0.328431 0.00142361
24 -0.329258 -0.328465 0.00136343
25 -0.332144 -0.328613 0.00131601
26 -0.334785 -0.32885 0.00128647
27 -0.337143 -0.329157 0.00127544
28 -0.339301 -0.329519 0.00128133
29 -0.341462 -0.329931 0.00130314
30 -0.343851 -0.330395 0.00134173
31 -0.346651 -0.33092 0.00139967
32 -0.349964 -0.331515 0.00148014
33 -0.353781 -0.332189 0.00158535
34 -0.358028 -0.332949 0.00171552
35 -0.362556 -0.333795 0.00186826
36 -0.367199 -0.334723 0.00203898
37 -0.371797 -0.335725 0.00222187
38 -0.376221 -0.336791 0.00241092
39 -0.380338 -0.337907 0.00260024
40 -0.384095 -0.339062 0.00278504
41 -0.387411 -0.340241 0.0029612
42 -0.390227 -0.341432 0.00312532
43 -0.39251 -0.342619 0.0032748
44 -0.394224 -0.343792 0.0034077
45 -0.395318 -0.344937 0.00352241
46 -0.395772 -0.346042 0.0036179
47 -0.395545 -0.347096 0.00369344
48 -0.394604 -0.348085 0.0037487
49 -0.392938 -0.349001 0.00378378
50 -0.390534 -0.349831 0.00379926
51 -0.387399 -0.350568 0.00379617
52 -0.383595 -0.351203 0.00377624
53 -0.379207 -0.351731 0.0037418
54 -0.374374 -0.352151 0.00369572
55 -0.369275 -0.352462 0.00364124
56 -0.364176 -0.352671 0.00358174
57 -0.359356 -0.352789 0.00352029
58 -0.355128 -0.352829 0.0034593
59 -0.351772 -0.352811 0.00340021
60 -0.349506 -0.352756 0.00334351
61 -0.348462 -0.352686 0.003289
62 -0.348607 -0.35262 0.00323618
63 -0.349835 -0.352576 0.00318471
64 -0.351896 -0.352565 0.00313457
65 -0.354527 -0.352595 0.00308612
66 -0.357338 -0.352667 0.00303985
67 -0.359945 -0.352776 0.0029961
68 -0.361983 -0.352911 0.00295482
69 -0.363093 -0.353059 0.00291542
70 -0.362949 -0.3532 0.00287694
71 -0.361318 -0.353314 0.00283843
72 -0.358106 -0.353381 0.00279952
73 -0.353382 -0.353381 0.00276091
74 -0.347391 -0.3533 0.00272454
75 -0.340589 -0.35313 0.00269331
76 -0.333639 -0.352874 0.00266998
77 -0.327315 -0.352542 0.0026559
78 -0.322425 -0.352156 0.00264991
79 -0.319635 -0.351744 0.00264834
80 -0.319354 -0.351339 0.00264618
81 -0.321637 -0.350973 0.00263891
82 -0.326207 -0.350671 0.00262397
83 -0.332517 -0.350452 0.00260138
84 -0.339939 -0.350327 0.00257327
85 -0.347826 -0.350297 0.00254298
86 -0.355641 -0.350359 0.00251401
87 -0.362959 -0.350504 0.00248916
88 -0.369501 -0.35072 0.00247016
89 -0.375069 -0.350994 0.00245752
90 -0.379567 -0.351311 0.00245071
91 -0.382944 -0.351659 0.00244844
92 -0.385206 -0.352023 0.00244897
93 -0.386393 -0.352393 0.00245053
94 -0.386573 -0.352757 0.00245143
95 -0.385836 -0.353105 0.00245036
96 -0.384301 -0.35343 0.00244638
97 -0.382095 -0.353725 0.002439
98 -0.379374 -0.353987 0.00242813
99 -0.376285 -0.354212 0.00241401
100 -0.373004 -0.3544 0.00239712
1 -0.369346 -0.369346 0
2 -0.366117 -0.367732 0.00161453
3 -0.36309 -0.366185 0.0018062
4 -0.360307 -0.364715 0.00194693
5 -0.357774 -0.363327 0.00204974
6 -0.355514 -0.362025 0.00212054
7 -0.353533 -0.360812 0.00216415
8 -0.351834 -0.359689 0.00218446
9 -0.350436 -0.358661 0.00218372
10 -0.349383 -0.357733 0.00216237
11 -0.348693 -0.356912 0.00212157
12 -0.348414 -0.356203 0.00206212
13 -0.348544 -0.355614 0.00198628
14 -0.349077 -0.355147 0.0018973
15 -0.349983 -0.354803 0.00179953
16 -0.351198 -0.354578 0.00169832
17 -0.352659 -0.354465 0.00159928
18 -0.354266 -0.354454 0.00150785
19 -0.35594 -0.354532 0.00142843
20 -0.357572 -0.354684 0.00136362
21 -0.359066 -0.354893 0.00131375
22 -0.360356 -0.355141 0.00127699
23 -0.361405 -0.355413 0.00125023
24 -0.362195 -0.355696 0.0012299
25 -0.362788 -0.35598 0.00121331
26 -0.363301 -0.356261 0.00119924
27 -0.363914 -0.356545 0.00118827
28 -0.364816 -0.35684 0.00118254
29 -0.366144 -0.357161 0.00118528
30 -0.367929 -0.35752 0.00120003
31 -0.370059 -0.357924 0.00122914
32 -0.372233 -0.358371 0.00127133
33 -0.373998 -0.358845 0.00132006
34 -0.374873 -0.359316 0.00136466
35 -0.374393 -0.359747 0.00139336
36 -0.37222 -0.360094 0.00139772
37 -0.368288 -0.360315 0.00137735
38 -0.362815 -0.360381 0.00134222
39 -0.356373 -0.360278 0.00131139
40 -0.349815 -0.360017 0.00130467
41 -0.344042 -0.359627 0.00133077
42 -0.339793 -0.359155 0.00138189
43 -0.337575 -0.358653 0.00143967
44 -0.337647 -0.358175 0.00148538
45 -0.340119 -0.357774 0.00150642
46 -0.344786 -0.357492 0.00150012
47 -0.351063 -0.357355 0.00147422
48 -0.357926 -0.357367 0.00144322
49 -0.3641 -0.357504 0.00142013
50 -0.368367 -0.357722 0.00140829
51 -0.369861 -0.35796 0.00140078
52 -0.368216 -0.358157 0.00138766
53 -0.363673 -0.358261 0.0013652
54 -0.357045 -0.358238 0.00133987
55 -0.349565 -0.358081 0.00132471
56 -0.342584 -0.357804 0.00132994
57 -0.337196 -0.357442 0.00135551
58 -0.333999 -0.357038 0.00139191
59 -0.333122 -0.356633 0.00142691
60 -0.334403 -0.356262 0.00145102
61 -0.33761 -0.355957 0.00145943
62 -0.342408 -0.355738 0.00145223
63 -0.34837 -0.355621 0.00143377
64 -0.354934 -0.35561 0.00141123
65 -0.361525 -0.355701 0.00139233
66 -0.36758 -0.355881 0.00138283
67 -0.372659 -0.356132 0.00138486
68 -0.376534 -0.356432 0.00139695
69 -0.379133 -0.356761 0.00141532
70 -0.380553 -0.357101 0.00143577
71 -0.380959 -0.357437 0.00145474
72 -0.380529 -0.357757 0.00146982
73 -0.379487 -0.358055 0.00147979
74 -0.378015 -0.358325 0.00148437
75 -0.376294 -0.358564 0.00148391
76 -0.374506 -0.358774 0.0014792
77 -0.372873 -0.358957 0.0014713
78 -0.371595 -0.359119 0.00146133
79 -0.370834 -0.359268 0.00145031
80 -0.370719 -0.359411 0.0014392
81 -0.371354 -0.359558 0.00142895
82 -0.372737 -0.359719 0.00142054
83 -0.37484 -0.359901 0.0014151
84 -0.377554 -0.360111 0.00141385
85 -0.380717 -0.360354 0.001418
86 -0.384121 -0.36063 0.0014284
87 -0.387536 -0.360939 0.00144536
88 -0.390737 -0.361278 0.00146842
89 -0.393513 -0.36164 0.00149632
90 -0.395748 -0.362019 0.00152737
91 -0.397368 -0.362408 0.00155964
92 -0.398305 -0.362798 0.00159118
93 -0.398619 -0.363183 0.00162042
94 -0.398347 -0.363557 0.00164616
95 -0.397574 -0.363915 0.00166763
96 -0.396408 -0.364254 0.00168453
97 -0.39495 -0.36457 0.00169684
98 -0.39329 -0.364863 0.00170481
99 -0.391531 -0.365132 0.00170887
100 -0.389741 -0.365379 0.0017095
1 -0.387773 -0.387773 0
2 -0.386017 -0.386895 0.000878106
3 -0.384285 -0.386025 0.00100689
4 -0.382563 -0.385159 0.00112072
5 -0.380782 -0.384284 0.00123287
6 -0.378916 -0.383389 0.0013467
7 -0.376988 -0.382475 0.00145998
8 -0.375082 -0.381551 0.00156605
9 -0.373513 -0.380658 0.00164475
10 -0.372647 -0.379857 0.00167505
11 -0.372955 -0.379229 0.00163991
12 -0.374781 -0.378858 0.00154223
13 -0.378189 -0.378807 0.00141958
14 -0.382888 -0.379098 0.00134622
15 -0.388289 -0.379711 0.00139501
16 -0.393672 -0.380584 0.00156977
17 -0.398404 -0.381632 0.00180918
18 -0.40201 -0.382764 0.00204723
19 -0.404244 -0.383895 0.00224232
20 -0.405041 -0.384952 0.00237553
21 -0.404503 -0.385883 0.00244387
22 -0.402835 -0.386653 0.00245424
23 -0.400331 -0.387248 0.00241933
24 -0.397388 -0.387671 0.00235454
25 -0.394452 -0.387942 0.00227463
26 -0.392025 -0.388099 0.00219103
27 -0.390603 -0.388192 0.00211036
28 -0.390543 -0.388276 0.00203533
29 -0.392058 -0.388406 0.00196821
30 -0.395105 -0.388629 0.00191454
31 -0.399413 -0.388977 0.00188415
32 -0.404534 -0.389463 0.00188798
33 -0.409879 -0.390082 0.00193163
34 -0.414874 -0.390811 0.00201082
35 -0.418959 -0.391615 0.00211166
36 -0.421718 -0.392452 0.00221599
37 -0.422877 -0.393274 0.0023068
38 -0.422428 -0.394041 0.00237274
39 -0.420641 -0.394723 0.00240964
40 -0.418121 -0.395308 0.00242037
41 -0.415728 -0.395806 0.00241257
42 -0.41433 -0.396247 0.00239538
43 -0.414517 -0.396672 0.00237729
44 -0.416395 -0.39712 0.00236549
45 -0.41958 -0.397619 0.00236558
46 -0.423362 -0.398179 0.0023803
47 -0.426995 -0.398792 0.00240845
48 -0.429867 -0.39944 0.002445
49 -0.431574 -0.400095 0.00248276
50 -0.431995 -0.400733 0.00251487
51 -0.431249 -0.401332 0.00253665
52 -0.429679 -0.401877 0.00254642
53 -0.427741 -0.402365 0.00254514
54 -0.425977 -0.402802 0.00253555
55 -0.424857 -0.403203 0.00252112
56 -0.424724 -0.403587 0.00250534
57 -0.425682 -0.403975 0.00249134
58 -0.427623 -0.404383 0.00248173
59 -0.43026 -0.404821 0.00247842
60 -0.433232 -0.405295 0.00248234
61 -0.43617 -0.405801 0.00249322
62 -0.438791 -0.406333 0.00250973
63 -0.44093 -0.406882 0.0025299
64 -0.4425 -0.407439 0.00255149
65 -0.443524 -0.407994 0.00257254
66 -0.444037 -0.40854 0.00259146
67 -0.444152 -0.409072 0.00260724
68 -0.443988 -0.409585 0.00261943
69 -0.443704 -0.41008 0.00262813
70 -0.443467 -0.410557 0.00263386
71 -0.443456 -0.41102 0.00263752
72 -0.443817 -0.411475 0.00264022
73 -0.444661 -0.41193 0.00264319
74 -0.445991 -0.41239 0.00264754
75 -0.447726 -0.412861 0.00265416
76 -0.449685 -0.413346 0.00266344
77 -0.451623 -0.413843 0.00267521
78 -0.45324 -0.414348 0.00268856
79 -0.454283 -0.414854 0.00270202
80 -0.454508 -0.415349 0.00271369
81 -0.453755 -0.415823 0.0027216
82 -0.451973 -0.416264 0.00272411
83 -0.449219 -0.416661 0.00272022
84 -0.445643 -0.417006 0.0027097
85 -0.44153 -0.417295 0.00269313
86 -0.437212 -0.417527 0.00267168
87 -0.433078 -0.417705 0.00264684
88 -0.429518 -0.417839 0.00262003
89 -0.426853 -0.417941 0.0025924
90 -0.425284 -0.418022 0.00256474
91 -0.424923 -0.418098 0.00253753
92 -0.425654 -0.41818 0.00251114
93 -0.427219 -0.418278 0.00248589
94 -0.429218 -0.418394 0.00246206
95 -0.431204 -0.418529 0.00243973
96 -0.432846 -0.418678 0.00241878
97 -0.434001 -0.418836 0.00239893
98 -0.434734 -0.418998 0.00237986
99 -0.435235 -0.419162 0.0023614
100 -0.435632 -0.419327 0.00234346
1 -0.43588 -0.43588 0
2 -0.435887 -0.435883 3.5587e-06
3 -0.435548 -0.435771 0.00011163
4 -0.434897 -0.435553 0.000232433
5 -0.434147 -0.435272 0.000333855
6 -0.433658 -0.435003 0.000382963
7 -0.433748 -0.434823 0.000369986
8 -0.434564 -0.434791 0.000322057
9 -0.436006 -0.434926 0.000314501
10 -0.43776 -0.435209 0.000399271
11 -0.439397 -0.43559 0.000524738
12 -0.440504 -0.436 0.000630202
13 -0.44077 -0.436367 0.0006861
14 -0.440034 -0.436629 0.000687113
15 -0.438257 -0.436737 0.000648819
16 -0.435543 -0.436663 0.000611485
17 -0.432118 -0.436395 0.000633559
18 -0.428269 -0.435944 0.000748733
19 -0.42435 -0.435334 0.000934859
20 -0.420653 -0.4346 0.00115124
21 -0.417437 -0.433782 0.00136641
22 -0.414862 -0.432922 0.00156107
23 -0.412975 -0.432055 0.00172545
24 -0.41171 -0.431207 0.0018568
25 -0.410923 -0.430396 0.0019571
26 -0.41044 -0.429628 0.00203093
27 -0.410077 -0.428904 0.00208411
28 -0.409747 -0.42822 0.00212164
29 -0.409396 -0.427571 0.00214762
30 -0.409117 -0.426956 0.00216406
31 -0.409073 -0.426379 0.00217113
32 -0.409469 -0.425851 0.00216759
33 -0.410497 -0.425385 0.00215177
34 -0.412237 -0.424999 0.00212305
35 -0.414625 -0.424702 0.00208269
36 -0.417487 -0.424502 0.00203391
37 -0.420529 -0.424394 0.00198109
38 -0.423502 -0.424371 0.00192839
39 -0.426116 -0.424416 0.00187883
40 -0.42821 -0.42451 0.00183371
41 -0.4297 -0.424637 0.0017929
42 -0.430561 -0.424778 0.00175537
43 -0.430831 -0.424919 0.00171983
44 -0.430565 -0.425047 0.00168518
45 -0.429837 -0.425154 0.00165074
46 -0.42871 -0.425231 0.00161631
47 -0.427254 -0.425274 0.00158213
48 -0.425539 -0.42528 0.00154883
49 -0.423615 -0.425246 0.00151727
50 -0.421541 -0.425171 0.00148846
51 -0.419338 -0.425057 0.00146346
52 -0.417066 -0.424903 0.00144325
53 -0.414707 -0.424711 0.00142876
54 -0.412249 -0.42448 0.00142092
55 -0.40961 -0.42421 0.00142081
56 -0.406651 -0.423896 0.00143
57 -0.403178 -0.423533 0.00145096
58 -0.398909 -0.423108 0.00148759
59 -0.393572 -0.422608 0.00154548
60 -0.38695 -0.422013 0.00163159
61 -0.379094 -0.42131 0.0017521
62 -0.370573 -0.420491 0.00190801
63 -0.362573 -0.419572 0.00209048
64 -0.356761 -0.418591 0.00227964
65 -0.354637 -0.417607 0.00245049
66 -0.356804 -0.416686 0.00258295
67 -0.362519 -0.415877 0.00266948
68 -0.370173 -0.415205 0.00271445
69 -0.378046 -0.414666 0.0027285
70 -0.384923 -0.414242 0.0027226
71 -0.390218 -0.413903 0.00270522
72 -0.393852 -0.413625 0.00268188
73 -0.396005 -0.413383 0.00265588
74 -0.396949 -0.413161 0.00262914
75 -0.396979 -0.412945 0.0026028
76 -0.396359 -0.412727 0.00257758
77 -0.395304 -0.412501 0.00255393
78 -0.394003 -0.412264 0.00253211
79 -0.392627 -0.412015 0.00251218
80 -0.391325 -0.411757 0.00249402
81 -0.390207 -0.411491 0.00247737
82 -0.389369 -0.411221 0.00246179
83 -0.388871 -0.410952 0.00244681
84 -0.388739 -0.410687 0.00243193
85 -0.388979 -0.410432 0.00241668
86 -0.389557 -0.410189 0.00240072
87 -0.390396 -0.409961 0.00238384
88 -0.391413 -0.409751 0.002366
89 -0.392513 -0.409557 0.00234727
90 -0.393598 -0.40938 0.00232781
91 -0.394579 -0.409217 0.00230783
92 -0.395366 -0.409066 0.00228756
93 -0.395888 -0.408925 0.00226726
94 -0.396105 -0.408788 0.00224716
95 -0.39599 -0.408654 0.00222745
96 -0.395564 -0.408517 0.00220834
97 -0.394891 -0.408377 0.00218997
98 -0.394022 -0.40823 0.00217245
99 -0.393051 -0.408077 0.00215585
100 -0.392078 -0.407917 0.00214018
1 -0.391052 -0.391052 0
2 -0.390191 -0.390622 0.000430306
3 -0.389378 -0.390207 0.000483274
4 -0.388536 -0.389789 0.000539699
5 -0.3876 -0.389352 0.000605388
6 -0.386501 -0.388877 0.000685579
7 -0.38526 -0.38836 0.000776266
8 -0.383965 -0.387811 0.000868153
9 -0.382823 -0.387256 0.000945159
10 -0.382072 -0.386738 0.000991703
11 -0.381978 -0.386305 0.000995948
12 -0.382688 -0.386004 0.00095785
13 -0.384225 -0.385867 0.000891655
14 -0.386455 -0.385909 0.00082658
15 -0.38914 -0.386124 0.000799083
16 -0.391996 -0.386491 0.000832702
17 -0.394758 -0.386978 0.000921008
18 -0.397226 -0.387547 0.00103836
19 -0.399272 -0.388164 0.00115996
20 -0.400837 -0.388798 0.00126983
21 -0.401876 -0.38942 0.00135896
22 -0.402408 -0.390011 0.00142386
23 -0.402441 -0.390551 0.00146396
24 -0.401993 -0.391028 0.00148049
25 -0.401074 -0.39143 0.0014758
26 -0.399698 -0.391748 0.00145312
27 -0.397896 -0.391976 0.00141669
28 -0.395705 -0.392109 0.00137164
29 -0.393215 -0.392147 0.00132404
30 -0.390535 -0.392093 0.00128027
31 -0.387861 -0.391957 0.00124579
32 -0.385352 -0.39175 0.00122376
33 -0.383213 -0.391492 0.00121398
34 -0.381617 -0.391201 0.00121301
35 -0.380665 -0.3909 0.0012157
36 -0.380438 -0.39061 0.00121667
37 -0.380984 -0.390349 0.00121159
38 -0.382353 -0.390139 0.0011979
39 -0.384565 -0.389996 0.0011755
40 -0.387572 -0.389935 0.00114734
41 -0.391217 -0.389967 0.00111944
42 -0.395219 -0.390092 0.0010996
43 -0.399248 -0.390305 0.00109463
44 -0.402971 -0.390593 0.00110753
45 -0.406157 -0.390938 0.00113655
46 -0.408716 -0.391325 0.00117684
47 -0.410671 -0.391736 0.00122288
48 -0.412174 -0.392162 0.0012706
49 -0.413444 -0.392597 0.00131801
50 -0.414706 -0.393039 0.00136499
51 -0.416134 -0.393492 0.00141252
52 -0.417812 -0.393959 0.00146192
53 -0.419768 -0.394446 0.00151449
54 -0.421922 -0.394955 0.00157086
55 -0.424141 -0.395486 0.00163079
56 -0.426247 -0.396035 0.001693
57 -0.427987 -0.396596 0.00175497
58 -0.429093 -0.397156 0.00181318
59 -0.429197 -0.397699 0.00186309
60 -0.427805 -0.398201 0.00189926
61 -0.424407 -0.39863 0.00191663
62 -0.418533 -0.398951 0.0019126
63 -0.410246 -0.399131 0.00189052
64 -0.400562 -0.399153 0.00186088
65 -0.391893 -0.399041 0.00183543
66 -0.387433 -0.398865 0.00181594
67 -0.38945 -0.398725 0.00179414
68 -0.397631 -0.398709 0.00176763
69 -0.409261 -0.398862 0.00174853
70 -0.421025 -0.399178 0.00175221
71 -0.430619 -0.399621 0.00178322
72 -0.437119 -0.400142 0.00183378
73 -0.440625 -0.400697 0.0018916
74 -0.441685 -0.40125 0.00194635
75 -0.440995 -0.40178 0.001992
76 -0.439221 -0.402273 0.00202641
77 -0.436922 -0.402723 0.00204992
78 -0.434565 -0.403131 0.00206424
79 -0.432524 -0.403503 0.00207162
80 -0.431098 -0.403848 0.00207444
81 -0.430489 -0.404177 0.00207491
82 -0.430808 -0.404502 0.00207502
83 -0.43209 -0.404834 0.00207664
84 -0.434299 -0.405185 0.00208154
85 -0.437342 -0.405563 0.00209141
86 -0.441087 -0.405976 0.00210782
87 -0.445379 -0.406429 0.0021321
88 -0.450026 -0.406925 0.00216518
89 -0.454844 -0.407463 0.00220738
90 -0.459649 -0.408043 0.00225842
91 -0.464237 -0.408661 0.00231726
92 -0.468414 -0.40931 0.00238218
93 -0.471968 -0.409984 0.00245085
94 -0.474651 -0.410672 0.00252035
95 -0.476218 -0.411362 0.00258737
96 -0.476393 -0.412039 0.00264838
97 -0.474901 -0.412687 0.00269986
98 -0.471501 -0.413287 0.00273874
99 -0.466083 -0.413821 0.00276289
100 -0.458756 -0.41427 0.00277178
1 -0.449164 -0.449164 0
2 -0.439961 -0.444563 0.00460171
3 -0.43145 -0.440192 0.00511486
4 -0.424663 -0.43631 0.00530589
5 -0.420235 -0.433095 0.00521802
6 -0.418218 -0.430615 0.00492948
7 -0.418236 -0.428847 0.004526
8 -0.419743 -0.427709 0.00408147
9 -0.42234 -0.427112 0.00364862
10 -0.425776 -0.426978 0.00326616
11 -0.429965 -0.42725 0.0029668
12 -0.43492 -0.427889 0.0027827
13 -0.440604 -0.428867 0.00274021
14 -0.446898 -0.430155 0.00284514
15 -0.45353 -0.431713 0.00307311
16 -0.460092 -0.433487 0.00337779
17 -0.466095 -0.435405 0.00370761
18 -0.471136 -0.43739 0.00401986
19 -0.474869 -0.439363 0.0042836
20 -0.477111 -0.44125 0.0044807
21 -0.477809 -0.442991 0.00460383
22 -0.47701 -0.444537 0.00465397
23 -0.474863 -0.445856 0.00463837
24 -0.471552 -0.446927 0.00456815
25 -0.467292 -0.447741 0.0044567
26 -0.462323 -0.448302 0.00431843
27 -0.456847 -0.448619 0.00416744
28 -0.451026 -0.448705 0.00401677
29 -0.445062 -0.448579 0.00387782
30 -0.439158 -0.448265 0.00375947
31 -0.433645 -0.447793 0.00366663
32 -0.428885 -0.447202 0.00359903
33 -0.425208 -0.446536 0.00355137
34 -0.422762 -0.445837 0.00351558
35 -0.421439 -0.44514 0.0034841
36 -0.420926 -0.444467 0.0034521
37 -0.420804 -0.443827 0.00341787
38 -0.420661 -0.443218 0.00338211
39 -0.420109 -0.442625 0.00334711
40 -0.418834 -0.442031 0.00331614
41 -0.416688 -0.441412 0.00329278
42 -0.413664 -0.440752 0.00328063
43 -0.410014 -0.440037 0.00328222
44 -0.406141 -0.439267 0.00329799
45 -0.402429 -0.438448 0.00332618
46 -0.399173 -0.437594 0.00336324
47 -0.396512 -0.43672 0.00340501
48 -0.394477 -0.43584 0.00344754
49 -0.393076 -0.434967 0.00348742
50 -0.39242 -0.434116 0.00352132
51 -0.392683 -0.433304 0.00354591
52 -0.394038 -0.432549 0.0035581
53 -0.396548 -0.431869 0.0035558
54 -0.400137 -0.431282 0.00353847
55 -0.404504 -0.430795 0.00350749
56 -0.409276 -0.430411 0.00346566
57 -0.414027 -0.430123 0.00341643
58 -0.41843 -0.429922 0.00336306
59 -0.422263 -0.429792 0.00330811
60 -0.425416 -0.429719 0.00325333
61 -0.42785 -0.429688 0.0031997
62 -0.42961 -0.429687 0.00314767
63 -0.430726 -0.429704 0.00309734
64 -0.431228 -0.429727 0.00304866
65 -0.431152 -0.429749 0.00300147
66 -0.430511 -0.429761 0.00295566
67 -0.429282 -0.429754 0.00291122
68 -0.427399 -0.429719 0.0028683
69 -0.424838 -0.429648 0.00282731
70 -0.421491 -0.429532 0.00278906
71 -0.417304 -0.42936 0.00275489
72 -0.412253 -0.429122 0.00272673
73 -0.406387 -0.428811 0.00270709
74 -0.399898 -0.42842 0.00269869
75 -0.393143 -0.427949 0.00270369
76 -0.386674 -0.427406 0.0027226
77 -0.381149 -0.426806 0.00275334
78 -0.377173 -0.426169 0.00279131
79 -0.375176 -0.425524 0.00283034
80 -0.375254 -0.424895 0.00286451
81 -0.377125 -0.424306 0.00288975
82 -0.380267 -0.423769 0.00290437
83 -0.3841 -0.423291 0.0029087
84 -0.388046 -0.422871 0.00290433
85 -0.39172 -0.422505 0.00289327
86 -0.394838 -0.422183 0.00287747
87 -0.397279 -0.421897 0.00285857
88 -0.39905 -0.421637 0.0028378
89 -0.400194 -0.421396 0.00281606
90 -0.400806 -0.421167 0.00279397
91 -0.400982 -0.420945 0.00277199
92 -0.400833 -0.420727 0.0027504
93 -0.400441 -0.420509 0.00272939
94 -0.399875 -0.420289 0.00270911
95 -0.399189 -0.420067 0.00268962
96 -0.398412 -0.419842 0.002671
97 -0.39756 -0.419612 0.00265329
98 -0.396659 -0.419378 0.00263649
99 -0.395676 -0.419138 0.00262069
100 -0.394557 -0.418892 0.00260597
1 -0.39302 -0.39302 0
2 -0.391219 -0.39212 0.000900663
3 -0.388849 -0.391029 0.00120781
4 -0.385709 -0.389699 0.00158073
5 -0.381569 -0.388073 0.00203545
6 -0.376261 -0.386105 0.0025764
7 -0.369728 -0.383765 0.00319602
8 -0.362146 -0.381063 0.00386828
9 -0.354004 -0.378056 0.00454722
10 -0.34609 -0.37486 0.00517303
11 -0.339432 -0.371639 0.00568046
12 -0.335091 -0.368593 0.00601379
13 -0.333823 -0.365919 0.00614455
14 -0.335819 -0.363769 0.00608146
15 -0.340647 -0.362227 0.00586763
16 -0.347416 -0.361302 0.00556618
17 -0.355038 -0.360933 0.00524148
18 -0.362569 -0.361024 0.00494255
19 -0.369305 -0.36146 0.00469546
20 -0.374885 -0.362131 0.0045048
21 -0.379199 -0.362944 0.00436131
22 -0.382278 -0.363823 0.0042502
23 -0.384287 -0.364712 0.00415753
24 -0.385352 -0.365572 0.00407237
25 -0.385627 -0.366375 0.0039876
26 -0.385202 -0.367099 0.003899
27 -0.384136 -0.36773 0.00380451
28 -0.382443 -0.368255 0.00370358
29 -0.380157 -0.368666 0.00359708
30 -0.377337 -0.368955 0.00348711
31 -0.374138 -0.369122 0.00337689
32 -0.370801 -0.369174 0.00327008
33 -0.36769 -0.369129 0.00316976
34 -0.36524 -0.369015 0.00307724
35 -0.363872 -0.368868 0.00299164
36 -0.363885 -0.36873 0.00291064
37 -0.365364 -0.368639 0.00283235
38 -0.368125 -0.368625 0.00275684
39 -0.371765 -0.368706 0.00268643
40 -0.375833 -0.368884 0.00262446
41 -0.379872 -0.369152 0.00257364
42 -0.383516 -0.369494 0.00253479
43 -0.386491 -0.369889 0.00250651
44 -0.388648 -0.370315 0.00248572
45 -0.389892 -0.37075 0.00246849
46 -0.390159 -0.371172 0.00245082
47 -0.389431 -0.371561 0.00242937
48 -0.387683 -0.371897 0.00240182
49 -0.384925 -0.372163 0.00236727
50 -0.381184 -0.372343 0.00232645
51 -0.376553 -0.372426 0.00228187
52 -0.371195 -0.372402 0.00223768
53 -0.365331 -0.372268 0.00219911
54 -0.359234 -0.372027 0.00217146
55 -0.353252 -0.371686 0.00215877
56 -0.347676 -0.371257 0.00216279
57 -0.342764 -0.370757 0.00218253
58 -0.338669 -0.370204 0.00221478
59 -0.33543 -0.369615 0.00225529
60 -0.333043 -0.369005 0.00229963
61 -0.331469 -0.36839 0.00234384
62 -0.330718 -0.367782 0.00238444
63 -0.330873 -0.367196 0.00241832
64 -0.332073 -0.366647 0.00244268
65 -0.334486 -0.366153 0.00245518
66 -0.338206 -0.365729 0.0024545
67 -0.343181 -0.365393 0.0024409
68 -0.349192 -0.365154 0.00241651
69 -0.355772 -0.365018 0.00238511
70 -0.362347 -0.36498 0.0023511
71 -0.368352 -0.365028 0.00231823
72 -0.373351 -0.365143 0.00228873
73 -0.377046 -0.365306 0.00226304
74 -0.379418 -0.365497 0.00224038
75 -0.380595 -0.365698 0.00221945
76 -0.380886 -0.365898 0.00219915
77 -0.38064 -0.36609 0.00217883
78 -0.380164 -0.36627 0.00215828
79 -0.379591 -0.366439 0.00213744
80 -0.378857 -0.366594 0.00211625
81 -0.377695 -0.366731 0.00209445
82 -0.375766 -0.366841 0.00207169
83 -0.37281 -0.366913 0.00204784
84 -0.368726 -0.366935 0.00202343
85 -0.363749 -0.366897 0.00199983
86 -0.358457 -0.366799 0.00197887
87 -0.353714 -0.366649 0.00196177
88 -0.350483 -0.366465 0.00194803
89 -0.349526 -0.366275 0.0019354
90 -0.351129 -0.366106 0.00192116
91 -0.355 -0.365984 0.00190385
92 -0.360399 -0.365924 0.00188402
93 -0.366432 -0.365929 0.00186366
94 -0.372334 -0.365997 0.00184498
95 -0.377593 -0.366119 0.00182953
96 -0.381961 -0.366284 0.00181788
97 -0.385408 -0.366481 0.00180981
98 -0.38802 -0.366701 0.00180468
99 -0.389931 -0.366936 0.00180171
100 -0.391285 -0.367179 0.00180014
1 -0.392284 -0.392284 0
2 -0.392856 -0.39257 0.000285857
3 -0.393165 -0.392769 0.000258057
4 -0.393241 -0.392887 0.00021728
5 -0.393096 -0.392928 0.000173414
6 -0.392719 -0.392894 0.000145813
7 -0.392082 -0.392778 0.000169165
8 -0.391126 -0.392571 0.000253155
9 -0.389778 -0.392261 0.000382356
10 -0.387953 -0.39183 0.000550005
11 -0.385574 -0.391261 0.00075564
12 -0.382546 -0.390535 0.00100163
13 -0.378847 -0.389636 0.00128737
14 -0.374506 -0.388555 0.00160887
15 -0.369724 -0.3873 0.00195431
16 -0.364889 -0.385899 0.00230301
17 -0.360584 -0.38441 0.00262628
18 -0.357505 -0.382915 0.00289225
19 -0.35626 -0.381512 0.00307454
20 -0.357157 -0.380295 0.00316077
21 -0.360022 -0.379329 0.00315767
22 -0.364314 -0.378647 0.00308712
23 -0.369296 -0.37824 0.00297773
24 -0.374321 -0.378077 0.00285563
25 -0.378951 -0.378112 0.00273925
26 -0.382959 -0.378298 0.00263838
27 -0.386315 -0.378595 0.00255609
28 -0.389094 -0.37897 0.00249148
29 -0.391381 -0.379398 0.00244183
30 -0.393241 -0.37986 0.00240373
31 -0.394728 -0.380339 0.00237386
32 -0.39582 -0.380823 0.00234884
33 -0.396524 -0.381299 0.00232574
34 -0.396784 -0.381754 0.00230181
35 -0.39657 -0.382178 0.0022748
36 -0.395873 -0.382558 0.00224321
37 -0.3947 -0.382886 0.00220628
38 -0.393078 -0.383154 0.00216412
39 -0.391066 -0.383357 0.00211764
40 -0.388749 -0.383492 0.00206842
41 -0.386242 -0.383559 0.00201845
42 -0.383653 -0.383561 0.00196981
43 -0.381087 -0.383504 0.00192431
44 -0.378646 -0.383393 0.00188331
45 -0.376448 -0.383239 0.00184744
46 -0.374583 -0.383051 0.00181661
47 -0.373204 -0.382841 0.00178984
48 -0.372486 -0.382626 0.00176538
49 -0.372593 -0.382421 0.00174106
50 -0.373697 -0.382246 0.00171478
51 -0.37589 -0.382122 0.00168544
52 -0.379173 -0.382065 0.00165368
53 -0.383367 -0.38209 0.00162237
54 -0.388203 -0.382203 0.00159606
55 -0.393294 -0.382404 0.0015797
56 -0.398159 -0.382686 0.00157654
57 -0.402302 -0.38303 0.00158641
58 -0.405194 -0.383412 0.00160497
59 -0.406294 -0.3838 0.00162451
60 -0.40512 -0.384155 0.00163626
61 -0.401368 -0.384437 0.00163376
62 -0.395184 -0.384611 0.00161651
63 -0.387474 -0.384656 0.0015913
64 -0.380068 -0.384585 0.00156788
65 -0.375339 -0.384442 0.00155011
66 -0.375145 -0.384301 0.00153292
67 -0.379771 -0.384234 0.00151139
68 -0.387727 -0.384285 0.00148988
69 -0.396758 -0.384466 0.00147922
70 -0.404921 -0.384758 0.00148693
71 -0.411163 -0.38513 0.00151228
72 -0.415203 -0.385548 0.00154852
73 -0.417225 -0.385982 0.00158761
74 -0.417565 -0.386408 0.00162313
75 -0.416575 -0.386811 0.00165109
76 -0.414547 -0.387176 0.00166959
77 -0.411744 -0.387495 0.00167837
78 -0.408386 -0.387763 0.00167823
79 -0.404735 -0.387977 0.00167072
80 -0.401041 -0.388141 0.00165776
81 -0.397605 -0.388258 0.00164133
82 -0.394718 -0.388336 0.00162311
83 -0.392662 -0.388388 0.00160428
84 -0.391608 -0.388427 0.00158553
85 -0.391687 -0.388465 0.00156723
86 -0.392841 -0.388516 0.00154974
87 -0.394933 -0.38859 0.0015336
88 -0.397691 -0.388693 0.00151959
89 -0.400798 -0.388829 0.00150857
90 -0.403944 -0.388997 0.00150113
91 -0.406907 -0.389194 0.00149754
92 -0.409554 -0.389415 0.00149761
93 -0.411844 -0.389656 0.00150092
94 -0.413777 -0.389913 0.00150688
95 -0.415359 -0.390181 0.0015148
96 -0.416573 -0.390456 0.00152394
97 -0.41742 -0.390734 0.00153355
98 -0.417929 -0.391011 0.00154298
99 -0.418149 -0.391285 0.00155172
100 -0.418217 -0.391555 0.00155955
1 -0.41827 -0.41827 0
2 -0.418493 -0.418381 0.000111243
3 -0.419052 -0.418605 0.000232603
4 -0.420003 -0.418955 0.000386363
5 -0.421397 -0.419443 0.000572917
6 -0.42318 -0.420066 0.000778861
7 -0.425277 -0.42081 0.000993768
8 -0.427548 -0.421653 0.00120415
9 -0.429851 -0.422564 0.00139916
10 -0.43207 -0.423514 0.00157156
11 -0.434075 -0.424474 0.00171536
12 -0.435775 -0.425416 0.00182724
13 -0.437091 -0.426314 0.00190569
14 -0.438013 -0.42715 0.00195222
15 -0.438517 -0.427907 0.00196908
16 -0.438598 -0.428576 0.00195936
17 -0.438253 -0.429145 0.00192653
18 -0.437478 -0.429608 0.00187442
19 -0.436245 -0.429957 0.0018071
20 -0.434521 -0.430185 0.00172948
21 -0.432315 -0.430287 0.00164819
22 -0.429638 -0.430257 0.00157176
23 -0.426549 -0.430096 0.0015105
24 -0.423182 -0.429808 0.00147461
25 -0.419722 -0.429405 0.00147081
26 -0.416384 -0.428904 0.00149922
27 -0.413386 -0.428329 0.0015529
28 -0.410892 -0.427706 0.00162082
29 -0.409036 -0.427062 0.00169126
30 -0.407877 -0.426423 0.00175461
31 -0.407436 -0.42581 0.00180421
32 -0.407676 -0.425244 0.00183654
33 -0.408516 -0.424737 0.00185079
34 -0.409753 -0.424296 0.00184882
35 -0.411121 -0.42392 0.00183426
36 -0.41227 -0.423596 0.00181172
37 -0.412824 -0.423305 0.00178596
38 -0.412423 -0.423019 0.00176176
39 -0.410804 -0.422705 0.00174434
40 -0.407885 -0.422335 0.00174007
41 -0.403778 -0.421882 0.00175642
42 -0.398885 -0.421335 0.00179942
43 -0.393785 -0.420694 0.00187024
44 -0.3892 -0.419978 0.00196243
45 -0.385806 -0.419219 0.00206316
46 -0.384072 -0.418455 0.00215763
47 -0.384209 -0.417726 0.00223342
48 -0.386157 -0.417069 0.00228317
49 -0.389623 -0.416508 0.00230517
50 -0.394221 -0.416063 0.00230216
51 -0.399535 -0.415739 0.00227972
52 -0.405216 -0.415536 0.00224459
53 -0.410981 -0.41545 0.00220351
54 -0.416645 -0.415472 0.00216243
55 -0.422063 -0.415592 0.00212613
56 -0.427132 -0.415798 0.00209796
57 -0.431778 -0.416079 0.00207981
58 -0.435891 -0.41642 0.00207199
59 -0.439436 -0.41681 0.00207359
60 -0.442312 -0.417235 0.00208257
61 -0.444462 -0.417682 0.00209622
62 -0.445815 -0.418135 0.00211146
63 -0.446322 -0.418583 0.0021253
64 -0.445935 -0.41901 0.00213504
65 -0.444635 -0.419404 0.00213859
66 -0.442406 -0.419753 0.00213458
67 -0.439272 -0.420044 0.00212257
68 -0.435282 -0.420268 0.00210309
69 -0.430552 -0.420417 0.00207774
70 -0.425239 -0.420486 0.002049
71 -0.419562 -0.420473 0.00201998
72 -0.413814 -0.420381 0.00199387
73 -0.408283 -0.420215 0.00197334
74 -0.403272 -0.419986 0.00195991
75 -0.399037 -0.419707 0.00195367
76 -0.395779 -0.419392 0.00195333
77 -0.393628 -0.419057 0.00195662
78 -0.392686 -0.418719 0.00196074
79 -0.392985 -0.418394 0.00196298
80 -0.39449 -0.418095 0.00196118
81 -0.397022 -0.417835 0.00195421
82 -0.400231 -0.41762 0.00194214
83 -0.403672 -0.417452 0.00192594
84 -0.40684 -0.417325 0.00190706
85 -0.409342 -0.417232 0.00188683
86 -0.410924 -0.417158 0.00186621
87 -0.411517 -0.417093 0.00184577
88 -0.411245 -0.417027 0.00182589
89 -0.410425 -0.416953 0.00180678
90 -0.409482 -0.41687 0.00178852
91 -0.408902 -0.416782 0.00177092
92 -0.409066 -0.416698 0.00175357
93 -0.410217 -0.416629 0.00173601
94 -0.412306 -0.416583 0.00171806
95 -0.415082 -0.416567 0.00169995
96 -0.418108 -0.416583 0.00168223
97 -0.420913 -0.416628 0.00166539
98 -0.423083 -0.416693 0.00164963
99 -0.424323 -0.41677 0.0016347
100 -0.42445 -0.416847 0.00162009
1 -0.423282 -0.423282 0
2 -0.421143 -0.422212 0.00106975
3 -0.418198 -0.420874 0.00147389
4 -0.414884 -0.419377 0.00182446
5 -0.411732 -0.417848 0.00208196
6 -0.409355 -0.416432 0.00221206
7 -0.408306 -0.415271 0.00220067
8 -0.408921 -0.414478 0.00206456
9 -0.41124 -0.414118 0.00185596
10 -0.414988 -0.414205 0.0016623
11 -0.419648 -0.4147 0.00158292
12 -0.424676 -0.415531 0.00166709
13 -0.429552 -0.41661 0.00187479
14 -0.433891 -0.417844 0.00212991
15 -0.437393 -0.419147 0.0023728
16 -0.439844 -0.420441 0.002569
17 -0.441058 -0.421654 0.00270077
18 -0.440867 -0.422721 0.00276099
19 -0.439123 -0.423584 0.00275061
20 -0.43569 -0.42419 0.00267874
21 -0.430589 -0.424494 0.00256615
22 -0.42408 -0.424476 0.0024468
23 -0.416759 -0.42414 0.00236195
24 -0.409561 -0.423533 0.00234156
25 -0.403558 -0.422734 0.00238383
26 -0.399602 -0.421844 0.00245705
27 -0.397859 -0.420956 0.00252567
28 -0.3978 -0.420129 0.00257045
29 -0.398439 -0.419381 0.00259055
30 -0.398884 -0.418697 0.00259429
31 -0.398683 -0.418052 0.00259094
32 -0.397975 -0.417424 0.00258594
33 -0.397326 -0.416815 0.00257929
34 -0.39742 -0.416245 0.00256648
35 -0.398744 -0.415745 0.00254174
36 -0.401405 -0.415347 0.00250204
37 -0.405139 -0.415071 0.00244907
38 -0.40942 -0.414922 0.00238838
39 -0.413736 -0.414892 0.00232653
40 -0.417748 -0.414963 0.00226875
41 -0.421267 -0.415117 0.00221805
42 -0.424288 -0.415335 0.00217559
43 -0.426903 -0.415604 0.00214136
44 -0.429263 -0.415915 0.00211503
45 -0.431484 -0.416261 0.00209624
46 -0.433686 -0.416639 0.00208487
47 -0.435945 -0.41705 0.00208097
48 -0.438313 -0.417493 0.00208476
49 -0.440772 -0.417968 0.00209632
50 -0.443295 -0.418475 0.0021155
51 -0.445803 -0.419011 0.00214172
52 -0.448173 -0.419571 0.00217372
53 -0.450258 -0.42015 0.00220953
54 -0.451912 -0.420739 0.00224658
55 -0.45299 -0.421325 0.00228199
56 -0.453416 -0.421898 0.00231298
57 -0.453155 -0.422446 0.00233728
58 -0.452279 -0.422961 0.00235352
59 -0.450958 -0.423435 0.00236145
60 -0.449376 -0.423868 0.00236168
61 -0.447761 -0.424259 0.00235543
62 -0.446239 -0.424614 0.00234409
63 -0.444819 -0.424935 0.00232878
64 -0.443375 -0.425223 0.00231014
65 -0.441724 -0.425477 0.00228845
66 -0.439605 -0.425691 0.00226365
67 -0.436812 -0.425857 0.00223578
68 -0.433204 -0.425965 0.0022053
69 -0.428778 -0.426005 0.00217349
70 -0.423604 -0.425971 0.00214249
71 -0.417847 -0.425857 0.0021152
72 -0.411731 -0.42566 0.00209482
73 -0.405546 -0.425385 0.00208422
74 -0.399627 -0.425037 0.00208512
75 -0.394394 -0.424628 0.00209731
76 -0.390297 -0.424177 0.00211826
77 -0.387754 -0.423704 0.00214341
78 -0.387017 -0.423233 0.0021674
79 -0.388072 -0.422788 0.00218559
80 -0.390642 -0.422386 0.00219519
81 -0.394287 -0.422039 0.00219549
82 -0.398516 -0.421753 0.00218745
83 -0.402925 -0.421526 0.00217281
84 -0.407223 -0.421355 0.00215352
85 -0.411194 -0.421236 0.00213139
86 -0.414753 -0.42116 0.00210781
87 -0.41792 -0.421123 0.00208378
88 -0.420787 -0.421119 0.00205997
89 -0.423529 -0.421146 0.00203687
90 -0.426263 -0.421203 0.00201491
91 -0.42904 -0.421289 0.00199451
92 -0.431811 -0.421404 0.00197602
93 -0.434455 -0.421544 0.00195969
94 -0.436829 -0.421707 0.00194554
95 -0.438761 -0.421886 0.0019333
96 -0.440092 -0.422076 0.00192243
97 -0.440635 -0.422267 0.00191211
98 -0.440228 -0.422451 0.00190135
99 -0.43874 -0.422615 0.00188922
100 -0.436148 -0.42275 0.00187513
1 -0.432114 -0.432114 0
2 -0.427718 -0.429916 0.00219787
3 -0.423065 -0.427632 0.00261258
4 -0.41859 -0.425371 0.00291939
5 -0.414662 -0.42323 0.00311464
6 -0.411378 -0.421254 0.00322006
7 -0.408706 -0.419462 0.00325877
8 -0.406427 -0.417833 0.00325873
9 -0.404333 -0.416333 0.00324181
10 -0.402351 -0.414934 0.00321907
11 -0.400616 -0.413633 0.00318945
12 -0.399419 -0.412448 0.00314328
13 -0.399011 -0.411415 0.0030706
14 -0.399471 -0.410562 0.00296807
15 -0.400606 -0.409898 0.00284171
16 -0.402 -0.409404 0.00270362
17 -0.403178 -0.409038 0.00256588
18 -0.403751 -0.408744 0.0024369
19 -0.403547 -0.408471 0.00232125
20 -0.402714 -0.408183 0.00222086
21 -0.401697 -0.407874 0.00213492
22 -0.401181 -0.40757 0.00205818
23 -0.401852 -0.407321 0.00198231
24 -0.404155 -0.407189 0.00190249
25 -0.408102 -0.407226 0.00182517
26 -0.41325 -0.407458 0.00176881
27 -0.418912 -0.407882 0.00175411
28 -0.424421 -0.408472 0.00179055
29 -0.429284 -0.40919 0.00187082
30 -0.433225 -0.409991 0.00197698
31 -0.43617 -0.410836 0.00209032
32 -0.438182 -0.41169 0.00219696
33 -0.439384 -0.412529 0.00228876
34 -0.439936 -0.413336 0.00236221
35 -0.439969 -0.414097 0.00241665
36 -0.439639 -0.414806 0.0024534
37 -0.439085 -0.415462 0.00247475
38 -0.438392 -0.416066 0.00248318
39 -0.437648 -0.416619 0.00248117
40 -0.436898 -0.417126 0.00247091
41 -0.436194 -0.417591 0.00245436
42 -0.435533 -0.418018 0.00243301
43 -0.434905 -0.418411 0.00240799
44 -0.434284 -0.418772 0.00238013
45 -0.433634 -0.419102 0.00234996
46 -0.432876 -0.419401 0.00231773
47 -0.431956 -0.419669 0.00228356
48 -0.4308 -0.4199 0.00224747
49 -0.429314 -0.420093 0.0022095
50 -0.427458 -0.42024 0.00216986
51 -0.425146 -0.420336 0.00212906
52 -0.422377 -0.420375 0.00208809
53 -0.419168 -0.420353 0.00204844
54 -0.415591 -0.420264 0.00201208
55 -0.411799 -0.42011 0.00198114
56 -0.407963 -0.419894 0.0019575
57 -0.404295 -0.41962 0.00194223
58 -0.401051 -0.4193 0.00193511
59 -0.398452 -0.418946 0.00193458
60 -0.396671 -0.418575 0.00193795
61 -0.39576 -0.418201 0.00194227
62 -0.395648 -0.417837 0.001945
63 -0.396122 -0.417493 0.00194467
64 -0.396892 -0.417171 0.00194092
65 -0.397674 -0.416871 0.00193423
66 -0.39827 -0.416589 0.00192543
67 -0.398613 -0.416321 0.00191536
68 -0.398787 -0.416063 0.00190452
69 -0.398978 -0.415815 0.00189298
70 -0.399409 -0.415581 0.0018804
71 -0.400218 -0.415365 0.00186631
72 -0.401397 -0.415171 0.00185041
73 -0.40276 -0.415001 0.00183279
74 -0.404087 -0.414853 0.00181385
75 -0.405152 -0.414724 0.00179417
76 -0.405876 -0.414607 0.00177423
77 -0.406319 -0.4145 0.00175434
78 -0.406688 -0.414399 0.0017346
79 -0.407208 -0.414308 0.00171492
80 -0.408104 -0.414231 0.00169512
81 -0.409492 -0.414172 0.00167509
82 -0.411309 -0.414137 0.0016549
83 -0.413402 -0.414129 0.00163487
84 -0.415549 -0.414146 0.00161537
85 -0.417487 -0.414185 0.00159674
86 -0.419039 -0.414241 0.00157907
87 -0.420054 -0.414308 0.00156225
88 -0.420534 -0.414379 0.00154601
89 -0.420539 -0.414448 0.00153011
90 -0.420211 -0.414512 0.00151437
91 -0.419737 -0.41457 0.00149873
92 -0.419248 -0.41462 0.00148322
93 -0.418929 -0.414667 0.00146792
94 -0.418847 -0.414711 0.0014529
95 -0.419043 -0.414757 0.00143825
96 -0.419526 -0.414806 0.00142406
97 -0.4203 -0.414863 0.00141044
98 -0.421329 -0.414929 0.00139753
99 -0.42258 -0.415006 0.0013855
100 -0.423994 -0.415096 0.00137451
1 -0.425622 -0.425622 0
2 -0.427078 -0.42635 0.000727915
3 -0.428343 -0.427014 0.000785882
4 -0.429285 -0.427582 0.000794365
5 -0.429723 -0.42801 0.000749643
6 -0.429477 -0.428255 0.000659078
7 -0.428393 -0.428275 0.000557375
8 -0.426369 -0.428036 0.000538273
9 -0.423391 -0.42752 0.00070124
10 -0.419571 -0.426725 0.00101257
11 -0.415261 -0.425683 0.00138746
12 -0.411009 -0.42446 0.00176054
13 -0.407472 -0.423153 0.00208094
14 -0.405267 -0.421876 0.00231169
15 -0.404722 -0.420732 0.00243705
16 -0.405703 -0.419793 0.0024656
17 -0.407686 -0.419081 0.00242306
18 -0.409916 -0.418572 0.00234053
19 -0.411687 -0.418209 0.00224338
20 -0.412419 -0.41792 0.00214786
21 -0.411743 -0.417626 0.00206409
22 -0.409483 -0.417255 0.00200253
23 -0.405637 -0.41675 0.00197904
24 -0.400368 -0.416068 0.00201399
25 -0.394018 -0.415186 0.00212358
26 -0.3872 -0.414109 0.00230678
27 -0.380737 -0.412873 0.00254063
28 -0.375524 -0.411539 0.00278802
29 -0.372366 -0.410189 0.00301026
30 -0.37164 -0.408904 0.00317941
31 -0.37328 -0.407755 0.00328284
32 -0.376822 -0.406788 0.00332233
33 -0.381586 -0.406024 0.0033094
34 -0.386969 -0.405464 0.00325914
35 -0.392511 -0.405094 0.00318621
36 -0.39796 -0.404896 0.00310278
37 -0.403164 -0.404849 0.00301812
38 -0.408048 -0.404933 0.00293882
39 -0.412496 -0.405127 0.00286904
40 -0.41639 -0.405408 0.00281054
41 -0.419564 -0.405754 0.00276279
42 -0.421857 -0.406137 0.00272333
43 -0.423118 -0.406532 0.0026884
44 -0.423232 -0.406912 0.00265387
45 -0.42216 -0.40725 0.00261627
46 -0.419919 -0.407526 0.00257354
47 -0.416537 -0.407718 0.00252548
48 -0.412046 -0.407808 0.00247395
49 -0.406599 -0.407783 0.00242306
50 -0.400412 -0.407636 0.00237867
51 -0.393852 -0.407365 0.00234718
52 -0.387489 -0.406983 0.00233312
53 -0.381987 -0.406512 0.00233677
54 -0.378036 -0.405984 0.00235294
55 -0.37614 -0.405442 0.00237264
56 -0.3764 -0.404923 0.00238691
57 -0.378513 -0.40446 0.00239
58 -0.381794 -0.404069 0.00238072
59 -0.385395 -0.403752 0.00236133
60 -0.388515 -0.403498 0.00233549
61 -0.390574 -0.403286 0.00230664
62 -0.391282 -0.403093 0.00227737
63 -0.390641 -0.402895 0.00224963
64 -0.388894 -0.402676 0.00222498
65 -0.386444 -0.402427 0.00220468
66 -0.383789 -0.402144 0.0021893
67 -0.381429 -0.401835 0.00217843
68 -0.379795 -0.401511 0.0021705
69 -0.379148 -0.401187 0.00216322
70 -0.379521 -0.400877 0.00215444
71 -0.380726 -0.400594 0.00214276
72 -0.382325 -0.40034 0.00212797
73 -0.383687 -0.400112 0.00211098
74 -0.384026 -0.399894 0.00209358
75 -0.382512 -0.399663 0.00207844
76 -0.37841 -0.399383 0.00206988
77 -0.371348 -0.399019 0.00207502
78 -0.361738 -0.398541 0.00210327
79 -0.351258 -0.397942 0.00216101
80 -0.34268 -0.397252 0.00224285
81 -0.338717 -0.396529 0.0023299
82 -0.3404 -0.395844 0.00240095
83 -0.346306 -0.395248 0.00244579
84 -0.353575 -0.394752 0.0024669
85 -0.359706 -0.394339 0.00247232
86 -0.36342 -0.39398 0.00246971
87 -0.364616 -0.393642 0.00246438
88 -0.363924 -0.393304 0.00245951
89 -0.362173 -0.392955 0.00245675
90 -0.360141 -0.39259 0.00245651
91 -0.358379 -0.392214 0.00245828
92 -0.357175 -0.391833 0.00246106
93 -0.356628 -0.391455 0.00246371
94 -0.356702 -0.391085 0.00246524
95 -0.357306 -0.390729 0.00246493
96 -0.35835 -0.390392 0.00246233
97 -0.359762 -0.390076 0.00245719
98 -0.361451 -0.389784 0.00244946
99 -0.363262 -0.389516 0.00243935
100 -0.365012 -0.389271 0.00242724
1 -0.366552 -0.366552 0
2 -0.367325 -0.366939 0.000386603
3 -0.367234 -0.367037 0.000243921
4 -0.366078 -0.366797 0.000295274
5 -0.363642 -0.366166 0.000671179
6 -0.359803 -0.365106 0.00119382
7 -0.354462 -0.363585 0.00182484
8 -0.347707 -0.3616 0.00253715
9 -0.339874 -0.359186 0.00329157
10 -0.331685 -0.356436 0.00402875
11 -0.324222 -0.353508 0.00467505
12 -0.318748 -0.350611 0.00515789
13 -0.316291 -0.347971 0.00542962
14 -0.317198 -0.345773 0.00548643
15 -0.32099 -0.344121 0.00536816
16 -0.326645 -0.343029 0.00513887
17 -0.333012 -0.342439 0.00486296
18 -0.33917 -0.342258 0.00458843
19 -0.344593 -0.342381 0.00434196
20 -0.34906 -0.342715 0.00413267
21 -0.352544 -0.343183 0.00395872
22 -0.355153 -0.343727 0.0038135
23 -0.356986 -0.344303 0.00368925
24 -0.358178 -0.344881 0.00357919
25 -0.35884 -0.34544 0.00347814
26 -0.359062 -0.345964 0.00338251
27 -0.358927 -0.346444 0.00329005
28 -0.358501 -0.346874 0.00319948
29 -0.357859 -0.347253 0.00311033
30 -0.357059 -0.34758 0.00302259
31 -0.356162 -0.347857 0.00293654
32 -0.355225 -0.348087 0.0028526
33 -0.354299 -0.348275 0.00277121
34 -0.353451 -0.348428 0.00269278
35 -0.352714 -0.34855 0.00261757
36 -0.352132 -0.34865 0.00254577
37 -0.351747 -0.348733 0.00247742
38 -0.351548 -0.348807 0.00241248
39 -0.351534 -0.348877 0.00235085
40 -0.351682 -0.348947 0.0022924
41 -0.351957 -0.349021 0.00223699
42 -0.352332 -0.3491 0.00218451
43 -0.352755 -0.349185 0.00213479
44 -0.353167 -0.349275 0.00208767
45 -0.353532 -0.34937 0.00204294
46 -0.353797 -0.349466 0.00200035
47 -0.353945 -0.349561 0.00195965
48 -0.353908 -0.349652 0.00192053
49 -0.353664 -0.349734 0.0018827
50 -0.353155 -0.349802 0.00184594
51 -0.352363 -0.349852 0.00181008
52 -0.351286 -0.34988 0.00177514
53 -0.349954 -0.349881 0.00174132
54 -0.348438 -0.349855 0.00170898
55 -0.346845 -0.3498 0.00167851
56 -0.345332 -0.34972 0.0016502
57 -0.344097 -0.349621 0.00162399
58 -0.343352 -0.349513 0.0015994
59 -0.343262 -0.349407 0.00157562
60 -0.34394 -0.349316 0.00155182
61 -0.345419 -0.349252 0.0015275
62 -0.347635 -0.349226 0.00150289
63 -0.350437 -0.349246 0.00147897
64 -0.353641 -0.349314 0.00145729
65 -0.357034 -0.349433 0.00143961
66 -0.36045 -0.3496 0.00142742
67 -0.363736 -0.349811 0.0014217
68 -0.36682 -0.350061 0.00142279
69 -0.369668 -0.350345 0.00143053
70 -0.372257 -0.350658 0.00144427
71 -0.374641 -0.350996 0.00146331
72 -0.376855 -0.351355 0.00148687
73 -0.378954 -0.351733 0.00151431
74 -0.380986 -0.352129 0.00154513
75 -0.38301 -0.35254 0.00157902
76 -0.385072 -0.352968 0.00161583
77 -0.38719 -0.353413 0.00165548
78 -0.38938 -0.353874 0.00169793
79 -0.391582 -0.354351 0.00174294
80 -0.393734 -0.354843 0.00179003
81 -0.395774 -0.355349 0.0018386
82 -0.397608 -0.355864 0.00188775
83 -0.399169 -0.356386 0.00193648
84 -0.400359 -0.356909 0.0019836
85 -0.4011 -0.357429 0.0020279
86 -0.401304 -0.357939 0.0020681
87 -0.400869 -0.358433 0.0021029
88 -0.399674 -0.358902 0.00213104
89 -0.397606 -0.359336 0.00215137
90 -0.394622 -0.359728 0.00216316
91 -0.390901 -0.360071 0.00216651
92 -0.386921 -0.360363 0.00216261
93 -0.383539 -0.360612 0.0021537
94 -0.381907 -0.360839 0.00214267
95 -0.382963 -0.361072 0.00213275
96 -0.387032 -0.361342 0.00212767
97 -0.393488 -0.361673 0.00213155
98 -0.401045 -0.362075 0.00214759
99 -0.408218 -0.362541 0.00217629
100 -0.413759 -0.363053 0.00221446
1 -0.416935 -0.416935 0
2 -0.416944 -0.416939 4.2558e-06
3 -0.414244 -0.416041 0.000898526
4 -0.409196 -0.41433 0.00182535
5 -0.402468 -0.411957 0.00276176
6 -0.395013 -0.409133 0.00361382
7 -0.387977 -0.406111 0.00429686
8 -0.382381 -0.403145 0.00475875
9 -0.378926 -0.400454 0.00498543
10 -0.377813 -0.39819 0.00500097
11 -0.378844 -0.396431 0.00485341
12 -0.381604 -0.395195 0.00459959
13 -0.385626 -0.394459 0.00429457
14 -0.390444 -0.394172 0.00398633
15 -0.395642 -0.39427 0.00371236
16 -0.400836 -0.394681 0.00349675
17 -0.405691 -0.395328 0.00334787
18 -0.409913 -0.396139 0.00325875
19 -0.413327 -0.397043 0.00321247
20 -0.415876 -0.397985 0.00318977
21 -0.41766 -0.398922 0.00317543
22 -0.418926 -0.399831 0.00316125
23 -0.420021 -0.400709 0.00314565
24 -0.421295 -0.401567 0.00313149
25 -0.42305 -0.402426 0.00312412
26 -0.425363 -0.403308 0.00312852
27 -0.42809 -0.404226 0.00314723
28 -0.430935 -0.40518 0.00317922
29 -0.433575 -0.406159 0.00322011
30 -0.435807 -0.407147 0.00326412
31 -0.437671 -0.408132 0.00330705
32 -0.439422 -0.40911 0.00334801
33 -0.441464 -0.41009 0.00338985
34 -0.444199 -0.411093 0.00343825
35 -0.447857 -0.412144 0.0034999
36 -0.45241 -0.413262 0.00358048
37 -0.457576 -0.41446 0.00368257
38 -0.462933 -0.415736 0.00380457
39 -0.468021 -0.417076 0.00394079
40 -0.472446 -0.418461 0.00408282
41 -0.475871 -0.419861 0.00422102
42 -0.478063 -0.421247 0.00434614
43 -0.478833 -0.422586 0.00445016
44 -0.477996 -0.423845 0.00452654
45 -0.475455 -0.424992 0.00457103
46 -0.471266 -0.425998 0.00458234
47 -0.465738 -0.426843 0.00456281
48 -0.459595 -0.427526 0.00451855
49 -0.453912 -0.428064 0.00445802
50 -0.449843 -0.4285 0.00438961
51 -0.44816 -0.428885 0.00431991
52 -0.44885 -0.429269 0.00425339
53 -0.451096 -0.429681 0.00419264
54 -0.453686 -0.430126 0.00413821
55 -0.455505 -0.430587 0.0040884
56 -0.455831 -0.431038 0.00403995
57 -0.454485 -0.431449 0.00398971
58 -0.451735 -0.431799 0.00393589
59 -0.44824 -0.432078 0.00387863
60 -0.444888 -0.432291 0.00381941
61 -0.442556 -0.432459 0.00376004
62 -0.441869 -0.432611 0.00370201
63 -0.442923 -0.432775 0.00364645
64 -0.445224 -0.432969 0.00359429
65 -0.447798 -0.433198 0.0035459
66 -0.449517 -0.433445 0.00350051
67 -0.449335 -0.433682 0.00345601
68 -0.446548 -0.433871 0.00341006
69 -0.440921 -0.433973 0.00336183
70 -0.432766 -0.433956 0.0033135
71 -0.422937 -0.433801 0.00327018
72 -0.412695 -0.433508 0.00323774
73 -0.403453 -0.433096 0.00321952
74 -0.396485 -0.432601 0.00321402
75 -0.392643 -0.432068 0.00321532
76 -0.392202 -0.431544 0.00321581
77 -0.394821 -0.431067 0.0032094
78 -0.399672 -0.430665 0.00319345
79 -0.405711 -0.430349 0.00316856
80 -0.411908 -0.430118 0.00313718
81 -0.417518 -0.429963 0.00310211
82 -0.422161 -0.429867 0.00306552
83 -0.425853 -0.429819 0.00302875
84 -0.428876 -0.429808 0.0029925
85 -0.431731 -0.42983 0.00295717
86 -0.4349 -0.429889 0.00292317
87 -0.438716 -0.429991 0.00289116
88 -0.443274 -0.430142 0.0028621
89 -0.448317 -0.430346 0.00283712
90 -0.453443 -0.430603 0.00281713
91 -0.458135 -0.430905 0.00280238
92 -0.461947 -0.431243 0.00279221
93 -0.464567 -0.431601 0.00278517
94 -0.465864 -0.431965 0.00277939
95 -0.465887 -0.432322 0.00277306
96 -0.464875 -0.432662 0.0027649
97 -0.463125 -0.432976 0.00275421
98 -0.461065 -0.433262 0.00274099
99 -0.459114 -0.433523 0.00272569
100 -0.457653 -0.433765 0.00270907
1 -0.456843 -0.456843 0
2 -0.456891 -0.456867 2.3996e-05
3 -0.457549 -0.457094 0.000227651
4 -0.458548 -0.457458 0.000397524
5 -0.459632 -0.457893 0.000532737
6 -0.460554 -0.458336 0.000621278
7 -0.461166 -0.45874 0.00066263
8 -0.461391 -0.459072 0.000662643
9 -0.461208 -0.459309 0.000630758
10 -0.460646 -0.459443 0.000579786
11 -0.459789 -0.459474 0.00052538
12 -0.4587 -0.45941 0.00048392
13 -0.457461 -0.45926 0.000469712
14 -0.456143 -0.459037 0.000488535
15 -0.454805 -0.458755 0.00053521
16 -0.453499 -0.458427 0.000598805
17 -0.452253 -0.458063 0.000669518
18 -0.45109 -0.457676 0.000740642
19 -0.449995 -0.457272 0.000808854
20 -0.448969 -0.456857 0.000872449
21 -0.447989 -0.456434 0.000931128
22 -0.447025 -0.456007 0.000985442
23 -0.446038 -0.455573 0.00103659
24 -0.444978 -0.455132 0.00108621
25 -0.443787 -0.454678 0.0011364
26 -0.442409 -0.454206 0.00118943
27 -0.440774 -0.453709 0.00124798
28 -0.438829 -0.453177 0.00131476
29 -0.436568 -0.452604 0.00139191
30 -0.433995 -0.451984 0.00148089
31 -0.431179 -0.451313 0.00158175
32 -0.428242 -0.450592 0.00169274
33 -0.425372 -0.449828 0.00180991
34 -0.422805 -0.449033 0.00192737
35 -0.420773 -0.448226 0.00203824
36 -0.4195 -0.447428 0.00213549
37 -0.419082 -0.446662 0.00221376
38 -0.419503 -0.445947 0.00227015
39 -0.420622 -0.445297 0.00230456
40 -0.422125 -0.444718 0.00231971
41 -0.423681 -0.444205 0.00231987
42 -0.424925 -0.443746 0.00231003
43 -0.425595 -0.443324 0.00229483
44 -0.425518 -0.442919 0.0022783
45 -0.424649 -0.442513 0.0022638
46 -0.423077 -0.442091 0.00225399
47 -0.420997 -0.441642 0.00225072
48 -0.418648 -0.441163 0.0022548
49 -0.416275 -0.440655 0.00226597
50 -0.414027 -0.440122 0.00228316
51 -0.411949 -0.43957 0.00230512
52 -0.40991 -0.439 0.00233121
53 -0.407702 -0.438409 0.00236182
54 -0.40516 -0.437793 0.00239807
55 -0.402225 -0.437147 0.00244127
56 -0.399032 -0.436466 0.00249203
57 -0.395874 -0.435754 0.00254941
58 -0.393156 -0.435019 0.00261051
59 -0.391287 -0.434278 0.0026708
60 -0.390573 -0.43355 0.00272507
61 -0.391137 -0.432854 0.00276874
62 -0.392913 -0.43221 0.00279887
63 -0.395712 -0.431631 0.00281436
64 -0.399237 -0.431125 0.0028159
65 -0.403219 -0.430695 0.00280528
66 -0.407353 -0.430342 0.002785
67 -0.411444 -0.43006 0.00275758
68 -0.415337 -0.429843 0.00272534
69 -0.418943 -0.429685 0.00269019
70 -0.422213 -0.429578 0.00265363
71 -0.425118 -0.429516 0.00261674
72 -0.42767 -0.42949 0.00258027
73 -0.429891 -0.429496 0.00254468
74 -0.431792 -0.429527 0.00251025
75 -0.433427 -0.429579 0.0024771
76 -0.434815 -0.429647 0.00244526
77 -0.435987 -0.42973 0.0024147
78 -0.436955 -0.429822 0.00238534
79 -0.43774 -0.429923 0.00235709
80 -0.438312 -0.430028 0.0023298
81 -0.438623 -0.430134 0.0023033
82 -0.43863 -0.430237 0.0022774
83 -0.43821 -0.430333 0.00225184
84 -0.437214 -0.430415 0.00222638
85 -0.435443 -0.430474 0.00220082
86 -0.432639 -0.4305 0.00217523
87 -0.428525 -0.430477 0.0021502
88 -0.422917 -0.430391 0.00212736
89 -0.41578 -0.430227 0.00210972
90 -0.407425 -0.429973 0.00210147
91 -0.398639 -0.429629 0.00210659
92 -0.390645 -0.429205 0.00212621
93 -0.384804 -0.428728 0.00215673
94 -0.382044 -0.428231 0.0021907
95 -0.382426 -0.427749 0.0022205
96 -0.385216 -0.427306 0.00224147
97 -0.389226 -0.426913 0.00225272
98 -0.393332 -0.426571 0.00225579
99 -0.396628 -0.426268 0.00225328
100 -0.398402 -0.42599 0.00224797
1 -0.397811 -0.397811 0
2 -0.394475 -0.396143 0.00166773
3 -0.388238 -0.393508 0.00280555
4 -0.379162 -0.389922 0.00409852
5 -0.367796 -0.385497 0.00544607
6 -0.355311 -0.380466 0.00671437
7 -0.343527 -0.375189 0.00774911
8 -0.334598 -0.370115 0.00841307
9 -0.330316 -0.365693 0.00863746
10 -0.331317 -0.362255 0.00845584
11 -0.33685 -0.359946 0.00798968
12 -0.345208 -0.358718 0.00739622
13 -0.354592 -0.3584 0.00681093
14 -0.363775 -0.358784 0.00631738
15 -0.3722 -0.359678 0.00594877
16 -0.379911 -0.360943 0.00570644
17 -0.387192 -0.362487 0.00557822
18 -0.394324 -0.364256 0.00554865
19 -0.401359 -0.366209 0.00560001
20 -0.408096 -0.368303 0.00571055
21 -0.414184 -0.370488 0.00585474
22 -0.419222 -0.372703 0.00600574
23 -0.422963 -0.374888 0.00614066
24 -0.425297 -0.376989 0.00624315
25 -0.426253 -0.378959 0.00630412
26 -0.42595 -0.380766 0.00632071
27 -0.424581 -0.382389 0.00629487
28 -0.422356 -0.383817 0.00623156
29 -0.419494 -0.385047 0.00613741
30 -0.41623 -0.386086 0.00601972
31 -0.412784 -0.386947 0.00588565
32 -0.40937 -0.387648 0.00574167
33 -0.406201 -0.38821 0.00559329
34 -0.403431 -0.388658 0.00544473
35 -0.401189 -0.389016 0.00529898
36 -0.399548 -0.389309 0.00515799
37 -0.39855 -0.389558 0.00502286
38 -0.398174 -0.389785 0.00489415
39 -0.398361 -0.390005 0.00477207
40 -0.399021 -0.39023 0.0046567
41 -0.400025 -0.390469 0.00454798
42 -0.401257 -0.390726 0.0044458
43 -0.402569 -0.391002 0.00434991
44 -0.40385 -0.391294 0.00425992
45 -0.404975 -0.391598 0.00417526
46 -0.405853 -0.391908 0.00409523
47 -0.406426 -0.392216 0.00401904
48 -0.406656 -0.392517 0.0039459
49 -0.406576 -0.392804 0.00387517
50 -0.406306 -0.393074 0.00380646
51 -0.405992 -0.393328 0.00373967
52 -0.405832 -0.393568 0.00367492
53 -0.406005 -0.393803 0.00361255
54 -0.406647 -0.39404 0.00355299
55 -0.40783 -0.394291 0.00349679
56 -0.409516 -0.394563 0.00344453
57 -0.41159 -0.394862 0.00339672
58 -0.413863 -0.395189 0.00335368
59 -0.416145 -0.395545 0.00331543
60 -0.418195 -0.395922 0.00328149
61 -0.419848 -0.396314 0.00325099
62 -0.420999 -0.396712 0.00322282
63 -0.421558 -0.397107 0.00319568
64 -0.421522 -0.397488 0.0031684
65 -0.42091 -0.397849 0.00314002
66 -0.41975 -0.398181 0.00310983
67 -0.418121 -0.398478 0.00307749
68 -0.416087 -0.398737 0.00304293
69 -0.413744 -0.398955 0.00300638
70 -0.41116 -0.399129 0.00296825
71 -0.408448 -0.39926 0.00292909
72 -0.405703 -0.39935 0.0028895
73 -0.403041 -0.3994 0.0028501
74 -0.400619 -0.399417 0.00281137
75 -0.398599 -0.399406 0.00277365
76 -0.397172 -0.399376 0.00273707
77 -0.39651 -0.399339 0.00270154
78 -0.396701 -0.399305 0.0026669
79 -0.397702 -0.399285 0.002633
80 -0.399314 -0.399285 0.00259988
81 -0.401131 -0.399308 0.00256768
82 -0.402603 -0.399348 0.0025365
83 -0.403128 -0.399394 0.00250616
84 -0.402157 -0.399427 0.00247637
85 -0.399367 -0.399426 0.00244706
86 -0.394913 -0.399374 0.00241901
87 -0.389663 -0.399262 0.00239364
88 -0.385189 -0.399102 0.00237169
89 -0.383334 -0.398925 0.00235157
90 -0.385356 -0.398774 0.00233018
91 -0.391196 -0.398691 0.00230593
92 -0.399534 -0.3987 0.00228075
93 -0.40849 -0.398805 0.00225855
94 -0.416516 -0.398994 0.00224232
95 -0.422718 -0.399243 0.0022326
96 -0.426812 -0.399531 0.00222781
97 -0.428905 -0.399833 0.00222542
98 -0.429267 -0.400134 0.00222298
99 -0.428206 -0.400417 0.00221861
100 -0.426056 -0.400674 0.00221122
