1 -7.84084 -7.84084 0
2 -7.80504 -7.82294 0.0179016
3 -7.73227 -7.79272 0.0319417
4 -7.6466 -7.75619 0.0429484
5 -7.54361 -7.71367 0.0539847
6 -7.42712 -7.66591 0.0649902
7 -7.30675 -7.6146 0.0751641
8 -7.18833 -7.56132 0.0841215
9 -7.0787 -7.50769 0.0915395
10 -6.98526 -7.45545 0.0971235
11 -6.91274 -7.40611 0.100757
12 -6.86841 -7.36131 0.102312
13 -6.85064 -7.32202 0.101983
14 -6.85677 -7.28879 0.100095
15 -6.88428 -7.26182 0.0970076
16 -6.92422 -7.24072 0.0931632
17 -6.96986 -7.22479 0.0889502
18 -7.015 -7.21313 0.0846691
19 -7.05891 -7.20502 0.0804992
20 -7.09581 -7.19956 0.0765632
21 -7.12285 -7.1959 0.0729177
22 -7.14314 -7.19351 0.0695656
23 -7.15875 -7.19199 0.0664895
24 -7.16549 -7.19089 0.0636684
25 -7.16547 -7.18987 0.061077
26 -7.16036 -7.18874 0.0586919
27 -7.15442 -7.18747 0.0564906
28 -7.14926 -7.1861 0.0544528
29 -7.14633 -7.18473 0.0525595
30 -7.14446 -7.18339 0.050795
31 -7.14566 -7.18217 0.0491442
32 -7.14768 -7.18109 0.0475959
33 -7.15336 -7.18025 0.0461387
34 -7.16044 -7.17967 0.0447649
35 -7.16922 -7.17937 0.0434681
36 -7.18091 -7.17941 0.0422435
37 -7.19349 -7.1798 0.0410876
38 -7.20624 -7.18049 0.0399978
39 -7.21665 -7.18142 0.0389698
40 -7.22614 -7.18254 0.0379995
41 -7.23567 -7.18383 0.0370837
42 -7.24231 -7.18522 0.0362168
43 -7.24835 -7.18669 0.035395
44 -7.25323 -7.1882 0.0346142
45 -7.25253 -7.18963 0.0338665
46 -7.24934 -7.19093 0.0331475
47 -7.24269 -7.19203 0.0324532
48 -7.23384 -7.1929 0.0317819
49 -7.22376 -7.19353 0.0311329
50 -7.21283 -7.19392 0.0305063
51 -7.20105 -7.19406 0.0299025
52 -7.18912 -7.19396 0.029322
53 -7.18319 -7.19376 0.0287641
54 -7.17972 -7.1935 0.0282276
55 -7.18405 -7.19333 0.0277102
56 -7.19217 -7.19331 0.0272108
57 -7.20495 -7.19351 0.02673
58 -7.2151 -7.19389 0.0262677
59 -7.23027 -7.1945 0.025826
60 -7.24441 -7.19533 0.0254056
61 -7.25616 -7.19633 0.0250055
62 -7.26702 -7.19747 0.0246253
63 -7.27044 -7.19863 0.0242589
64 -7.27122 -7.19976 0.0239038
65 -7.26866 -7.20082 0.023557
66 -7.2651 -7.2018 0.0232178
67 -7.25503 -7.20259 0.0228824
68 -7.24298 -7.20319 0.0225512
69 -7.2309 -7.20359 0.0222256
70 -7.21778 -7.20379 0.0219068
71 -7.20786 -7.20385 0.0215961
72 -7.19595 -7.20374 0.0212943
73 -7.18665 -7.2035 0.0210019
74 -7.17921 -7.20318 0.0207187
75 -7.17166 -7.20276 0.0204449
76 -7.16389 -7.20224 0.0201806
77 -7.15898 -7.20168 0.0199247
78 -7.15568 -7.20109 0.0196765
79 -7.15587 -7.20052 0.0194342
80 -7.16065 -7.20002 0.0191962
81 -7.16592 -7.1996 0.0189624
82 -7.17281 -7.19927 0.0187326
83 -7.18226 -7.19907 0.0185067
84 -7.18588 -7.19891 0.0182857
85 -7.19207 -7.19883 0.0180695
86 -7.19588 -7.1988 0.0178582
87 -7.19781 -7.19879 0.0176517
88 -7.20085 -7.19881 0.01745
89 -7.2044 -7.19887 0.0172529
90 -7.20462 -7.19894 0.0170603
91 -7.20739 -7.19903 0.016872
92 -7.20634 -7.19911 0.0166878
93 -7.20372 -7.19916 0.0165075
94 -7.19721 -7.19914 0.0163309
95 -7.19261 -7.19907 0.0161582
96 -7.18521 -7.19892 0.0159897
97 -7.17619 -7.19869 0.0158257
98 -7.1709 -7.19841 0.015666
99 -7.16234 -7.19804 0.0155112
100 -7.15776 -7.19764 0.0153606
1 -7.13881 -7.13881 0
2 -7.10917 -7.12399 0.0148194
3 -7.07016 -7.10605 0.019878
4 -7.02234 -7.08512 0.0252079
5 -6.97105 -7.06231 0.0300294
6 -6.92054 -7.03868 0.0340508
7 -6.87435 -7.0152 0.0371386
8 -6.83624 -6.99283 0.0391778
9 -6.80853 -6.97235 0.0401642
10 -6.78701 -6.95382 0.0404236
11 -6.77383 -6.93746 0.0400588
12 -6.77191 -6.92366 0.0390843
13 -6.7776 -6.91242 0.0376671
14 -6.78493 -6.90332 0.0360425
15 -6.80046 -6.89646 0.0342473
16 -6.81662 -6.89147 0.0324217
17 -6.83398 -6.88809 0.030642
18 -6.84825 -6.88588 0.0289742
19 -6.85904 -6.88446 0.0274432
20 -6.86617 -6.88355 0.026051
21 -6.87008 -6.88291 0.0247878
22 -6.86789 -6.88222 0.0236441
23 -6.86546 -6.8815 0.0226044
24 -6.85874 -6.88055 0.0216629
25 -6.8549 -6.87952 0.0208036
26 -6.84973 -6.87838 0.0200203
27 -6.8505 -6.87734 0.0192922
28 -6.8535 -6.87649 0.0186099
29 -6.85856 -6.87587 0.0179673
30 -6.86807 -6.87561 0.0173601
31 -6.87803 -6.87569 0.0167909
32 -6.88682 -6.87604 0.0162614
33 -6.89598 -6.87664 0.0157725
34 -6.90067 -6.87735 0.0153179
35 -6.90457 -6.87813 0.0148942
36 -6.90738 -6.87894 0.0144973
37 -6.90944 -6.87976 0.0141241
38 -6.91339 -6.88065 0.0137759
39 -6.92342 -6.88175 0.0134627
40 -6.93306 -6.88303 0.0131844
41 -6.9422 -6.88447 0.0129395
42 -6.94866 -6.886 0.0127198
43 -6.94996 -6.88749 0.0125092
44 -6.94464 -6.88879 0.0122905
45 -6.93387 -6.88979 0.012056
46 -6.91771 -6.8904 0.0118066
47 -6.89964 -6.89059 0.0115543
48 -6.88011 -6.89037 0.0113131
49 -6.86201 -6.88979 0.011095
50 -6.84703 -6.88894 0.0109044
51 -6.83463 -6.88787 0.0107414
52 -6.82454 -6.88666 0.010603
53 -6.81567 -6.88532 0.0104869
54 -6.80942 -6.88391 0.0103864
55 -6.80179 -6.88242 0.0103045
56 -6.79713 -6.8809 0.0102328
57 -6.7931 -6.87936 0.010169
58 -6.7939 -6.87788 0.0101002
59 -6.79894 -6.87654 0.0100173
60 -6.80922 -6.87542 0.00991264
61 -6.82393 -6.87458 0.00978526
62 -6.83933 -6.87401 0.00964291
63 -6.86084 -6.8738 0.00949092
64 -6.88292 -6.87394 0.00934253
65 -6.90538 -6.87443 0.00921039
66 -6.92796 -6.87524 0.00910597
67 -6.94857 -6.87633 0.00903556
68 -6.96628 -6.87765 0.00899942
69 -6.98053 -6.87915 0.0089925
70 -6.9918 -6.88076 0.00900804
71 -7.00022 -6.88244 0.00903827
72 -7.01053 -6.88422 0.0090877
73 -7.01268 -6.88598 0.00913347
74 -7.01198 -6.88768 0.00916869
75 -7.00813 -6.88929 0.00918709
76 -7.00457 -6.8908 0.00919143
77 -6.9961 -6.89217 0.00917378
78 -6.98482 -6.89336 0.00913298
79 -6.97016 -6.89433 0.00906889
80 -6.95104 -6.89504 0.00898283
81 -6.92841 -6.89545 0.0088808
82 -6.90111 -6.89552 0.0087721
83 -6.86917 -6.8952 0.00867158
84 -6.83733 -6.89451 0.00859537
85 -6.81121 -6.89353 0.00855
86 -6.78999 -6.89233 0.00853533
87 -6.77375 -6.89097 0.00854605
88 -6.76602 -6.88955 0.00856685
89 -6.76563 -6.88815 0.00858372
90 -6.76932 -6.88683 0.00858989
91 -6.77443 -6.8856 0.00858431
92 -6.78085 -6.88446 0.0085665
93 -6.79059 -6.88345 0.00853378
94 -6.80095 -6.88257 0.00848801
95 -6.81251 -6.88184 0.0084305
96 -6.82501 -6.88124 0.0083632
97 -6.8371 -6.88079 0.00828903
98 -6.84815 -6.88046 0.00821077
99 -6.85865 -6.88024 0.00813039
100 -6.86717 -6.8801 0.00804974
1 -6.87073 -6.87073 0
2 -6.86661 -6.86867 0.00205891
3 -6.85786 -6.86507 0.00379507
4 -6.84718 -6.8606 0.00521505
5 -6.83861 -6.8562 0.00597132
6 -6.8328 -6.8523 0.00624366
7 -6.83331 -6.84959 0.0059333
8 -6.8409 -6.8485 0.00525176
9 -6.85151 -6.84883 0.00464367
10 -6.86323 -6.85027 0.00439575
11 -6.87635 -6.85264 0.00462901
12 -6.88353 -6.85522 0.00494766
13 -6.88646 -6.85762 0.00514674
14 -6.88197 -6.85936 0.00507253
15 -6.86852 -6.85997 0.00476163
16 -6.8491 -6.85929 0.00450562
17 -6.82452 -6.85725 0.00470056
18 -6.79237 -6.85364 0.00571227
19 -6.7589 -6.84866 0.00735239
20 -6.72561 -6.8425 0.00930065
21 -6.69611 -6.83553 0.0112634
22 -6.67099 -6.82805 0.013087
23 -6.65351 -6.82046 0.0146277
24 -6.64427 -6.81312 0.0158126
25 -6.64092 -6.80624 0.0166577
26 -6.64679 -6.8001 0.017139
27 -6.65726 -6.79481 0.0173198
28 -6.67279 -6.79045 0.0172494
29 -6.69015 -6.787 0.0169995
30 -6.70899 -6.7844 0.0166277
31 -6.72803 -6.78258 0.0161848
32 -6.75067 -6.78158 0.0157026
33 -6.77149 -6.78127 0.0152224
34 -6.79147 -6.78157 0.0147709
35 -6.80789 -6.78233 0.0143624
36 -6.81211 -6.78315 0.0139822
37 -6.81508 -6.78402 0.0136264
38 -6.80917 -6.78468 0.0132795
39 -6.79591 -6.78497 0.0129377
40 -6.7786 -6.78481 0.0126111
41 -6.75611 -6.78411 0.0123196
42 -6.73257 -6.78288 0.0120851
43 -6.70878 -6.78116 0.0119259
44 -6.6867 -6.77901 0.0118478
45 -6.67106 -6.77661 0.0118274
46 -6.66455 -6.77417 0.0118212
47 -6.66898 -6.77194 0.0117815
48 -6.68352 -6.77009 0.0116796
49 -6.7049 -6.76876 0.0115159
50 -6.73484 -6.76809 0.0113036
51 -6.7644 -6.76801 0.01108
52 -6.7939 -6.76851 0.0108762
53 -6.8175 -6.76944 0.010709
54 -6.83544 -6.77066 0.0105796
55 -6.84281 -6.77197 0.010468
56 -6.84038 -6.77319 0.0103518
57 -6.8297 -6.77418 0.0102167
58 -6.81148 -6.77483 0.0100596
59 -6.79012 -6.77508 0.00989104
60 -6.76719 -6.77495 0.00972569
61 -6.74199 -6.77441 0.00958018
62 -6.72208 -6.77357 0.00946211
63 -6.70759 -6.77252 0.00936942
64 -6.69789 -6.77136 0.00929529
65 -6.69476 -6.77018 0.00922673
66 -6.69842 -6.76909 0.00915068
67 -6.71 -6.76821 0.00905611
68 -6.72857 -6.76762 0.00894097
69 -6.7465 -6.76732 0.00881576
70 -6.76792 -6.76733 0.00868891
71 -6.78947 -6.76764 0.00857133
72 -6.80749 -6.76819 0.00846955
73 -6.8173 -6.76887 0.00837976
74 -6.82059 -6.76956 0.00829524
75 -6.81717 -6.7702 0.00820847
76 -6.80511 -6.77066 0.00811276
77 -6.7853 -6.77085 0.00800897
78 -6.76093 -6.77072 0.00790664
79 -6.738 -6.77031 0.0078169
80 -6.71472 -6.76961 0.00774978
81 -6.69676 -6.76871 0.00770617
82 -6.68441 -6.76768 0.00768073
83 -6.68031 -6.76663 0.00766031
84 -6.68433 -6.76565 0.00763172
85 -6.69332 -6.7648 0.00758926
86 -6.70655 -6.76412 0.00753102
87 -6.71587 -6.76357 0.00746459
88 -6.72598 -6.76314 0.00739163
89 -6.72964 -6.76277 0.0073178
90 -6.72795 -6.76238 0.00724636
91 -6.7228 -6.76194 0.00717948
92 -6.7164 -6.76145 0.00711824
93 -6.71179 -6.76092 0.0070615
94 -6.70836 -6.76036 0.00700831
95 -6.70869 -6.75981 0.00695545
96 -6.71199 -6.75931 0.00690061
97 -6.72058 -6.75891 0.00684077
98 -6.735 -6.75867 0.006775
99 -6.74899 -6.75857 0.00670693
100 -6.7634 -6.75862 0.0066397
1 -6.77494 -6.77494 0
2 -6.78122 -6.77808 0.0031436
3 -6.78403 -6.78006 0.00268923
4 -6.78543 -6.78141 0.00232733
5 -6.78502 -6.78213 0.00194258
6 -6.78006 -6.78178 0.00162337
7 -6.77339 -6.78058 0.00182232
8 -6.76446 -6.77857 0.00256021
9 -6.75193 -6.77561 0.0037225
10 -6.73836 -6.77188 0.00499613
11 -6.72943 -6.76803 0.00594271
12 -6.71874 -6.76392 0.00680425
13 -6.70988 -6.75976 0.00751377
14 -6.69909 -6.75543 0.00819571
15 -6.69261 -6.75124 0.00870361
16 -6.68388 -6.74703 0.00916556
17 -6.67424 -6.74275 0.00961556
18 -6.66466 -6.73841 0.0100502
19 -6.65847 -6.7342 0.0103958
20 -6.65352 -6.73017 0.0106555
21 -6.6541 -6.72655 0.0107632
22 -6.65693 -6.72338 0.0107391
23 -6.65927 -6.72059 0.0106334
24 -6.66234 -6.71817 0.0104661
25 -6.66869 -6.71619 0.010232
26 -6.68017 -6.7148 0.00992767
27 -6.69391 -6.71403 0.0095842
28 -6.70834 -6.71383 0.0092378
29 -6.72032 -6.71405 0.00891638
30 -6.7307 -6.7146 0.00863189
31 -6.7376 -6.71535 0.00838168
32 -6.74063 -6.71614 0.0081539
33 -6.74106 -6.71689 0.00793896
34 -6.73885 -6.71754 0.00772896
35 -6.73195 -6.71795 0.00751617
36 -6.72096 -6.71803 0.00730488
37 -6.70713 -6.71774 0.00711082
38 -6.69153 -6.71705 0.00695543
39 -6.68091 -6.71612 0.00683783
40 -6.67548 -6.71511 0.00674169
41 -6.67734 -6.71418 0.0066394
42 -6.68738 -6.71355 0.00651075
43 -6.70713 -6.7134 0.00635929
44 -6.72644 -6.71369 0.00622014
45 -6.74849 -6.71447 0.00612931
46 -6.7674 -6.71562 0.00610403
47 -6.78256 -6.71704 0.00614024
48 -6.78993 -6.71856 0.00619979
49 -6.78802 -6.71998 0.00623524
50 -6.7802 -6.72118 0.00622686
51 -6.76707 -6.72208 0.00616951
52 -6.75137 -6.72265 0.00607586
53 -6.73846 -6.72294 0.00596758
54 -6.72378 -6.72296 0.00585605
55 -6.70975 -6.72272 0.0057536
56 -6.69354 -6.7222 0.00567391
57 -6.67642 -6.72139 0.00563104
58 -6.66069 -6.72035 0.00563122
59 -6.64255 -6.71903 0.00568985
60 -6.6273 -6.7175 0.00579936
61 -6.61425 -6.71581 0.00594936
62 -6.60686 -6.71405 0.00611071
63 -6.60626 -6.71234 0.00625163
64 -6.61006 -6.71074 0.00635732
65 -6.61665 -6.70929 0.00642397
66 -6.62644 -6.70804 0.00644926
67 -6.63604 -6.70696 0.00644254
68 -6.64949 -6.70612 0.00640311
69 -6.66341 -6.7055 0.00633992
70 -6.68115 -6.70515 0.00625837
71 -6.70104 -6.70509 0.00616987
72 -6.72374 -6.70535 0.00608908
73 -6.74662 -6.70592 0.00603163
74 -6.7665 -6.70674 0.00600562
75 -6.78591 -6.70779 0.00601831
76 -6.80229 -6.70904 0.00606736
77 -6.81269 -6.71038 0.00613748
78 -6.82021 -6.71179 0.00621975
79 -6.82407 -6.71321 0.00630286
80 -6.82503 -6.71461 0.0063786
81 -6.8187 -6.71589 0.0064291
82 -6.80766 -6.71701 0.00644807
83 -6.78763 -6.71786 0.00642648
84 -6.76136 -6.71838 0.00637059
85 -6.73222 -6.71854 0.0062973
86 -6.7012 -6.71834 0.00622691
87 -6.66844 -6.71777 0.00618159
88 -6.63935 -6.71688 0.00617557
89 -6.61768 -6.71576 0.0062067
90 -6.60315 -6.71451 0.0062636
91 -6.59772 -6.71323 0.00632595
92 -6.60348 -6.71204 0.00636952
93 -6.61448 -6.71099 0.00638738
94 -6.6302 -6.71013 0.00637725
95 -6.64786 -6.70947 0.00634371
96 -6.6679 -6.70904 0.00629221
97 -6.68382 -6.70878 0.00623243
98 -6.69855 -6.70867 0.00616939
99 -6.71155 -6.7087 0.00610682
100 -6.72026 -6.70882 0.00604655
1 -6.7289 -6.7289 0
2 -6.7301 -6.7295 0.000600811
3 -6.73546 -6.73149 0.00201774
4 -6.73881 -6.73332 0.00232173
5 -6.74208 -6.73507 0.00251115
6 -6.74717 -6.73709 0.00287599
7 -6.75465 -6.7396 0.00349322
8 -6.76429 -6.74268 0.00432168
9 -6.77413 -6.74618 0.00517086
10 -6.78066 -6.74963 0.00576914
11 -6.78825 -6.75314 0.00628964
12 -6.78655 -6.75592 0.006381
13 -6.78385 -6.75807 0.00625055
14 -6.7725 -6.7591 0.00587799
15 -6.75293 -6.75869 0.00548757
16 -6.72687 -6.7567 0.00550502
17 -6.69545 -6.7531 0.00630261
18 -6.66219 -6.74805 0.00779827
19 -6.63188 -6.74193 0.00958099
20 -6.60886 -6.73528 0.0112645
21 -6.59368 -6.72854 0.0126598
22 -6.58358 -6.72195 0.0137519
23 -6.58025 -6.71579 0.014513
24 -6.58643 -6.7104 0.0149039
25 -6.59434 -6.70575 0.0150302
26 -6.60554 -6.7019 0.014946
27 -6.61946 -6.69885 0.0147023
28 -6.63298 -6.69649 0.0143615
29 -6.64651 -6.69477 0.0139642
30 -6.65673 -6.6935 0.0135502
31 -6.66627 -6.69262 0.0131352
32 -6.67309 -6.69201 0.0127327
33 -6.68065 -6.69167 0.0123456
34 -6.68949 -6.69161 0.0119772
35 -6.70088 -6.69187 0.011633
36 -6.71493 -6.69251 0.0113234
37 -6.72919 -6.6935 0.0110576
38 -6.74252 -6.69479 0.0108397
39 -6.75447 -6.69632 0.0106684
40 -6.76061 -6.69793 0.0105218
41 -6.75877 -6.69941 0.0103686
42 -6.74837 -6.70058 0.0101857
43 -6.73296 -6.70133 0.00997443
44 -6.71379 -6.70162 0.00974922
45 -6.69094 -6.70138 0.00953306
46 -6.66604 -6.70061 0.00935511
47 -6.64244 -6.69937 0.00923719
48 -6.62311 -6.69778 0.00918121
49 -6.61014 -6.69599 0.00916805
50 -6.60173 -6.69411 0.00917851
51 -6.60067 -6.69228 0.00918138
52 -6.60261 -6.69055 0.00916674
53 -6.60706 -6.68898 0.00912906
54 -6.6153 -6.68761 0.00906172
55 -6.62294 -6.68644 0.00897282
56 -6.63035 -6.68544 0.00886788
57 -6.63831 -6.68461 0.00875006
58 -6.65188 -6.68404 0.00861637
59 -6.66683 -6.68375 0.0084741
60 -6.68137 -6.68371 0.00833176
61 -6.69894 -6.68396 0.00819784
62 -6.71694 -6.68449 0.00808205
63 -6.73977 -6.68537 0.00800099
64 -6.76268 -6.68658 0.00796708
65 -6.78348 -6.68807 0.00798397
66 -6.80302 -6.68981 0.00805266
67 -6.81823 -6.69173 0.00815987
68 -6.82749 -6.69373 0.00828319
69 -6.82832 -6.69568 0.00839212
70 -6.82303 -6.6975 0.00846907
71 -6.8094 -6.69907 0.0084964
72 -6.78834 -6.70031 0.0084688
73 -6.76558 -6.70121 0.0083997
74 -6.73894 -6.70172 0.0083011
75 -6.70932 -6.70182 0.0081903
76 -6.68291 -6.70157 0.00808564
77 -6.65759 -6.701 0.00800035
78 -6.63854 -6.7002 0.00793761
79 -6.62139 -6.6992 0.00789972
80 -6.61151 -6.6981 0.00787699
81 -6.60553 -6.69696 0.00786264
82 -6.5997 -6.69577 0.00785622
83 -6.59863 -6.6946 0.00784874
84 -6.59813 -6.69345 0.00783932
85 -6.59895 -6.69234 0.00782593
86 -6.59873 -6.69125 0.00781062
87 -6.60026 -6.69021 0.00779085
88 -6.60355 -6.68922 0.0077645
89 -6.60671 -6.6883 0.00773254
90 -6.61537 -6.68749 0.00768896
91 -6.62556 -6.68681 0.00763439
92 -6.6365 -6.68626 0.00757072
93 -6.6468 -6.68583 0.00750088
94 -6.65261 -6.68548 0.00742907
95 -6.65746 -6.68519 0.00735637
96 -6.66134 -6.68494 0.00728357
97 -6.66674 -6.68475 0.00721054
98 -6.67214 -6.68462 0.00713774
99 -6.67638 -6.68454 0.00706576
100 -6.67959 -6.68449 0.00699492
1 -6.6783 -6.6783 0
2 -6.67396 -6.67613 0.00217451
3 -6.66455 -6.67227 0.00405875
4 -6.64976 -6.66664 0.00631625
5 -6.63375 -6.66006 0.0081984
6 -6.61791 -6.65304 0.00970399
7 -6.60241 -6.64581 0.010935
8 -6.59221 -6.63911 0.0116002
9 -6.58914 -6.63356 0.0116398
10 -6.59685 -6.62988 0.0110392
11 -6.62025 -6.62901 0.0100237
12 -6.6509 -6.63083 0.00933046
13 -6.68547 -6.63504 0.00955669
14 -6.72486 -6.64145 0.0109295
15 -6.76366 -6.6496 0.0130348
16 -6.79718 -6.65882 0.0152886
17 -6.81882 -6.66823 0.0171703
18 -6.82803 -6.67711 0.0184628
19 -6.82693 -6.685 0.0191616
20 -6.81613 -6.69155 0.0193246
21 -6.79556 -6.69651 0.0190369
22 -6.76967 -6.69983 0.0184532
23 -6.73569 -6.70139 0.0177014
24 -6.69967 -6.70132 0.0169479
25 -6.6645 -6.69985 0.0163225
26 -6.62896 -6.69712 0.0159174
27 -6.59622 -6.69338 0.0157658
28 -6.56853 -6.68892 0.0158332
29 -6.54674 -6.68402 0.0160449
30 -6.53671 -6.67911 0.0162601
31 -6.53395 -6.67443 0.0164091
32 -6.54095 -6.67026 0.0164264
33 -6.55728 -6.66683 0.0162848
34 -6.58102 -6.66431 0.0159989
35 -6.61064 -6.66278 0.0156106
36 -6.64305 -6.66223 0.0151807
37 -6.67539 -6.66258 0.014769
38 -6.70553 -6.66371 0.0144194
39 -6.72977 -6.66541 0.0141466
40 -6.74302 -6.66735 0.0139242
41 -6.74661 -6.66928 0.0137173
42 -6.74084 -6.67099 0.0134947
43 -6.72654 -6.67228 0.0132403
44 -6.70868 -6.6731 0.0129623
45 -6.68355 -6.67334 0.0126731
46 -6.65786 -6.673 0.0123991
47 -6.63776 -6.67225 0.0121556
48 -6.62459 -6.67126 0.011941
49 -6.61916 -6.67019 0.011743
50 -6.62168 -6.66922 0.0115466
51 -6.63119 -6.66848 0.0113425
52 -6.64777 -6.66808 0.0111294
53 -6.66876 -6.66809 0.0109174
54 -6.69393 -6.66857 0.010724
55 -6.72061 -6.66952 0.0105696
56 -6.74612 -6.67089 0.0104689
57 -6.76168 -6.67248 0.0104062
58 -6.76878 -6.67414 0.0103592
59 -6.7661 -6.6757 0.0103007
60 -6.7532 -6.67699 0.0102096
61 -6.73638 -6.67796 0.0100879
62 -6.71753 -6.6786 0.00994438
63 -6.69947 -6.67893 0.00979086
64 -6.68481 -6.67902 0.0096371
65 -6.67762 -6.679 0.0094877
66 -6.67521 -6.67894 0.00934302
67 -6.67865 -6.67894 0.00920252
68 -6.68579 -6.67904 0.00906674
69 -6.69409 -6.67926 0.00893703
70 -6.69602 -6.6795 0.00881169
71 -6.69556 -6.67972 0.00868963
72 -6.68862 -6.67985 0.00856899
73 -6.67981 -6.67985 0.00845079
74 -6.66791 -6.67969 0.00833737
75 -6.65673 -6.67938 0.00823114
76 -6.64674 -6.67895 0.00813347
77 -6.63781 -6.67842 0.0080449
78 -6.62961 -6.67779 0.00796571
79 -6.61996 -6.67706 0.00789823
80 -6.61275 -6.67625 0.00784019
81 -6.60888 -6.67542 0.00778734
82 -6.61201 -6.67465 0.00773056
83 -6.62478 -6.67405 0.00766046
84 -6.65076 -6.67377 0.00757379
85 -6.68488 -6.6739 0.00748529
86 -6.72552 -6.6745 0.00742205
87 -6.76456 -6.67554 0.00740891
88 -6.79639 -6.67691 0.00745188
89 -6.81483 -6.67846 0.00752887
90 -6.82591 -6.6801 0.00762287
91 -6.82565 -6.6817 0.00770645
92 -6.81588 -6.68316 0.00776051
93 -6.80196 -6.68443 0.00778218
94 -6.78328 -6.68549 0.00777043
95 -6.76601 -6.68633 0.00773478
96 -6.75104 -6.68701 0.00768341
97 -6.73896 -6.68754 0.00762263
98 -6.73082 -6.68798 0.00755736
99 -6.72164 -6.68832 0.00748835
100 -6.71176 -6.68856 0.00741679
1 -6.69735 -6.69735 0
2 -6.68172 -6.68953 0.00781572
3 -6.66195 -6.68034 0.0102416
4 -6.64681 -6.67196 0.0110771
5 -6.63263 -6.66409 0.0116402
6 -6.6157 -6.65603 0.0124649
7 -6.60019 -6.64805 0.0132138
8 -6.58321 -6.63995 0.0140234
9 -6.5683 -6.63199 0.014708
10 -6.55439 -6.62423 0.0152732
11 -6.5387 -6.61645 0.015853
12 -6.52597 -6.60891 0.0163183
13 -6.51531 -6.60171 0.016648
14 -6.50558 -6.59484 0.0168734
15 -6.50048 -6.58855 0.0169213
16 -6.49968 -6.583 0.0167747
17 -6.50298 -6.57829 0.016445
18 -6.51079 -6.57454 0.0159516
19 -6.52777 -6.57208 0.0152882
20 -6.55135 -6.57104 0.0145407
21 -6.58038 -6.57149 0.0138381
22 -6.60942 -6.57321 0.0133063
23 -6.6397 -6.5761 0.0130391
24 -6.66776 -6.57992 0.013055
25 -6.69421 -6.58449 0.0133303
26 -6.71996 -6.5897 0.0138267
27 -6.74345 -6.5954 0.014472
28 -6.75876 -6.60123 0.0151169
29 -6.76787 -6.60698 0.0156773
30 -6.7715 -6.61246 0.0161079
31 -6.76771 -6.61747 0.0163648
32 -6.75798 -6.62186 0.0164423
33 -6.74978 -6.62574 0.016401
34 -6.73906 -6.62907 0.0162566
35 -6.72845 -6.63191 0.0160387
36 -6.71979 -6.63435 0.0157768
37 -6.71509 -6.63653 0.0154988
38 -6.71059 -6.63848 0.0152108
39 -6.7076 -6.64025 0.0149213
40 -6.70348 -6.64183 0.0146291
41 -6.70173 -6.6433 0.0143424
42 -6.69943 -6.64463 0.0140604
43 -6.69865 -6.64589 0.0137869
44 -6.69639 -6.64704 0.0135187
45 -6.69351 -6.64807 0.0132552
46 -6.69175 -6.64902 0.0129986
47 -6.69357 -6.64997 0.0127543
48 -6.69477 -6.6509 0.0125206
49 -6.69954 -6.65189 0.0123025
50 -6.70782 -6.65301 0.0121057
51 -6.7216 -6.65436 0.011942
52 -6.73508 -6.65591 0.0118125
53 -6.7516 -6.65771 0.0117273
54 -6.76321 -6.65967 0.0116728
55 -6.77367 -6.66174 0.0116445
56 -6.77591 -6.66378 0.011615
57 -6.77229 -6.66568 0.0115672
58 -6.76624 -6.66742 0.0114975
59 -6.75847 -6.66896 0.0114058
60 -6.7527 -6.67036 0.0113006
61 -6.74621 -6.6716 0.0111832
62 -6.74125 -6.67272 0.0110585
63 -6.73686 -6.67374 0.0109291
64 -6.7332 -6.67467 0.010797
65 -6.72719 -6.67548 0.0106603
66 -6.72167 -6.67618 0.0105208
67 -6.71421 -6.67675 0.0103781
68 -6.70179 -6.67711 0.010231
69 -6.68483 -6.67723 0.0100823
70 -6.66309 -6.67702 0.00993924
71 -6.64008 -6.6765 0.00981206
72 -6.61035 -6.67558 0.00971834
73 -6.58392 -6.67433 0.00966619
74 -6.55943 -6.67278 0.00966028
75 -6.5416 -6.67103 0.00968976
76 -6.53392 -6.66922 0.00973011
77 -6.53342 -6.66746 0.00976352
78 -6.54107 -6.66584 0.00977281
79 -6.55606 -6.66445 0.00974788
80 -6.57778 -6.66337 0.00968603
81 -6.60105 -6.6626 0.00959659
82 -6.62638 -6.66215 0.00948912
83 -6.65312 -6.66205 0.00937473
84 -6.67701 -6.66222 0.00926416
85 -6.69714 -6.66263 0.00916374
86 -6.7133 -6.66322 0.0090757
87 -6.72744 -6.66396 0.00900109
88 -6.73588 -6.66478 0.00893566
89 -6.73897 -6.66561 0.00887394
90 -6.73015 -6.66633 0.00880403
91 -6.71653 -6.66688 0.0087242
92 -6.69644 -6.6672 0.00863483
93 -6.67392 -6.66728 0.00854179
94 -6.65292 -6.66712 0.00845181
95 -6.63687 -6.6668 0.00836843
96 -6.63047 -6.66643 0.00828945
97 -6.63168 -6.66607 0.00821136
98 -6.64402 -6.66584 0.00813025
99 -6.66191 -6.6658 0.00804781
100 -6.68446 -6.66599 0.00796911
1 -6.70214 -6.70214 0
2 -6.71458 -6.70836 0.0062199
3 -6.72363 -6.71345 0.00622957
4 -6.72992 -6.71757 0.00602824
5 -6.73584 -6.72122 0.00592893
6 -6.73917 -6.72421 0.0056903
7 -6.74177 -6.72672 0.00542396
8 -6.74283 -6.72874 0.0051109
9 -6.73959 -6.72994 0.00466586
10 -6.73557 -6.7305 0.004211
11 -6.72643 -6.73013 0.00382699
12 -6.71693 -6.72903 0.00366278
13 -6.71126 -6.72767 0.00363611
14 -6.70885 -6.72632 0.00362484
15 -6.70648 -6.725 0.00362444
16 -6.70914 -6.72401 0.00353218
17 -6.71248 -6.72333 0.00338649
18 -6.71481 -6.72286 0.00322769
19 -6.71488 -6.72244 0.00308182
20 -6.70893 -6.72176 0.00300069
21 -6.69741 -6.7206 0.00308085
22 -6.67913 -6.71872 0.00349021
23 -6.66209 -6.71625 0.00414535
24 -6.6443 -6.71326 0.00497399
25 -6.63122 -6.70998 0.00579035
26 -6.62439 -6.70668 0.00646419
27 -6.62348 -6.7036 0.00694174
28 -6.62323 -6.70073 0.00727915
29 -6.62102 -6.69798 0.00754232
30 -6.6168 -6.69528 0.00777282
31 -6.60576 -6.69239 0.00805336
32 -6.59513 -6.68935 0.00836901
33 -6.58778 -6.68627 0.00867581
34 -6.58571 -6.68331 0.00892132
35 -6.59029 -6.68066 0.00906122
36 -6.60399 -6.67853 0.00905979
37 -6.62335 -6.67704 0.0089368
38 -6.65092 -6.67635 0.00872554
39 -6.68029 -6.67645 0.00849947
40 -6.70938 -6.67727 0.00832507
41 -6.73487 -6.67868 0.0082401
42 -6.75403 -6.68047 0.0082392
43 -6.76683 -6.68248 0.00829218
44 -6.76924 -6.68445 0.00833805
45 -6.76864 -6.68632 0.00836259
46 -6.76593 -6.68805 0.00835984
47 -6.7614 -6.68961 0.00832757
48 -6.75421 -6.69096 0.00826255
49 -6.74497 -6.69206 0.00816691
50 -6.73831 -6.69299 0.00805518
51 -6.72752 -6.69366 0.00792464
52 -6.71548 -6.69408 0.00778207
53 -6.70592 -6.69431 0.00763709
54 -6.6909 -6.69424 0.0074946
55 -6.67373 -6.69387 0.00736651
56 -6.65171 -6.69312 0.00727284
57 -6.62718 -6.69196 0.00723716
58 -6.60452 -6.69045 0.00726935
59 -6.58085 -6.6886 0.00738263
60 -6.56161 -6.68648 0.00756078
61 -6.55011 -6.68424 0.00776458
62 -6.54789 -6.68204 0.00794862
63 -6.55203 -6.67998 0.00808911
64 -6.56266 -6.67815 0.00817003
65 -6.57939 -6.67663 0.00818559
66 -6.59606 -6.67541 0.00815251
67 -6.61672 -6.67453 0.00807754
68 -6.63295 -6.67392 0.00798132
69 -6.64954 -6.67357 0.00787273
70 -6.66585 -6.67346 0.00776023
71 -6.68088 -6.67356 0.00765086
72 -6.69415 -6.67385 0.00754927
73 -6.70721 -6.6743 0.00745915
74 -6.71693 -6.67488 0.00738018
75 -6.72351 -6.67553 0.00730993
76 -6.72742 -6.67621 0.00724535
77 -6.72741 -6.67688 0.00718148
78 -6.72508 -6.67749 0.0071157
79 -6.71398 -6.67796 0.00704021
80 -6.7011 -6.67825 0.00695767
81 -6.68513 -6.67833 0.00687177
82 -6.66908 -6.67822 0.00678838
83 -6.65893 -6.67799 0.00671012
84 -6.65407 -6.6777 0.00663587
85 -6.65989 -6.67749 0.00656068
86 -6.67599 -6.67747 0.00648397
87 -6.69551 -6.67768 0.00641236
88 -6.7218 -6.67818 0.00635887
89 -6.74574 -6.67894 0.00633268
90 -6.76423 -6.67989 0.00633321
91 -6.77913 -6.68098 0.00635747
92 -6.78668 -6.68213 0.00639209
93 -6.78705 -6.68326 0.00642284
94 -6.78098 -6.6843 0.00643863
95 -6.77021 -6.6852 0.00643437
96 -6.75312 -6.68591 0.00640618
97 -6.73077 -6.68637 0.00635664
98 -6.70566 -6.68657 0.00629452
99 -6.68195 -6.68652 0.00623079
100 -6.65915 -6.68625 0.00617423
1 -6.63959 -6.63959 0
2 -6.62642 -6.63301 0.00658362
3 -6.61726 -6.62776 0.006482
4 -6.61051 -6.62345 0.00629326
5 -6.60716 -6.62019 0.00586323
6 -6.60095 -6.61698 0.00576151
7 -6.594 -6.6137 0.00587285
8 -6.58589 -6.61022 0.0061604
9 -6.58097 -6.60697 0.00633116
10 -6.57445 -6.60372 0.00653001
11 -6.56696 -6.60038 0.00678637
12 -6.56316 -6.59728 0.00692813
13 -6.55944 -6.59437 0.00700618
14 -6.55934 -6.59186 0.0069521
15 -6.56297 -6.58994 0.00675259
16 -6.56616 -6.58845 0.00648888
17 -6.57603 -6.58772 0.00613892
18 -6.5855 -6.5876 0.00578914
19 -6.5983 -6.58816 0.00550487
20 -6.61629 -6.58957 0.0054084
21 -6.63418 -6.59169 0.00556582
22 -6.64894 -6.59429 0.00591046
23 -6.66401 -6.59733 0.00640965
24 -6.67463 -6.60055 0.00693075
25 -6.68171 -6.60379 0.00739811
26 -6.68756 -6.60701 0.00780396
27 -6.69298 -6.6102 0.00815653
28 -6.69527 -6.61324 0.00842656
29 -6.69693 -6.61612 0.00862778
30 -6.69493 -6.61875 0.00873937
31 -6.69266 -6.62113 0.00878261
32 -6.68544 -6.62314 0.00873795
33 -6.67985 -6.62486 0.00864159
34 -6.67526 -6.62634 0.0085136
35 -6.67472 -6.62773 0.00838152
36 -6.67748 -6.62911 0.0082618
37 -6.68216 -6.63054 0.00816233
38 -6.68964 -6.6321 0.00809541
39 -6.69585 -6.63373 0.00805278
40 -6.70189 -6.63544 0.00803171
41 -6.70231 -6.63707 0.00800138
42 -6.70013 -6.63857 0.00795161
43 -6.69062 -6.63978 0.00785829
44 -6.67397 -6.64056 0.00771685
45 -6.65593 -6.6409 0.00755114
46 -6.63429 -6.64075 0.00738656
47 -6.61338 -6.64017 0.00725112
48 -6.59679 -6.63927 0.00715575
49 -6.58465 -6.63815 0.00709628
50 -6.57532 -6.6369 0.00706557
51 -6.5724 -6.63563 0.00704017
52 -6.57312 -6.63443 0.00700733
53 -6.57886 -6.63338 0.00695336
54 -6.58547 -6.63249 0.00688082
55 -6.59745 -6.63186 0.00678455
56 -6.61476 -6.63155 0.00666929
57 -6.63086 -6.63154 0.00655125
58 -6.64928 -6.63185 0.00644456
59 -6.66518 -6.63241 0.00635955
60 -6.68148 -6.63323 0.00630591
61 -6.69103 -6.63418 0.00627365
62 -6.69224 -6.63511 0.00624229
63 -6.68857 -6.63596 0.00620074
64 -6.67642 -6.63659 0.00613573
65 -6.66086 -6.63697 0.00605213
66 -6.63945 -6.637 0.00595984
67 -6.61958 -6.63674 0.00587597
68 -6.60735 -6.63631 0.00580503
69 -6.60043 -6.63579 0.00574388
70 -6.60439 -6.63534 0.00567897
71 -6.61857 -6.63511 0.0056034
72 -6.63822 -6.63515 0.00552519
73 -6.66537 -6.63556 0.00546468
74 -6.69032 -6.6363 0.00544088
75 -6.70946 -6.63728 0.00545574
76 -6.72006 -6.63837 0.00549257
77 -6.7201 -6.63943 0.00552372
78 -6.70681 -6.64029 0.00552045
79 -6.68972 -6.64092 0.00548592
80 -6.67266 -6.64132 0.00543142
81 -6.6624 -6.64158 0.00537026
82 -6.65569 -6.64175 0.00530715
83 -6.65606 -6.64192 0.00524565
84 -6.65845 -6.64212 0.00518656
85 -6.66284 -6.64236 0.00513097
86 -6.66395 -6.64261 0.00507717
87 -6.65975 -6.64281 0.00502233
88 -6.65141 -6.64291 0.00496589
89 -6.63297 -6.6428 0.00491105
90 -6.61304 -6.64246 0.00486742
91 -6.59221 -6.64191 0.0048452
92 -6.57052 -6.64114 0.00485467
93 -6.55397 -6.6402 0.0048928
94 -6.54004 -6.63913 0.00495636
95 -6.53085 -6.63799 0.00503463
96 -6.52648 -6.63683 0.00511555
97 -6.52613 -6.63569 0.00518958
98 -6.53202 -6.63463 0.00524415
99 -6.54219 -6.6337 0.00527423
100 -6.55463 -6.63291 0.00528076
1 -6.57089 -6.57089 0
2 -6.58344 -6.57716 0.00627425
3 -6.59565 -6.58333 0.00714896
4 -6.60506 -6.58876 0.00742145
5 -6.60924 -6.59286 0.00705847
6 -6.61357 -6.59631 0.00671786
7 -6.61286 -6.59867 0.00615026
8 -6.61182 -6.60032 0.00557423
9 -6.6091 -6.60129 0.00501187
10 -6.60606 -6.60177 0.0045081
11 -6.60339 -6.60192 0.00408039
12 -6.59954 -6.60172 0.00373012
13 -6.59424 -6.60114 0.00347915
14 -6.59175 -6.60047 0.00329025
15 -6.58971 -6.59975 0.00314591
16 -6.59169 -6.59925 0.00298559
17 -6.5994 -6.59926 0.00280449
18 -6.61653 -6.60022 0.00281286
19 -6.64111 -6.60237 0.00342203
20 -6.67276 -6.60589 0.00478823
21 -6.70676 -6.61069 0.00661924
22 -6.73556 -6.61637 0.00848789
23 -6.75908 -6.62257 0.0102118
24 -6.77205 -6.6288 0.0115923
25 -6.77674 -6.63472 0.0125956
26 -6.77007 -6.63993 0.0131737
27 -6.75399 -6.64415 0.0133619
28 -6.72881 -6.64717 0.0132261
29 -6.69608 -6.64886 0.0128728
30 -6.65611 -6.6491 0.0124387
31 -6.61398 -6.64797 0.012084
32 -6.57308 -6.64563 0.011932
33 -6.53639 -6.64232 0.0120292
34 -6.51111 -6.63846 0.0122916
35 -6.49617 -6.63439 0.0126086
36 -6.48439 -6.63023 0.0129424
37 -6.47737 -6.6261 0.0132484
38 -6.47786 -6.62219 0.0134722
39 -6.48707 -6.61873 0.0135719
40 -6.50515 -6.61589 0.0135296
41 -6.536 -6.61394 0.0133386
42 -6.56805 -6.61285 0.0130629
43 -6.60302 -6.61262 0.0127575
44 -6.63242 -6.61307 0.0124723
45 -6.6531 -6.61396 0.0122244
46 -6.66278 -6.61502 0.0120028
47 -6.66191 -6.61602 0.0117869
48 -6.64912 -6.61671 0.0115593
49 -6.62833 -6.61695 0.0113234
50 -6.60594 -6.61673 0.0110968
51 -6.5806 -6.61602 0.0109001
52 -6.56467 -6.61503 0.010734
53 -6.55556 -6.61391 0.0105891
54 -6.5568 -6.61285 0.0104448
55 -6.56616 -6.612 0.0102882
56 -6.58205 -6.61147 0.010117
57 -6.60551 -6.61136 0.00993846
58 -6.62845 -6.61166 0.00977005
59 -6.65324 -6.61236 0.00962886
60 -6.67738 -6.61345 0.00952884
61 -6.69747 -6.61482 0.00947201
62 -6.71403 -6.61642 0.00945437
63 -6.73089 -6.61824 0.00947885
64 -6.74092 -6.62016 0.00952445
65 -6.74378 -6.62206 0.00956773
66 -6.73629 -6.62379 0.0095793
67 -6.71619 -6.62517 0.00953549
68 -6.68201 -6.626 0.00943133
69 -6.63976 -6.6262 0.00929577
70 -6.59261 -6.62572 0.00917458
71 -6.54907 -6.62464 0.00910865
72 -6.51635 -6.62314 0.00910633
73 -6.49352 -6.62136 0.00915457
74 -6.48568 -6.61953 0.00921429
75 -6.49017 -6.61781 0.00925278
76 -6.50303 -6.6163 0.00925427
77 -6.5217 -6.61507 0.00921556
78 -6.54245 -6.61414 0.00914416
79 -6.56177 -6.61347 0.00905197
80 -6.57586 -6.613 0.00895046
81 -6.58177 -6.61262 0.00884768
82 -6.58478 -6.61228 0.0087457
83 -6.58074 -6.6119 0.00864804
84 -6.57212 -6.61142 0.00855758
85 -6.56055 -6.61083 0.00847746
86 -6.54697 -6.61008 0.00841114
87 -6.53777 -6.60925 0.00835535
88 -6.53414 -6.6084 0.00830384
89 -6.54385 -6.60767 0.00824198
90 -6.5649 -6.6072 0.00816373
91 -6.59521 -6.60707 0.00807459
92 -6.63448 -6.60736 0.0079919
93 -6.67395 -6.60808 0.00793785
94 -6.71087 -6.60917 0.00792872
95 -6.74066 -6.61056 0.00796598
96 -6.75751 -6.61209 0.00802983
97 -6.76711 -6.61369 0.00810572
98 -6.7666 -6.61525 0.00817291
99 -6.76199 -6.61673 0.00822461
100 -6.75255 -6.61809 0.00825446
1 -6.74013 -6.74013 0
2 -6.73202 -6.73608 0.00405403
3 -6.72324 -6.7318 0.00487653
4 -6.71958 -6.72874 0.0046072
5 -6.71304 -6.7256 0.00475365
6 -6.70475 -6.72213 0.0052101
7 -6.69573 -6.71836 0.00579717
8 -6.68487 -6.71417 0.00653686
9 -6.67337 -6.70964 0.00733405
10 -6.6639 -6.70506 0.00799692
11 -6.65671 -6.70067 0.0084643
12 -6.64979 -6.69643 0.00881362
13 -6.64633 -6.69257 0.00897678
14 -6.6447 -6.68915 0.00898678
15 -6.64274 -6.68606 0.00892018
16 -6.64455 -6.68347 0.00873819
17 -6.65108 -6.68156 0.00842632
18 -6.65863 -6.68029 0.00804588
19 -6.67158 -6.67983 0.00762444
20 -6.68677 -6.68018 0.0072415
21 -6.70145 -6.68119 0.00696214
22 -6.71783 -6.68285 0.00684388
23 -6.73217 -6.685 0.00688211
24 -6.74856 -6.68765 0.0071015
25 -6.75982 -6.69053 0.00739812
26 -6.76253 -6.6933 0.00762825
27 -6.76269 -6.69587 0.0077771
28 -6.75853 -6.69811 0.00782122
29 -6.75136 -6.69995 0.0077669
30 -6.74344 -6.7014 0.00764233
31 -6.73255 -6.7024 0.00745968
32 -6.72307 -6.70305 0.00725161
33 -6.71643 -6.70345 0.00704012
34 -6.70963 -6.70363 0.00683233
35 -6.70112 -6.70356 0.00663464
36 -6.69026 -6.70319 0.00645829
37 -6.67863 -6.70253 0.0063163
38 -6.66652 -6.70158 0.00622043
39 -6.65698 -6.70044 0.0061658
40 -6.65415 -6.69928 0.00612009
41 -6.6541 -6.69818 0.00606984
42 -6.65366 -6.69712 0.00601766
43 -6.65309 -6.69609 0.00596461
44 -6.65133 -6.69508 0.00591563
45 -6.64591 -6.69398 0.00588498
46 -6.63411 -6.69268 0.00590097
47 -6.62121 -6.69116 0.00597098
48 -6.60848 -6.68944 0.00609381
49 -6.59892 -6.68759 0.00624752
50 -6.60007 -6.68584 0.00636667
51 -6.61312 -6.68442 0.00640143
52 -6.63285 -6.68342 0.00635497
53 -6.6587 -6.68296 0.00625135
54 -6.69576 -6.68319 0.00613907
55 -6.73231 -6.68409 0.00609223
56 -6.76553 -6.68554 0.00615668
57 -6.79719 -6.6875 0.00635697
58 -6.81897 -6.68977 0.00664495
59 -6.82656 -6.69209 0.00693067
60 -6.81901 -6.6942 0.00713496
61 -6.79868 -6.69591 0.00722301
62 -6.76985 -6.69711 0.00720493
63 -6.73309 -6.69768 0.00711262
64 -6.6959 -6.69765 0.00700066
65 -6.66603 -6.69716 0.00690926
66 -6.64058 -6.69631 0.00685758
67 -6.624 -6.69523 0.00684013
68 -6.61654 -6.69407 0.00683742
69 -6.61856 -6.69298 0.00682588
70 -6.6337 -6.69213 0.00678074
71 -6.65766 -6.69164 0.00670216
72 -6.68674 -6.69158 0.00660877
73 -6.71747 -6.69193 0.00652726
74 -6.74871 -6.6927 0.006484
75 -6.77257 -6.69376 0.006485
76 -6.78708 -6.69499 0.00651584
77 -6.79365 -6.69627 0.00655706
78 -6.7903 -6.69748 0.00658376
79 -6.77681 -6.69848 0.006577
80 -6.75777 -6.69922 0.00653642
81 -6.73419 -6.69965 0.00646964
82 -6.71129 -6.6998 0.00639183
83 -6.69566 -6.69975 0.00631454
84 -6.68846 -6.69961 0.00624036
85 -6.68943 -6.69949 0.00616767
86 -6.69878 -6.69948 0.00609554
87 -6.71052 -6.69961 0.0060264
88 -6.72259 -6.69987 0.00596325
89 -6.73275 -6.70024 0.00590743
90 -6.73637 -6.70064 0.0058552
91 -6.73665 -6.70104 0.00580401
92 -6.72994 -6.70135 0.00574916
93 -6.72166 -6.70157 0.0056912
94 -6.70671 -6.70163 0.00563059
95 -6.68987 -6.7015 0.00557238
96 -6.67643 -6.70124 0.00552021
97 -6.66611 -6.70088 0.005475
98 -6.659 -6.70045 0.00543567
99 -6.65381 -6.69998 0.00540106
100 -6.65337 -6.69951 0.00536706
1 -6.65415 -6.65415 0
2 -6.65079 -6.65247 0.00167657
3 -6.64473 -6.64989 0.00275557
4 -6.63717 -6.64671 0.0037289
5 -6.62714 -6.6428 0.00486457
6 -6.61297 -6.63782 0.00636296
7 -6.60146 -6.63263 0.00747753
8 -6.5905 -6.62736 0.00834696
9 -6.58133 -6.62225 0.00896349
10 -6.5727 -6.61729 0.00942484
11 -6.56871 -6.61288 0.00960103
12 -6.56724 -6.60907 0.0095539
13 -6.56851 -6.60595 0.00932575
14 -6.57749 -6.60392 0.0088701
15 -6.59148 -6.60309 0.00829917
16 -6.60913 -6.60347 0.00777233
17 -6.63129 -6.6051 0.00748198
18 -6.65744 -6.60801 0.00762975
19 -6.68296 -6.61196 0.00822465
20 -6.70941 -6.61683 0.00919904
21 -6.7334 -6.62238 0.0103623
22 -6.75338 -6.62834 0.0115357
23 -6.76064 -6.63409 0.0124335
24 -6.75694 -6.63921 0.012958
25 -6.73966 -6.64322 0.0130623
26 -6.71069 -6.64582 0.0128153
27 -6.67155 -6.64677 0.0123683
28 -6.62802 -6.6461 0.0119372
29 -6.58339 -6.64394 0.0117195
30 -6.539 -6.64044 0.0118501
31 -6.50041 -6.63592 0.0123195
32 -6.47283 -6.63083 0.0129715
33 -6.45685 -6.62556 0.0136329
34 -6.45613 -6.62057 0.0141335
35 -6.47108 -6.6163 0.014373
36 -6.49905 -6.61305 0.0143428
37 -6.53534 -6.61094 0.0141069
38 -6.5775 -6.61006 0.0137589
39 -6.61981 -6.61031 0.0134038
40 -6.65926 -6.61154 0.0131216
41 -6.69687 -6.61362 0.0129657
42 -6.7289 -6.61636 0.0129475
43 -6.75863 -6.61967 0.0130686
44 -6.78203 -6.62336 0.0132906
45 -6.79983 -6.62728 0.0135708
46 -6.81354 -6.63133 0.0138764
47 -6.82129 -6.63538 0.0141667
48 -6.82464 -6.63932 0.0144181
49 -6.82161 -6.64304 0.0146026
50 -6.81371 -6.64645 0.0147091
51 -6.7978 -6.64942 0.0147201
52 -6.77539 -6.65184 0.0146361
53 -6.74695 -6.65364 0.014469
54 -6.71484 -6.65477 0.0142437
55 -6.67983 -6.65523 0.0139897
56 -6.64772 -6.65509 0.0137383
57 -6.62007 -6.65448 0.0135091
58 -6.59767 -6.6535 0.0133102
59 -6.58702 -6.65237 0.0131311
60 -6.58856 -6.65131 0.0129541
61 -6.59831 -6.65044 0.0127696
62 -6.61753 -6.64991 0.0125731
63 -6.63713 -6.64971 0.0123736
64 -6.66131 -6.64989 0.0121801
65 -6.6763 -6.65029 0.0119981
66 -6.68799 -6.65086 0.0118287
67 -6.69068 -6.65146 0.011666
68 -6.68158 -6.6519 0.0115017
69 -6.66699 -6.65212 0.0113359
70 -6.64828 -6.65207 0.0111729
71 -6.62934 -6.65174 0.0110191
72 -6.61436 -6.65123 0.0108773
73 -6.60432 -6.65058 0.0107465
74 -6.60401 -6.64995 0.010619
75 -6.60864 -6.6494 0.0104909
76 -6.61786 -6.64899 0.0103603
77 -6.63122 -6.64876 0.0102274
78 -6.64529 -6.64871 0.0100956
79 -6.65459 -6.64879 0.00996722
80 -6.66318 -6.64897 0.00984349
81 -6.66631 -6.64918 0.00972356
82 -6.66163 -6.64933 0.00960545
83 -6.65815 -6.64944 0.00948961
84 -6.65273 -6.64948 0.00937604
85 -6.6506 -6.64949 0.00926509
86 -6.64847 -6.64948 0.00915673
87 -6.65124 -6.6495 0.00905089
88 -6.6546 -6.64956 0.00894763
89 -6.66186 -6.6497 0.00884761
90 -6.67053 -6.64993 0.00875181
91 -6.67802 -6.65024 0.0086606
92 -6.68553 -6.65062 0.00857454
93 -6.69649 -6.65111 0.00849617
94 -6.70736 -6.65171 0.00842657
95 -6.71725 -6.6524 0.00836589
96 -6.72901 -6.6532 0.00831667
97 -6.73907 -6.65408 0.00827795
98 -6.74802 -6.65504 0.00824892
99 -6.75196 -6.65602 0.00822365
100 -6.7519 -6.65698 0.00819726
1 -6.74069 -6.74069 0
2 -6.72573 -6.73321 0.00747906
3 -6.70825 -6.72489 0.00937419
4 -6.68581 -6.71512 0.0118072
5 -6.66084 -6.70426 0.014195
6 -6.63736 -6.69311 0.0160827
7 -6.61554 -6.68203 0.0175373
8 -6.59534 -6.67119 0.0186577
9 -6.583 -6.6614 0.0191513
10 -6.57718 -6.65297 0.0190875
11 -6.582 -6.64652 0.0184316
12 -6.59874 -6.64254 0.0172905
13 -6.62105 -6.64089 0.0159906
14 -6.64965 -6.64151 0.0148177
15 -6.68217 -6.64422 0.0140582
16 -6.71519 -6.64866 0.0138781
17 -6.74864 -6.65454 0.0143016
18 -6.77676 -6.66133 0.0150967
19 -6.79803 -6.66852 0.0159902
20 -6.80825 -6.67551 0.016701
21 -6.80683 -6.68176 0.0170723
22 -6.79744 -6.68702 0.0171059
23 -6.7756 -6.69087 0.0167929
24 -6.75083 -6.69337 0.0162709
25 -6.72485 -6.69463 0.0156572
26 -6.69931 -6.69481 0.015044
27 -6.67938 -6.69424 0.0144874
28 -6.6674 -6.69328 0.0139933
29 -6.66412 -6.69227 0.0135395
30 -6.66384 -6.69133 0.0131147
31 -6.66434 -6.69046 0.0127145
32 -6.66538 -6.68967 0.0123356
33 -6.66795 -6.68901 0.0119741
34 -6.67182 -6.68851 0.0116276
35 -6.67669 -6.68817 0.0112955
36 -6.67807 -6.68789 0.0109809
37 -6.67403 -6.68752 0.0106865
38 -6.66486 -6.68692 0.0104186
39 -6.65405 -6.68608 0.0101828
40 -6.63929 -6.68491 0.00999369
41 -6.62815 -6.68352 0.00984469
42 -6.6197 -6.682 0.00972688
43 -6.61897 -6.68054 0.00961043
44 -6.62463 -6.67927 0.00947505
45 -6.63516 -6.67829 0.00931382
46 -6.64848 -6.67764 0.00913212
47 -6.65852 -6.67723 0.00894496
48 -6.66794 -6.67704 0.00875876
49 -6.67569 -6.67701 0.00857819
50 -6.68414 -6.67715 0.00840609
51 -6.69304 -6.67747 0.00824549
52 -6.70618 -6.67802 0.00810421
53 -6.71842 -6.67878 0.0079863
54 -6.73156 -6.67976 0.00789771
55 -6.74031 -6.68086 0.00783058
56 -6.7453 -6.68201 0.00777511
57 -6.73979 -6.68302 0.00770446
58 -6.7243 -6.68373 0.00760383
59 -6.70626 -6.68412 0.00748358
60 -6.69025 -6.68422 0.00735851
61 -6.67814 -6.68412 0.00723756
62 -6.67924 -6.68404 0.0071203
63 -6.69213 -6.68417 0.00700755
64 -6.71484 -6.68465 0.00691382
65 -6.74148 -6.68552 0.00686254
66 -6.76691 -6.68675 0.00686936
67 -6.78753 -6.68826 0.00693121
68 -6.80111 -6.68992 0.0070273
69 -6.80855 -6.69164 0.00713496
70 -6.80903 -6.69331 0.00722951
71 -6.80917 -6.69495 0.00731138
72 -6.80297 -6.69645 0.00736359
73 -6.7909 -6.69774 0.00737638
74 -6.77493 -6.69878 0.00735039
75 -6.75517 -6.69954 0.0072906
76 -6.7303 -6.69994 0.00720541
77 -6.70836 -6.70005 0.00711205
78 -6.68879 -6.69991 0.00702177
79 -6.67268 -6.69956 0.00694087
80 -6.66385 -6.69911 0.00686809
81 -6.66173 -6.69865 0.00679845
82 -6.6671 -6.69827 0.00672605
83 -6.6774 -6.69802 0.00664927
84 -6.68923 -6.69791 0.00657047
85 -6.7018 -6.69796 0.00649287
86 -6.71051 -6.6981 0.00641859
87 -6.71809 -6.69833 0.00634854
88 -6.72123 -6.69859 0.00628137
89 -6.71679 -6.6988 0.00621376
90 -6.70528 -6.69887 0.00614475
91 -6.69006 -6.69877 0.00607762
92 -6.67047 -6.69847 0.00601906
93 -6.65318 -6.69798 0.00597388
94 -6.6415 -6.69738 0.00594044
95 -6.63438 -6.69671 0.00591487
96 -6.63809 -6.6961 0.0058847
97 -6.64863 -6.69561 0.00584425
98 -6.66433 -6.6953 0.00579312
99 -6.6834 -6.69518 0.00573556
100 -6.70297 -6.69525 0.00567845
1 -6.72856 -6.72856 0
2 -6.74704 -6.7378 0.00924071
3 -6.76187 -6.74583 0.00963614
4 -6.77157 -6.75226 0.00937255
5 -6.7727 -6.75635 0.00833143
6 -6.76885 -6.75843 0.00711431
7 -6.75671 -6.75819 0.0060177
8 -6.73967 -6.75587 0.00570225
9 -6.71895 -6.75177 0.00648996
10 -6.69348 -6.74594 0.00822618
11 -6.66765 -6.73882 0.0102964
12 -6.64379 -6.7309 0.0122909
13 -6.61955 -6.72234 0.0141845
14 -6.60106 -6.71368 0.0157323
15 -6.58588 -6.70516 0.0169438
16 -6.57181 -6.69682 0.017907
17 -6.56218 -6.6889 0.0185921
18 -6.5567 -6.68156 0.0190054
19 -6.55614 -6.67496 0.0191508
20 -6.56083 -6.66925 0.0190431
21 -6.57092 -6.66457 0.018709
22 -6.58417 -6.66091 0.0182088
23 -6.59629 -6.6581 0.0176245
24 -6.60949 -6.65608 0.0169953
25 -6.61716 -6.65452 0.0163755
26 -6.62361 -6.65333 0.0157779
27 -6.62966 -6.65246 0.0152075
28 -6.63653 -6.65189 0.0146654
29 -6.64896 -6.65179 0.014151
30 -6.66801 -6.65233 0.0136819
31 -6.69432 -6.65368 0.0133023
32 -6.72896 -6.65603 0.013093
33 -6.76444 -6.65932 0.0131083
34 -6.79871 -6.66342 0.0133614
35 -6.82611 -6.66807 0.0137817
36 -6.84369 -6.67295 0.0142542
37 -6.8482 -6.67768 0.0146505
38 -6.83874 -6.68192 0.0148762
39 -6.82036 -6.68547 0.0149183
40 -6.79291 -6.68816 0.0147865
41 -6.76352 -6.68999 0.014538
42 -6.73943 -6.69117 0.0142364
43 -6.71925 -6.69182 0.0139167
44 -6.70961 -6.69223 0.0136028
45 -6.70835 -6.69259 0.0133019
46 -6.71127 -6.69299 0.0130158
47 -6.71484 -6.69346 0.0127444
48 -6.72037 -6.69402 0.0124886
49 -6.72402 -6.69463 0.0122464
50 -6.72273 -6.69519 0.0120121
51 -6.72015 -6.69568 0.0117844
52 -6.71417 -6.69604 0.011561
53 -6.70565 -6.69622 0.0113423
54 -6.69413 -6.69618 0.0111303
55 -6.68081 -6.6959 0.0109296
56 -6.66701 -6.69538 0.0107451
57 -6.65282 -6.69464 0.0105813
58 -6.6411 -6.69372 0.0104381
59 -6.62801 -6.6926 0.01032
60 -6.61908 -6.69138 0.0102202
61 -6.60915 -6.69003 0.0101413
62 -6.59996 -6.68858 0.0100816
63 -6.59327 -6.68706 0.0100349
64 -6.58629 -6.68549 0.0100016
65 -6.58197 -6.6839 0.00997451
66 -6.58144 -6.68234 0.00994413
67 -6.58917 -6.68095 0.00989282
68 -6.59855 -6.67974 0.00982129
69 -6.61408 -6.67879 0.00972458
70 -6.63536 -6.67817 0.0096047
71 -6.65875 -6.6779 0.00947241
72 -6.68317 -6.67797 0.00934021
73 -6.70701 -6.67837 0.00921996
74 -6.72555 -6.679 0.00911683
75 -6.73743 -6.67978 0.00902812
76 -6.74132 -6.68059 0.00894525
77 -6.74115 -6.68138 0.00886328
78 -6.73642 -6.68208 0.00877733
79 -6.72662 -6.68265 0.00868383
80 -6.71905 -6.6831 0.00858665
81 -6.71489 -6.6835 0.00848906
82 -6.71237 -6.68385 0.00839229
83 -6.7107 -6.68417 0.00829687
84 -6.70718 -6.68445 0.00820208
85 -6.70311 -6.68467 0.00810798
86 -6.69955 -6.68484 0.00801502
87 -6.6936 -6.68494 0.007923
88 -6.68443 -6.68493 0.00783245
89 -6.67569 -6.68483 0.00774464
90 -6.66563 -6.68462 0.00766107
91 -6.65774 -6.68432 0.00758217
92 -6.6527 -6.68398 0.00750718
93 -6.64933 -6.6836 0.00743535
94 -6.64834 -6.68323 0.00736539
95 -6.65201 -6.6829 0.00729485
96 -6.65806 -6.68264 0.0072231
97 -6.67107 -6.68252 0.00714924
98 -6.68331 -6.68253 0.00707592
99 -6.70029 -6.68271 0.00700638
100 -6.71318 -6.68301 0.00694265
1 -6.72368 -6.72368 0
2 -6.72915 -6.72642 0.00273349
3 -6.73289 -6.72858 0.00267493
4 -6.73519 -6.73023 0.00251268
5 -6.73373 -6.73093 0.00206807
6 -6.7301 -6.73079 0.00169416
7 -6.72059 -6.72933 0.00204339
8 -6.7087 -6.72675 0.00312826
9 -6.69341 -6.72305 0.00461932
10 -6.6819 -6.71893 0.0058311
11 -6.67094 -6.71457 0.00684541
12 -6.66614 -6.71053 0.00743889
13 -6.66763 -6.70723 0.00759709
14 -6.67706 -6.70508 0.00735627
15 -6.69662 -6.70452 0.0068715
16 -6.71976 -6.70547 0.00649794
17 -6.74596 -6.70785 0.00655205
18 -6.76659 -6.71111 0.00698638
19 -6.77958 -6.71472 0.00752718
20 -6.78892 -6.71843 0.0080473
21 -6.78738 -6.72171 0.00832893
22 -6.7802 -6.72437 0.00837447
23 -6.76636 -6.72619 0.00820767
24 -6.74451 -6.72696 0.0078952
25 -6.72568 -6.72691 0.00757298
26 -6.70449 -6.72604 0.0073268
27 -6.68423 -6.7245 0.00721827
28 -6.66384 -6.72233 0.0072852
29 -6.64276 -6.71959 0.00754605
30 -6.62044 -6.71628 0.00800425
31 -6.60385 -6.71265 0.00854917
32 -6.59264 -6.7089 0.00908763
33 -6.58782 -6.70523 0.00954169
34 -6.58838 -6.7018 0.00987426
35 -6.59416 -6.69872 0.0100691
36 -6.60326 -6.69607 0.0101384
37 -6.61606 -6.69391 0.0100949
38 -6.62742 -6.69216 0.00998023
39 -6.63831 -6.69078 0.00981851
40 -6.65014 -6.68976 0.00962367
41 -6.65822 -6.68899 0.00941748
42 -6.66659 -6.68846 0.00920599
43 -6.67056 -6.68804 0.00899898
44 -6.67517 -6.68775 0.00879694
45 -6.67719 -6.68752 0.00860243
46 -6.67872 -6.68732 0.00841552
47 -6.67762 -6.68712 0.00823711
48 -6.67507 -6.68687 0.00806758
49 -6.66918 -6.68651 0.00790946
50 -6.66146 -6.68601 0.00776582
51 -6.65335 -6.68536 0.00763891
52 -6.64104 -6.68451 0.00753891
53 -6.6311 -6.6835 0.00746366
54 -6.6216 -6.68236 0.00741332
55 -6.61049 -6.68105 0.00739367
56 -6.60262 -6.67965 0.00739429
57 -6.59457 -6.67816 0.00741518
58 -6.59047 -6.67665 0.00744142
59 -6.59042 -6.67519 0.00745879
60 -6.59978 -6.67393 0.00744033
61 -6.61702 -6.673 0.00737658
62 -6.64193 -6.67249 0.00727391
63 -6.67394 -6.67252 0.00715755
64 -6.70997 -6.6731 0.00706909
65 -6.74193 -6.67416 0.00703958
66 -6.77074 -6.67562 0.00708487
67 -6.79415 -6.67739 0.00719906
68 -6.80835 -6.67932 0.00734922
69 -6.81822 -6.68133 0.0075165
70 -6.82029 -6.68332 0.00766968
71 -6.8203 -6.68525 0.00780316
72 -6.81421 -6.68704 0.00789976
73 -6.80313 -6.68863 0.00795144
74 -6.78525 -6.68993 0.0079512
75 -6.76464 -6.69093 0.00790746
76 -6.73802 -6.69155 0.00782728
77 -6.71093 -6.6918 0.00772906
78 -6.68421 -6.6917 0.00762995
79 -6.65652 -6.69126 0.0075459
80 -6.63277 -6.69053 0.00748677
81 -6.61928 -6.68965 0.0074459
82 -6.60894 -6.68866 0.00742011
83 -6.60875 -6.6877 0.00739313
84 -6.61749 -6.68687 0.00735225
85 -6.62733 -6.68616 0.00729892
86 -6.64244 -6.68566 0.00723144
87 -6.65429 -6.6853 0.00715693
88 -6.66379 -6.68505 0.00707935
89 -6.6694 -6.68488 0.00700157
90 -6.66536 -6.68466 0.00692673
91 -6.65945 -6.68438 0.00685578
92 -6.65068 -6.68402 0.00679074
93 -6.64338 -6.68358 0.00673152
94 -6.63817 -6.6831 0.00667702
95 -6.64165 -6.68266 0.00662075
96 -6.65462 -6.68237 0.00655793
97 -6.66945 -6.68223 0.00649134
98 -6.68623 -6.68227 0.00642489
99 -6.70276 -6.68248 0.00636303
100 -6.71925 -6.68285 0.0063098
1 -6.73642 -6.73642 0
2 -6.75193 -6.74418 0.00775322
3 -6.76975 -6.7527 0.00962948
4 -6.78624 -6.76109 0.0108014
5 -6.79968 -6.76881 0.0113827
6 -6.80909 -6.77552 0.011465
7 -6.81272 -6.78083 0.0110514
8 -6.80811 -6.78424 0.01016
9 -6.79688 -6.78565 0.00906967
10 -6.78453 -6.78554 0.00811293
11 -6.77142 -6.78425 0.00744975
12 -6.76034 -6.78226 0.00708671
13 -6.75057 -6.77982 0.00695977
14 -6.74206 -6.77713 0.00698526
15 -6.73419 -6.77426 0.00710489
16 -6.72885 -6.77142 0.00722668
17 -6.72286 -6.76857 0.00736501
18 -6.71454 -6.76557 0.00756474
19 -6.70129 -6.76218 0.00791484
20 -6.68256 -6.7582 0.00849876
21 -6.65881 -6.75347 0.00936748
22 -6.63277 -6.74798 0.0104819
23 -6.60618 -6.74182 0.0117612
24 -6.58035 -6.73509 0.0131173
25 -6.56163 -6.72815 0.0143681
26 -6.55051 -6.72132 0.0154028
27 -6.54783 -6.71489 0.0161543
28 -6.55492 -6.70918 0.016582
29 -6.56923 -6.70435 0.0167119
30 -6.59202 -6.70061 0.0165738
31 -6.61803 -6.69795 0.0162501
32 -6.64156 -6.69618 0.0158325
33 -6.6608 -6.69511 0.0153826
34 -6.67494 -6.69452 0.0149351
35 -6.68164 -6.69415 0.0145068
36 -6.68224 -6.69382 0.0141019
37 -6.67857 -6.69341 0.0137217
38 -6.67249 -6.69286 0.0133671
39 -6.66262 -6.69208 0.0130429
40 -6.64992 -6.69103 0.0127562
41 -6.63483 -6.68966 0.0125165
42 -6.62013 -6.688 0.0123265
43 -6.60805 -6.68614 0.0121792
44 -6.59912 -6.68416 0.0120624
45 -6.60088 -6.68231 0.0119357
46 -6.60949 -6.68073 0.0117802
47 -6.62505 -6.67955 0.0115876
48 -6.64677 -6.67886 0.0113641
49 -6.67196 -6.67872 0.0111307
50 -6.69797 -6.67911 0.0109126
51 -6.72037 -6.67992 0.010727
52 -6.739 -6.68105 0.0105799
53 -6.75123 -6.68238 0.0104625
54 -6.755 -6.68372 0.0103546
55 -6.75313 -6.68498 0.0102427
56 -6.746 -6.68607 0.0101169
57 -6.73623 -6.68695 0.00997675
58 -6.72519 -6.68761 0.00982537
59 -6.71862 -6.68814 0.0096717
60 -6.71379 -6.68857 0.00951874
61 -6.71682 -6.68903 0.00937285
62 -6.71769 -6.68949 0.00923201
63 -6.71927 -6.68996 0.00909659
64 -6.71801 -6.6904 0.00896404
65 -6.71051 -6.69071 0.00883048
66 -6.69918 -6.69084 0.0086966
67 -6.68286 -6.69072 0.00856664
68 -6.66662 -6.69037 0.00844716
69 -6.6538 -6.68984 0.00834069
70 -6.64289 -6.68917 0.00824799
71 -6.63466 -6.6884 0.00816715
72 -6.62901 -6.68757 0.00809506
73 -6.62916 -6.68677 0.0080234
74 -6.63176 -6.68603 0.00794908
75 -6.64042 -6.68542 0.00786592
76 -6.65034 -6.68496 0.00777544
77 -6.66241 -6.68467 0.00767939
78 -6.67349 -6.68452 0.00758165
79 -6.68598 -6.68454 0.00748509
80 -6.69784 -6.68471 0.0073928
81 -6.70642 -6.68498 0.00730588
82 -6.71596 -6.68535 0.00722612
83 -6.72799 -6.68587 0.00715698
84 -6.74061 -6.68652 0.00710123
85 -6.7499 -6.68726 0.0070567
86 -6.75567 -6.68806 0.00701938
87 -6.75601 -6.68884 0.00698204
88 -6.74666 -6.6895 0.00693345
89 -6.7294 -6.68995 0.00686974
90 -6.7085 -6.69015 0.00679611
91 -6.68658 -6.69011 0.00672113
92 -6.66554 -6.68985 0.00665304
93 -6.65558 -6.68948 0.00659142
94 -6.65703 -6.68913 0.00653005
95 -6.6676 -6.68891 0.00646492
96 -6.68368 -6.68885 0.00639746
97 -6.70387 -6.68901 0.00633305
98 -6.72729 -6.6894 0.00628026
99 -6.74568 -6.68997 0.00624244
100 -6.75712 -6.69064 0.00621608
1 -6.76146 -6.76146 0
2 -6.75846 -6.75996 0.00149971
3 -6.7453 -6.75508 0.00496327
4 -6.726 -6.74781 0.00807156
5 -6.6993 -6.73811 0.0115419
6 -6.66819 -6.72645 0.0149864
7 -6.63597 -6.71353 0.0180968
8 -6.60454 -6.6999 0.0207661
9 -6.57705 -6.68625 0.0228418
10 -6.5566 -6.67329 0.0241972
11 -6.54647 -6.66176 0.0247378
12 -6.55023 -6.65247 0.0244201
13 -6.57227 -6.6463 0.023295
14 -6.60501 -6.64335 0.0217677
15 -6.65177 -6.64391 0.0202724
16 -6.70164 -6.64752 0.0193033
17 -6.7561 -6.6539 0.0192243
18 -6.80509 -6.6623 0.0199764
19 -6.84598 -6.67197 0.0212252
20 -6.87985 -6.68237 0.0226605
21 -6.90063 -6.69276 0.0239294
22 -6.90744 -6.70252 0.024815
23 -6.90329 -6.71125 0.0252673
24 -6.88821 -6.71862 0.0252903
25 -6.86613 -6.72452 0.0249648
26 -6.83251 -6.72867 0.0243424
27 -6.79588 -6.73116 0.0235554
28 -6.75657 -6.73207 0.0227167
29 -6.71529 -6.73149 0.021927
30 -6.67712 -6.72968 0.0212609
31 -6.64452 -6.72693 0.0207463
32 -6.61954 -6.72358 0.0203659
33 -6.60371 -6.71994 0.0200706
34 -6.60371 -6.71653 0.0197691
35 -6.61841 -6.71372 0.0193996
36 -6.64771 -6.71189 0.018942
37 -6.6844 -6.71115 0.0184379
38 -6.72127 -6.71141 0.0179481
39 -6.75241 -6.71246 0.0175134
40 -6.7732 -6.71398 0.0171373
41 -6.78155 -6.71563 0.0167952
42 -6.78138 -6.71719 0.016465
43 -6.77604 -6.71856 0.0161357
44 -6.76655 -6.71965 0.0158024
45 -6.75456 -6.72043 0.0154667
46 -6.73884 -6.72083 0.015132
47 -6.72317 -6.72088 0.0148067
48 -6.70427 -6.72053 0.014499
49 -6.68275 -6.71976 0.014221
50 -6.66012 -6.71857 0.0139846
51 -6.64068 -6.71704 0.0137925
52 -6.62571 -6.71529 0.0136382
53 -6.61182 -6.71333 0.0135201
54 -6.60223 -6.71128 0.013426
55 -6.59616 -6.70918 0.0133448
56 -6.59529 -6.70715 0.0132612
57 -6.59722 -6.70522 0.0131685
58 -6.60572 -6.70351 0.0130527
59 -6.61892 -6.70207 0.0129094
60 -6.64242 -6.70108 0.0127313
61 -6.66846 -6.70054 0.0125323
62 -6.6968 -6.70048 0.0123286
63 -6.72117 -6.70081 0.0121358
64 -6.74253 -6.70146 0.0119624
65 -6.75713 -6.70232 0.011808
66 -6.7625 -6.70323 0.0116635
67 -6.76445 -6.70414 0.0115243
68 -6.7577 -6.70493 0.0113809
69 -6.74633 -6.70553 0.0112308
70 -6.73221 -6.70591 0.0110757
71 -6.72226 -6.70614 0.010921
72 -6.70979 -6.70619 0.0107684
73 -6.69769 -6.70608 0.0106205
74 -6.69005 -6.70586 0.0104782
75 -6.6814 -6.70553 0.0103427
76 -6.67226 -6.7051 0.0102151
77 -6.6638 -6.70456 0.0100958
78 -6.65938 -6.70398 0.00998238
79 -6.65255 -6.70333 0.00987669
80 -6.65106 -6.70268 0.00977432
81 -6.65467 -6.70208 0.00967107
82 -6.66675 -6.70165 0.00956211
83 -6.68922 -6.7015 0.00944739
84 -6.72289 -6.70176 0.00933772
85 -6.7627 -6.70248 0.00925502
86 -6.7962 -6.70357 0.00921146
87 -6.82314 -6.70494 0.00920811
88 -6.83687 -6.70644 0.00922551
89 -6.83761 -6.70791 0.00923957
90 -6.82251 -6.70919 0.00922464
91 -6.79847 -6.71017 0.00917532
92 -6.76605 -6.71077 0.00909535
93 -6.73553 -6.71104 0.00900096
94 -6.70572 -6.71098 0.00890487
95 -6.68379 -6.7107 0.00881528
96 -6.67399 -6.71032 0.00873135
97 -6.6737 -6.70994 0.00864911
98 -6.68083 -6.70964 0.00856555
99 -6.68972 -6.70944 0.00848098
100 -6.70512 -6.7094 0.00839585
1 -6.71582 -6.71582 0
2 -6.72437 -6.72009 0.00427837
3 -6.72769 -6.72263 0.00353696
4 -6.72415 -6.72301 0.00252981
5 -6.71464 -6.72133 0.00257701
6 -6.69932 -6.71766 0.00423
7 -6.6776 -6.71194 0.00674799
8 -6.65298 -6.70457 0.00940596
9 -6.63133 -6.69643 0.0116205
10 -6.61457 -6.68825 0.0132306
11 -6.60785 -6.68094 0.0140228
12 -6.61433 -6.67539 0.0139526
13 -6.63026 -6.67191 0.0132957
14 -6.65313 -6.67057 0.0123823
15 -6.68032 -6.67122 0.0115456
16 -6.71063 -6.67369 0.0110772
17 -6.74003 -6.67759 0.0111131
18 -6.76106 -6.68223 0.0114578
19 -6.77682 -6.6872 0.0119269
20 -6.78362 -6.69203 0.012299
21 -6.78272 -6.69634 0.0124704
22 -6.77238 -6.6998 0.0123822
23 -6.75609 -6.70225 0.012082
24 -6.7303 -6.70342 0.0116266
25 -6.69846 -6.70322 0.0111536
26 -6.66421 -6.70172 0.0108205
27 -6.63005 -6.69906 0.010745
28 -6.60533 -6.69572 0.0108819
29 -6.58405 -6.69186 0.0111838
30 -6.57525 -6.68798 0.0114826
31 -6.57311 -6.68427 0.0117078
32 -6.58157 -6.68106 0.0117816
33 -6.59202 -6.67836 0.0117335
34 -6.60388 -6.67617 0.011592
35 -6.61923 -6.67455 0.0113729
36 -6.63313 -6.6734 0.0111122
37 -6.64585 -6.67265 0.0108333
38 -6.65466 -6.67218 0.010555
39 -6.66181 -6.67191 0.0102842
40 -6.66885 -6.67184 0.0100241
41 -6.67418 -6.67189 0.00977674
42 -6.67648 -6.672 0.00954174
43 -6.68009 -6.67219 0.0093191
44 -6.68371 -6.67245 0.0091086
45 -6.69028 -6.67285 0.00891269
46 -6.69862 -6.67341 0.00873477
47 -6.70672 -6.67412 0.00857625
48 -6.71601 -6.67499 0.00844092
49 -6.72173 -6.67594 0.00832172
50 -6.72715 -6.67697 0.00821764
51 -6.73317 -6.67807 0.00812992
52 -6.73887 -6.67924 0.00805732
53 -6.74341 -6.68045 0.00799602
54 -6.74825 -6.68171 0.00794637
55 -6.75203 -6.68298 0.00790467
56 -6.755 -6.68427 0.00786804
57 -6.75482 -6.68551 0.00782725
58 -6.75361 -6.68668 0.00778022
59 -6.7515 -6.68778 0.00772572
60 -6.74533 -6.68874 0.00765618
61 -6.73592 -6.68951 0.00756925
62 -6.72534 -6.69009 0.00746854
63 -6.71135 -6.69043 0.00735678
64 -6.69937 -6.69057 0.00724226
65 -6.69096 -6.69057 0.00712998
66 -6.68159 -6.69044 0.00702243
67 -6.67333 -6.69018 0.00692154
68 -6.66707 -6.68984 0.00682746
69 -6.66354 -6.68946 0.00673857
70 -6.66152 -6.68906 0.00665359
71 -6.66036 -6.68866 0.00657165
72 -6.66335 -6.68831 0.00648926
73 -6.66801 -6.68803 0.00640579
74 -6.67088 -6.6878 0.00632288
75 -6.67452 -6.68762 0.00624052
76 -6.67608 -6.68747 0.00615973
77 -6.67412 -6.6873 0.00608168
78 -6.66959 -6.68707 0.00600749
79 -6.65975 -6.68672 0.00594103
80 -6.64734 -6.68623 0.00588692
81 -6.63586 -6.68561 0.00584695
82 -6.62502 -6.68487 0.00582228
83 -6.61884 -6.68407 0.00580647
84 -6.62041 -6.68332 0.00578677
85 -6.62758 -6.68266 0.00575576
86 -6.64014 -6.68217 0.00570989
87 -6.66002 -6.68191 0.00564961
88 -6.67752 -6.68186 0.00558526
89 -6.69462 -6.682 0.00552401
90 -6.70789 -6.68229 0.00546985
91 -6.71461 -6.68265 0.00542106
92 -6.71412 -6.68299 0.00537271
93 -6.71048 -6.68329 0.00532284
94 -6.70021 -6.68347 0.00526898
95 -6.68964 -6.68353 0.00521363
96 -6.67914 -6.68348 0.00515924
97 -6.67223 -6.68337 0.00510709
98 -6.67149 -6.68325 0.00505616
99 -6.67669 -6.68318 0.00500527
100 -6.69064 -6.68326 0.00495552
1 -6.70938 -6.70938 0
2 -6.72749 -6.71844 0.00905976
3 -6.74545 -6.72744 0.0104148
4 -6.7573 -6.73491 0.0104863
5 -6.76116 -6.74016 0.00967195
6 -6.75678 -6.74293 0.00836881
7 -6.73724 -6.74211 0.00711951
8 -6.70899 -6.73797 0.00742713
9 -6.67361 -6.73082 0.00969779
10 -6.63815 -6.72155 0.0126933
11 -6.60588 -6.71104 0.0155696
12 -6.58478 -6.70052 0.0176838
13 -6.58064 -6.6913 0.0186987
14 -6.58923 -6.684 0.018784
15 -6.60718 -6.67888 0.0182215
16 -6.63037 -6.67585 0.0173123
17 -6.65463 -6.6746 0.0163099
18 -6.67481 -6.67461 0.0153771
19 -6.69234 -6.67555 0.0145752
20 -6.70822 -6.67718 0.0139234
21 -6.71968 -6.6792 0.0133975
22 -6.72677 -6.68137 0.0129557
23 -6.73165 -6.68355 0.0125711
24 -6.73712 -6.68578 0.0122411
25 -6.74297 -6.68807 0.011962
26 -6.74603 -6.6903 0.0117069
27 -6.74759 -6.69242 0.0114631
28 -6.74652 -6.69436 0.0112138
29 -6.74216 -6.696 0.010945
30 -6.73318 -6.69724 0.0106463
31 -6.72407 -6.69811 0.0103334
32 -6.70978 -6.69847 0.010012
33 -6.69158 -6.69826 0.00970607
34 -6.67584 -6.6976 0.00943934
35 -6.66007 -6.69653 0.00922822
36 -6.64934 -6.69522 0.00906352
37 -6.64179 -6.69378 0.00893265
38 -6.63633 -6.69227 0.00882487
39 -6.63465 -6.69079 0.00872165
40 -6.6328 -6.68934 0.00862354
41 -6.63365 -6.68798 0.00851955
42 -6.63014 -6.6866 0.00842753
43 -6.62256 -6.68511 0.00836291
44 -6.61502 -6.68352 0.00832448
45 -6.6045 -6.68176 0.00832472
46 -6.59762 -6.67994 0.00834469
47 -6.59266 -6.67808 0.0083737
48 -6.59385 -6.67632 0.0083831
49 -6.59863 -6.67474 0.00836194
50 -6.61299 -6.6735 0.00828556
51 -6.63217 -6.67269 0.0081618
52 -6.65411 -6.67233 0.00801128
53 -6.67839 -6.67245 0.0078595
54 -6.69807 -6.67292 0.00772716
55 -6.71195 -6.67363 0.00761849
56 -6.71854 -6.67444 0.00752407
57 -6.71825 -6.6752 0.00743075
58 -6.71144 -6.67583 0.0073282
59 -6.70152 -6.67626 0.00721607
60 -6.68628 -6.67643 0.00709675
61 -6.67138 -6.67635 0.00697993
62 -6.65778 -6.67605 0.00687296
63 -6.64617 -6.67557 0.00677959
64 -6.63625 -6.67496 0.00670105
65 -6.63021 -6.67427 0.00663298
66 -6.62304 -6.6735 0.00657767
67 -6.62158 -6.67272 0.00652493
68 -6.62412 -6.67201 0.00646786
69 -6.6282 -6.67137 0.00640497
70 -6.63195 -6.67081 0.00633788
71 -6.63564 -6.67031 0.00626758
72 -6.64239 -6.66992 0.00619207
73 -6.6491 -6.66964 0.00611332
74 -6.65836 -6.66949 0.00603207
75 -6.66456 -6.66942 0.00595146
76 -6.67083 -6.66944 0.00587266
77 -6.67484 -6.66951 0.00579631
78 -6.67956 -6.66964 0.00572297
79 -6.68109 -6.66978 0.00565192
80 -6.68249 -6.66994 0.00558308
81 -6.68678 -6.67015 0.00551764
82 -6.69025 -6.6704 0.00545544
83 -6.69435 -6.67068 0.00539704
84 -6.70003 -6.67103 0.00534383
85 -6.70357 -6.67142 0.00529445
86 -6.70168 -6.67177 0.00524435
87 -6.70013 -6.67209 0.00519396
88 -6.69459 -6.67235 0.00514095
89 -6.68145 -6.67245 0.00508389
90 -6.66788 -6.6724 0.00502734
91 -6.65517 -6.67221 0.00497539
92 -6.6439 -6.6719 0.00493063
93 -6.6383 -6.67154 0.00489069
94 -6.64278 -6.67124 0.00484804
95 -6.65075 -6.67102 0.00480159
96 -6.66429 -6.67095 0.00475183
97 -6.67859 -6.67103 0.00470324
98 -6.69198 -6.67124 0.00465991
99 -6.70336 -6.67157 0.00462399
100 -6.71175 -6.67197 0.00459512
1 -6.71004 -6.71004 0
2 -6.70839 -6.70921 0.000821186
3 -6.70285 -6.70709 0.00217388
4 -6.69874 -6.70501 0.00259297
5 -6.69435 -6.70287 0.00292894
6 -6.69229 -6.70111 0.00297177
7 -6.68786 -6.69922 0.00314516
8 -6.68552 -6.6975 0.00321688
9 -6.68543 -6.69616 0.00313842
10 -6.68842 -6.69539 0.00291202
11 -6.69296 -6.69517 0.00264325
12 -6.69648 -6.69528 0.00241543
13 -6.697 -6.69541 0.00222582
14 -6.69468 -6.69536 0.00206136
15 -6.6855 -6.6947 0.00202853
16 -6.66796 -6.69303 0.00252841
17 -6.64653 -6.69029 0.00362243
18 -6.62834 -6.68685 0.00484891
19 -6.62043 -6.68336 0.00576706
20 -6.62434 -6.6804 0.00621618
21 -6.6392 -6.67844 0.00622978
22 -6.66053 -6.67763 0.00599544
23 -6.68553 -6.67797 0.00573912
24 -6.70776 -6.67921 0.00563327
25 -6.72585 -6.68108 0.00571624
26 -6.73639 -6.68321 0.00588968
27 -6.7418 -6.68538 0.00606869
28 -6.74058 -6.68735 0.00617131
29 -6.73676 -6.68905 0.00619369
30 -6.72673 -6.69031 0.00611403
31 -6.71204 -6.69101 0.00595491
32 -6.69681 -6.69119 0.00576866
33 -6.68815 -6.6911 0.00559188
34 -6.68322 -6.69087 0.00542987
35 -6.68652 -6.69074 0.00527391
36 -6.70321 -6.69109 0.00513701
37 -6.7217 -6.69192 0.0050643
38 -6.74383 -6.69328 0.00511501
39 -6.76423 -6.6951 0.00530387
40 -6.77718 -6.69715 0.00556198
41 -6.78121 -6.6992 0.00579912
42 -6.77545 -6.70102 0.00594343
43 -6.76106 -6.70242 0.00596919
44 -6.73533 -6.70316 0.00587975
45 -6.70193 -6.70314 0.00574767
46 -6.66711 -6.70235 0.00567563
47 -6.635 -6.70092 0.0057355
48 -6.6065 -6.69895 0.00594932
49 -6.58253 -6.69658 0.00629243
50 -6.56529 -6.69395 0.00670113
51 -6.55373 -6.6912 0.00712063
52 -6.54761 -6.68844 0.00750858
53 -6.54602 -6.68575 0.00784041
54 -6.55135 -6.68326 0.0080864
55 -6.56369 -6.68109 0.00823034
56 -6.57992 -6.67928 0.00828149
57 -6.60218 -6.67793 0.0082466
58 -6.62902 -6.67709 0.00814693
59 -6.65677 -6.67674 0.00801506
60 -6.68471 -6.67688 0.00788146
61 -6.71164 -6.67745 0.00777211
62 -6.73503 -6.67837 0.00770193
63 -6.75372 -6.67957 0.00767246
64 -6.7682 -6.68096 0.00767755
65 -6.77238 -6.68236 0.00768827
66 -6.76822 -6.68366 0.00768184
67 -6.76177 -6.68483 0.0076556
68 -6.75093 -6.6858 0.00760456
69 -6.74409 -6.68665 0.00754101
70 -6.73962 -6.6874 0.00747092
71 -6.73679 -6.6881 0.00739773
72 -6.73254 -6.68871 0.00732033
73 -6.7257 -6.68922 0.00723711
74 -6.71419 -6.68956 0.00714661
75 -6.69871 -6.68968 0.00705174
76 -6.67631 -6.68951 0.00696056
77 -6.65428 -6.68905 0.00688478
78 -6.63459 -6.68835 0.00683171
79 -6.61528 -6.68742 0.00680779
80 -6.60207 -6.68636 0.0068063
81 -6.59383 -6.68522 0.00681811
82 -6.59405 -6.6841 0.00682561
83 -6.60148 -6.68311 0.00681596
84 -6.61642 -6.68231 0.00678096
85 -6.63733 -6.68179 0.00672157
86 -6.66008 -6.68153 0.00664775
87 -6.68496 -6.68157 0.00657101
88 -6.70975 -6.68189 0.0065038
89 -6.72642 -6.68239 0.00644975
90 -6.74027 -6.68304 0.00641002
91 -6.74623 -6.68373 0.00637711
92 -6.74723 -6.68442 0.00634507
93 -6.74364 -6.68506 0.00630868
94 -6.74056 -6.68565 0.00626908
95 -6.73831 -6.6862 0.00622746
96 -6.73257 -6.68668 0.00618115
97 -6.73125 -6.68714 0.00613432
98 -6.72882 -6.68757 0.00608628
99 -6.72586 -6.68796 0.00603689
100 -6.71707 -6.68825 0.00598331
