1 1.09917 1.09917 0
2 1.09625 1.09771 0.00145936
3 1.09109 1.0955 0.00236197
4 1.08342 1.09248 0.00345071
5 1.07289 1.08856 0.00474378
6 1.05902 1.08364 0.00626429
7 1.04125 1.07758 0.00804343
8 1.01891 1.07025 0.0101152
9 0.991294 1.06148 0.0125117
10 0.95779 1.05111 0.0152559
11 0.918002 1.03901 0.0183534
12 0.871946 1.02509 0.0217835
13 0.820259 1.00933 0.0254905
14 0.76441 0.991835 0.0293767
15 0.706719 0.972827 0.033305
16 0.65019 0.952663 0.0371105
17 0.598095 0.931806 0.0406224
18 0.553378 0.910782 0.0436901
19 0.518178 0.890119 0.0462046
20 0.493528 0.870289 0.0481102
21 0.479322 0.851672 0.0494041
22 0.474448 0.834525 0.0501286
23 0.477111 0.818985 0.0503572
24 0.485168 0.805076 0.0501796
25 0.496476 0.792732 0.0496883
26 0.509169 0.781826 0.048969
27 0.521826 0.772196 0.0480943
28 0.533511 0.763672 0.0471223
29 0.543769 0.756089 0.0460963
30 0.552532 0.749304 0.0450472
31 0.559979 0.743197 0.0439958
32 0.566369 0.737671 0.0429557
33 0.571908 0.732648 0.0419356
34 0.576699 0.728061 0.0409412
35 0.580701 0.723851 0.0399766
36 0.583794 0.71996 0.0390446
37 0.585888 0.716337 0.0381471
38 0.587024 0.712934 0.0372853
39 0.587396 0.709715 0.0364591
40 0.587334 0.706655 0.0356674
41 0.587233 0.703742 0.0349083
42 0.587458 0.700974 0.0341793
43 0.588261 0.698352 0.0334778
44 0.589798 0.695885 0.032801
45 0.592095 0.693579 0.0321466
46 0.595025 0.691436 0.0315129
47 0.59833 0.689455 0.0308987
48 0.60162 0.687626 0.0303035
49 0.604497 0.685929 0.029727
50 0.606632 0.684343 0.0291696
51 0.607833 0.682843 0.0286312
52 0.608121 0.681406 0.028112
53 0.607703 0.680015 0.0276115
54 0.606908 0.678661 0.0271292
55 0.606108 0.677342 0.026664
56 0.605612 0.676061 0.0262148
57 0.605632 0.674826 0.0257804
58 0.60629 0.673644 0.0253596
59 0.60761 0.672525 0.0249512
60 0.609516 0.671475 0.0245543
61 0.611826 0.670497 0.0241682
62 0.614248 0.66959 0.0237925
63 0.616369 0.668745 0.023427
64 0.617778 0.667949 0.0230718
65 0.618129 0.667182 0.022727
66 0.617227 0.666425 0.0223928
67 0.615121 0.665659 0.0220693
68 0.612127 0.664872 0.0217566
69 0.608802 0.66406 0.0214544
70 0.60578 0.663227 0.021162
71 0.603516 0.662386 0.0208788
72 0.602042 0.661548 0.0206038
73 0.600944 0.660718 0.0203366
74 0.599574 0.659891 0.0200769
75 0.597383 0.659058 0.0198249
76 0.594189 0.658204 0.0195809
77 0.590201 0.657321 0.0193451
78 0.585954 0.656406 0.0191174
79 0.582162 0.655467 0.0188973
80 0.579561 0.654518 0.0186836
81 0.578789 0.653583 0.0184752
82 0.580275 0.652689 0.0182704
83 0.584137 0.651863 0.0180678
84 0.590153 0.651128 0.0178665
85 0.597841 0.650501 0.0176662
86 0.606575 0.649991 0.0174671
87 0.615715 0.649597 0.0172696
88 0.624687 0.649314 0.0170746
89 0.633027 0.649131 0.0168826
90 0.640366 0.649033 0.0166943
91 0.646429 0.649005 0.0165098
92 0.650984 0.649026 0.0163294
93 0.653841 0.649078 0.016153
94 0.654897 0.64914 0.0159803
95 0.654124 0.649192 0.0158113
96 0.651591 0.649217 0.0156457
97 0.647439 0.649199 0.0154836
98 0.641856 0.649124 0.015325
99 0.635008 0.648981 0.0151701
100 0.627054 0.648762 0.0150192
1 1.08657 1.08657 0
2 1.06749 1.07703 0.00954049
3 1.04381 1.06596 0.012368
4 1.01651 1.0536 0.0151434
5 0.987032 1.04028 0.0177435
6 0.957123 1.02642 0.0200498
7 0.928497 1.01243 0.0219738
8 0.902523 0.998696 0.0234712
9 0.880113 0.98552 0.0245373
10 0.86181 0.973149 0.0251934
11 0.848055 0.961777 0.0254682
12 0.839377 0.951577 0.0253883
13 0.836349 0.942713 0.0249793
14 0.839304 0.935327 0.0242773
15 0.848004 0.929505 0.0233386
16 0.861403 0.925249 0.0222423
17 0.877812 0.922458 0.0210785
18 0.895357 0.920953 0.01993
19 0.912393 0.920502 0.0188573
20 0.927694 0.920862 0.0178932
21 0.940385 0.921791 0.0170452
22 0.949749 0.923062 0.0163016
23 0.955209 0.92446 0.0156393
24 0.956435 0.925792 0.0150326
25 0.953443 0.926898 0.0144611
26 0.946627 0.927657 0.0139145
27 0.936714 0.927993 0.0133934
28 0.924496 0.927868 0.0129069
29 0.910604 0.927272 0.0124681
30 0.895403 0.92621 0.012092
31 0.879076 0.92469 0.0117939
32 0.861976 0.92273 0.0115863
33 0.845029 0.920375 0.0114739
34 0.830048 0.917719 0.011444
35 0.81956 0.914914 0.0114607
36 0.815949 0.912165 0.011472
37 0.820182 0.909679 0.0114312
38 0.831209 0.907614 0.0113164
39 0.846537 0.906048 0.0111331
40 0.863418 0.904982 0.0109034
41 0.879672 0.904365 0.010652
42 0.893932 0.904116 0.0103983
43 0.905437 0.904147 0.0101536
44 0.913812 0.904367 0.00992262
45 0.918878 0.904689 0.00970497
46 0.920604 0.905035 0.00949795
47 0.91909 0.905334 0.00929848
48 0.914585 0.905527 0.00910474
49 0.907494 0.905567 0.00891708
50 0.898367 0.905423 0.00873811
51 0.887815 0.905078 0.00857202
52 0.876435 0.904527 0.00842358
53 0.864733 0.903776 0.00829716
54 0.853303 0.902842 0.00819553
55 0.843016 0.901754 0.00811834
56 0.835114 0.900564 0.00806038
57 0.830961 0.899343 0.00801132
58 0.831494 0.898173 0.00795842
59 0.836686 0.897131 0.00789149
60 0.845543 0.896271 0.00780634
61 0.856579 0.89562 0.00770483
62 0.868261 0.895179 0.00759237
63 0.879351 0.894928 0.00747511
64 0.888933 0.894834 0.00735798
65 0.896391 0.894858 0.00724393
66 0.901348 0.894956 0.00713401
67 0.903551 0.895085 0.0070279
68 0.902814 0.895198 0.00692471
69 0.899004 0.895253 0.00682384
70 0.892075 0.895208 0.0067258
71 0.882139 0.895024 0.00663295
72 0.86951 0.89467 0.00654977
73 0.854773 0.894123 0.0064825
74 0.838781 0.893375 0.00643789
75 0.8226 0.892432 0.00642119
76 0.807353 0.891312 0.00643427
77 0.794096 0.89005 0.00647445
78 0.783671 0.888686 0.00653481
79 0.776725 0.887268 0.00660539
80 0.773745 0.885849 0.00667488
81 0.775058 0.884482 0.00673237
82 0.780707 0.883216 0.00676911
83 0.790202 0.882095 0.00678031
84 0.802465 0.881147 0.00676585
85 0.81602 0.880381 0.00672954
86 0.829397 0.879788 0.0066772
87 0.841451 0.879348 0.0066147
88 0.851477 0.879031 0.00654676
89 0.859123 0.878807 0.00647665
90 0.864224 0.878645 0.00640633
91 0.86667 0.878514 0.00633691
92 0.866307 0.878381 0.00626905
93 0.863102 0.878217 0.00620345
94 0.857352 0.877995 0.00614112
95 0.849935 0.877699 0.00608331
96 0.842265 0.87733 0.00603091
97 0.835952 0.876904 0.00598364
98 0.832241 0.876448 0.00593977
99 0.831629 0.875995 0.00589687
100 0.833819 0.875574 0.00585282
1 1.10262 1.10262 0
2 1.10348 1.10305 0.000432406
3 1.10217 1.10276 0.000383982
4 1.09883 1.10178 0.00101867
5 1.09383 1.10019 0.00177423
6 1.08764 1.0981 0.00254367
7 1.08077 1.09562 0.00327885
8 1.0737 1.09288 0.00394623
9 1.06687 1.08999 0.00452376
10 1.06053 1.08704 0.00500525
11 1.05466 1.0841 0.00540029
12 1.04921 1.08119 0.0057233
13 1.04444 1.07836 0.00597572
14 1.04114 1.07571 0.00613835
15 1.04028 1.07334 0.00618335
16 1.04255 1.07142 0.00609585
17 1.04804 1.07004 0.00588885
18 1.05625 1.06928 0.0056047
19 1.06623 1.06912 0.00530393
20 1.07685 1.0695 0.00504658
21 1.08677 1.07033 0.00487013
22 1.09458 1.07143 0.0047726
23 1.0989 1.07262 0.00471419
24 1.0986 1.0737 0.00464142
25 1.09313 1.07448 0.00451919
26 1.08283 1.0748 0.00435375
27 1.06897 1.07459 0.00419497
28 1.05373 1.07384 0.00411046
29 1.03954 1.07266 0.00413883
30 1.02819 1.07118 0.00426437
31 1.0202 1.06953 0.00444028
32 1.01481 1.06782 0.00462693
33 1.01069 1.06609 0.00480713
34 1.00666 1.06434 0.00498042
35 1.00207 1.06256 0.00515295
36 0.996929 1.06074 0.00532932
37 0.991851 1.05888 0.00550754
38 0.988 1.05701 0.00567587
39 0.986874 1.05521 0.00581359
40 0.989629 1.05357 0.00589885
41 0.996246 1.05218 0.00592065
42 1.00516 1.05106 0.00588542
43 1.01382 1.05019 0.00581182
44 1.01995 1.0495 0.00571963
45 1.02273 1.04891 0.00562265
46 1.02288 1.04834 0.0055281
47 1.02182 1.04778 0.00543857
48 1.02047 1.04721 0.00535438
49 1.01876 1.04663 0.00527602
50 1.01615 1.04602 0.00520524
51 1.01219 1.04536 0.0051451
52 1.00654 1.04461 0.0051001
53 0.999247 1.04375 0.00507563
54 0.991068 1.04278 0.00507541
55 0.983524 1.0417 0.00509743
56 0.978181 1.04057 0.00513248
57 0.975813 1.03943 0.00516804
58 0.97614 1.03834 0.00519407
59 0.978374 1.03732 0.00520546
60 0.981744 1.0364 0.00520112
61 0.985683 1.03557 0.00518227
62 0.989744 1.03483 0.00515129
63 0.993409 1.03417 0.00511132
64 0.996203 1.03358 0.00506567
65 0.997942 1.03303 0.00501717
66 0.998871 1.03251 0.0049676
67 0.999562 1.03202 0.00491754
68 1.0005 1.03155 0.0048668
69 1.00158 1.03112 0.00481538
70 1.00181 1.0307 0.00476453
71 0.999655 1.03026 0.00471725
72 0.994099 1.02976 0.00467832
73 0.985827 1.02916 0.00465287
74 0.977738 1.02846 0.00464188
75 0.97388 1.02774 0.00463704
76 0.977212 1.02707 0.00462366
77 0.987814 1.02656 0.00459161
78 1.00316 1.02626 0.00454228
79 1.0198 1.02618 0.00448516
80 1.03483 1.02629 0.00443006
81 1.04641 1.02654 0.00438207
82 1.0537 1.02687 0.00434096
83 1.05654 1.02723 0.00430321
84 1.05518 1.02756 0.00426468
85 1.0501 1.02782 0.00422254
86 1.04193 1.02799 0.00417638
87 1.03135 1.02803 0.00412827
88 1.01929 1.02793 0.0040823
89 1.00704 1.02769 0.00404299
90 0.996228 1.02734 0.00401307
91 0.988451 1.02692 0.00399167
92 0.984678 1.02646 0.00397465
93 0.984737 1.02601 0.00395719
94 0.987479 1.0256 0.00393626
95 0.991469 1.02524 0.00391114
96 0.995633 1.02493 0.00388246
97 0.999427 1.02467 0.00385121
98 1.00279 1.02444 0.00381824
99 1.00603 1.02426 0.00378405
100 1.00973 1.02411 0.00374883
1 1.1036 1.1036 0
2 1.1079 1.10575 0.00214567
3 1.11284 1.10811 0.00266851
4 1.11812 1.11061 0.00313257
5 1.12307 1.1131 0.00347731
6 1.12689 1.1154 0.00365214
7 1.12879 1.11731 0.00363096
8 1.12823 1.11868 0.00342765
9 1.12514 1.1194 0.00310707
10 1.12006 1.11946 0.00277985
11 1.114 1.11897 0.00256308
12 1.10799 1.11805 0.00251211
13 1.10267 1.11687 0.00259594
14 1.09798 1.11552 0.00275613
15 1.09319 1.11403 0.0029665
16 1.08728 1.11236 0.00323958
17 1.07938 1.11042 0.00360876
18 1.06891 1.10811 0.00411012
19 1.05574 1.10536 0.00476584
20 1.04024 1.1021 0.00557169
21 1.02346 1.09836 0.0064892
22 1.00745 1.09422 0.00744027
23 0.995199 1.08992 0.00831147
24 0.990047 1.08576 0.00897999
25 0.994465 1.08211 0.00935542
26 1.00903 1.0793 0.00941754
27 1.03222 1.07755 0.0092282
28 1.06104 1.07696 0.00891204
29 1.09175 1.07747 0.00861435
30 1.12074 1.07891 0.00844628
31 1.14532 1.08106 0.00844543
32 1.16434 1.08366 0.00858139
33 1.178 1.08652 0.00879492
34 1.18704 1.08947 0.00903001
35 1.19181 1.0924 0.00924286
36 1.19208 1.09517 0.00939953
37 1.18732 1.09766 0.00947516
38 1.17722 1.09975 0.00945714
39 1.16192 1.10135 0.00934838
40 1.142 1.10236 0.00916818
41 1.11828 1.10275 0.0089502
42 1.09178 1.10249 0.0087384
43 1.06396 1.10159 0.00857969
44 1.03725 1.10013 0.00850904
45 1.0153 1.09825 0.00852874
46 1.00212 1.09616 0.00859904
47 1.00017 1.09411 0.00865838
48 1.00891 1.09234 0.00865993
49 1.02497 1.09096 0.00859209
50 1.04368 1.09002 0.00847143
51 1.06082 1.08945 0.00832339
52 1.0734 1.08914 0.00816758
53 1.07997 1.08896 0.00801386
54 1.08047 1.08881 0.00786563
55 1.07601 1.08857 0.0077248
56 1.06862 1.08822 0.00759397
57 1.06062 1.08773 0.00747524
58 1.05398 1.08715 0.00736825
59 1.04987 1.08652 0.00726979
60 1.04895 1.08589 0.00717497
61 1.05165 1.08533 0.00707866
62 1.05807 1.08489 0.00697743
63 1.06776 1.08462 0.00687117
64 1.07999 1.08455 0.00676334
65 1.09393 1.08469 0.00666004
66 1.10867 1.08506 0.00656841
67 1.12314 1.08562 0.00649455
68 1.13615 1.08637 0.00644133
69 1.14651 1.08724 0.00640686
70 1.15313 1.08818 0.00638445
71 1.15529 1.08913 0.00636447
72 1.15314 1.09001 0.00633813
73 1.14799 1.09081 0.00630095
74 1.14199 1.0915 0.00625359
75 1.1372 1.09211 0.00619966
76 1.13452 1.09267 0.00614294
77 1.1336 1.0932 0.0060859
78 1.13342 1.09372 0.00602947
79 1.13284 1.09421 0.00597323
80 1.13086 1.09467 0.00591586
81 1.12689 1.09507 0.0058559
82 1.12089 1.09538 0.00579261
83 1.11327 1.0956 0.00572645
84 1.10468 1.0957 0.0056589
85 1.09579 1.09571 0.00559193
86 1.08718 1.09561 0.00552741
87 1.07933 1.09542 0.00546671
88 1.07271 1.09516 0.00541039
89 1.06768 1.09485 0.00535816
90 1.06441 1.09451 0.00530908
91 1.06273 1.09417 0.00526202
92 1.06223 1.09382 0.00521607
93 1.0626 1.09348 0.00517059
94 1.06395 1.09317 0.00512492
95 1.06682 1.09289 0.00507827
96 1.07202 1.09267 0.00502979
97 1.08021 1.09255 0.00497933
98 1.09155 1.09253 0.00492826
99 1.1054 1.09266 0.00487996
100 1.12032 1.09294 0.00483882
1 1.11248 1.11248 0
2 1.12315 1.11782 0.00533427
3 1.13001 1.12188 0.0051002
4 1.13256 1.12455 0.00448623
5 1.13102 1.12584 0.00370777
6 1.12621 1.1259 0.003028
7 1.11913 1.12494 0.0027362
8 1.11049 1.12313 0.0029792
9 1.1005 1.12062 0.00363649
10 1.08895 1.11745 0.00453917
11 1.07555 1.11364 0.00560088
12 1.06017 1.10918 0.00678222
13 1.04306 1.1041 0.00804931
14 1.02482 1.09844 0.00935964
15 1.00636 1.0923 0.0106586
16 0.988919 1.08584 0.0118807
17 0.974028 1.07926 0.0129538
18 0.963251 1.07281 0.0138092
19 0.957818 1.06676 0.0143962
20 0.95818 1.06133 0.014697
21 0.963753 1.05669 0.0147316
22 0.973089 1.05289 0.014551
23 0.984321 1.04991 0.0142199
24 0.995747 1.04765 0.0138003
25 1.00627 1.04599 0.0133399
26 1.01554 1.04482 0.01287
27 1.02378 1.04404 0.0124086
28 1.03147 1.04359 0.0119657
29 1.03894 1.04343 0.0115468
30 1.04603 1.04352 0.0111556
31 1.05204 1.04379 0.0107933
32 1.05591 1.04417 0.0104574
33 1.0567 1.04455 0.0101427
34 1.05411 1.04483 0.00984383
35 1.0487 1.04494 0.00955908
36 1.0418 1.04486 0.00929017
37 1.03503 1.04459 0.00903949
38 1.02987 1.0442 0.00880692
39 1.02726 1.04377 0.00858913
40 1.02744 1.04336 0.00838159
41 1.03013 1.04304 0.00818098
42 1.03455 1.04284 0.00798637
43 1.03969 1.04276 0.00779878
44 1.04448 1.0428 0.00761957
45 1.04815 1.04292 0.00744927
46 1.05027 1.04308 0.00728728
47 1.05063 1.04324 0.00713235
48 1.04895 1.04336 0.00698319
49 1.04501 1.04339 0.00683928
50 1.03914 1.04331 0.00670164
51 1.03263 1.0431 0.00657225
52 1.02718 1.04279 0.00645189
53 1.02423 1.04244 0.00633867
54 1.02456 1.04211 0.00622899
55 1.0283 1.04186 0.00611984
56 1.03516 1.04174 0.00601076
57 1.04458 1.04179 0.00590457
58 1.05599 1.04204 0.00580704
59 1.06899 1.04249 0.00572602
60 1.08344 1.04318 0.00567099
61 1.09934 1.0441 0.00565273
62 1.11636 1.04526 0.00568165
63 1.13354 1.04666 0.00576366
64 1.14919 1.04826 0.00589477
65 1.16137 1.05 0.00605861
66 1.16836 1.0518 0.00622977
67 1.1691 1.05355 0.00638099
68 1.16334 1.05516 0.00649046
69 1.15158 1.05656 0.00654658
70 1.13518 1.05768 0.0065494
71 1.11628 1.05851 0.00650903
72 1.09769 1.05905 0.00644102
73 1.08224 1.05937 0.00636011
74 1.0721 1.05954 0.00627593
75 1.06805 1.05966 0.00619272
76 1.06946 1.05979 0.00611206
77 1.07453 1.05998 0.00603519
78 1.08072 1.06024 0.00596325
79 1.0854 1.06056 0.00589589
80 1.08648 1.06089 0.00583073
81 1.08291 1.06116 0.00576471
82 1.07477 1.06132 0.00569639
83 1.06305 1.06134 0.00562738
84 1.04932 1.0612 0.00556183
85 1.03526 1.0609 0.00550447
86 1.0224 1.06045 0.00545848
87 1.01191 1.05989 0.00542414
88 1.00446 1.05926 0.00539901
89 1.0002 1.0586 0.0053791
90 0.998578 1.05793 0.00536064
91 0.998415 1.05728 0.00534159
92 0.998114 1.05663 0.0053222
93 0.996233 1.05598 0.00530457
94 0.99208 1.0553 0.00529168
95 0.986244 1.05458 0.00528591
96 0.980792 1.05381 0.00528673
97 0.978846 1.05303 0.00528871
98 0.98333 1.05232 0.00528257
99 0.995455 1.05175 0.00526039
100 1.01396 1.05137 0.00522121
1 1.12027 1.12027 0
2 1.13999 1.13013 0.00986172
3 1.15597 1.13874 0.0103244
4 1.16776 1.146 0.0102928
5 1.17648 1.15209 0.0100363
6 1.18408 1.15742 0.00977587
7 1.19245 1.16243 0.00965913
8 1.2024 1.16742 0.00974387
9 1.21317 1.17251 0.00998381
10 1.2227 1.17753 0.0102439
11 1.22869 1.18218 0.010368
12 1.22969 1.18614 0.0102594
13 1.22567 1.18918 0.00991508
14 1.21788 1.19123 0.00940576
15 1.20817 1.19236 0.00882885
16 1.19815 1.19272 0.00826655
17 1.18869 1.19248 0.00776868
18 1.17996 1.19179 0.00735736
19 1.17158 1.19072 0.00704014
20 1.1631 1.18934 0.00682016
21 1.15434 1.18768 0.00669798
22 1.14548 1.18576 0.00666801
23 1.13695 1.18364 0.00671563
24 1.12907 1.18136 0.0068199
25 1.12188 1.17898 0.00696062
26 1.11521 1.17653 0.00712314
27 1.10885 1.17402 0.00729825
28 1.1028 1.17148 0.00747864
29 1.09727 1.16892 0.00765639
30 1.09244 1.16637 0.00782384
31 1.08833 1.16385 0.00797501
32 1.085 1.16139 0.00810541
33 1.08264 1.159 0.00821043
34 1.08175 1.15673 0.008283
35 1.08299 1.15462 0.00831428
36 1.08669 1.15274 0.00829749
37 1.09252 1.15111 0.00823258
38 1.09942 1.14975 0.00812764
39 1.10584 1.14862 0.00799615
40 1.11041 1.14767 0.00785203
41 1.11235 1.14681 0.0077064
42 1.11185 1.14598 0.00756658
43 1.11001 1.14514 0.00743572
44 1.10847 1.14431 0.0073124
45 1.10873 1.14351 0.00719164
46 1.11137 1.14282 0.00706819
47 1.11573 1.14224 0.00694014
48 1.12026 1.14178 0.00680942
49 1.12329 1.1414 0.00667967
50 1.12366 1.14105 0.00655434
51 1.12089 1.14065 0.00643669
52 1.11522 1.14017 0.00633062
53 1.10741 1.13955 0.0062407
54 1.09851 1.13879 0.00617101
55 1.08973 1.1379 0.00612309
56 1.08218 1.1369 0.00609453
57 1.07673 1.13584 0.00607901
58 1.07389 1.13478 0.00606805
59 1.07373 1.13374 0.00605339
60 1.07585 1.13278 0.00602935
61 1.07947 1.1319 0.00599374
62 1.08375 1.13113 0.0059472
63 1.08823 1.13045 0.00589153
64 1.093 1.12986 0.00582818
65 1.09857 1.12938 0.00575797
66 1.1053 1.12901 0.00568178
67 1.11297 1.12877 0.00560145
68 1.12105 1.12866 0.00551963
69 1.12928 1.12867 0.00543906
70 1.13775 1.1288 0.00536236
71 1.1461 1.12904 0.00529191
72 1.15303 1.12938 0.00522851
73 1.15717 1.12976 0.00517043
74 1.15837 1.13014 0.00511472
75 1.15763 1.13051 0.00505936
76 1.15631 1.13085 0.00500387
77 1.15525 1.13117 0.00494861
78 1.15455 1.13147 0.00489394
79 1.15371 1.13175 0.0048398
80 1.15194 1.132 0.00478558
81 1.14863 1.13221 0.00473058
82 1.14371 1.13235 0.00467464
83 1.13761 1.13241 0.00461841
84 1.13073 1.13239 0.00456314
85 1.123 1.13228 0.00451049
86 1.11365 1.13206 0.004463
87 1.10184 1.13171 0.00442506
88 1.08833 1.13122 0.00440218
89 1.07732 1.13062 0.00439437
90 1.07523 1.13 0.00438863
91 1.08511 1.12951 0.00436809
92 1.10351 1.12922 0.00432958
93 1.12446 1.12917 0.00428308
94 1.1439 1.12933 0.00424016
95 1.15968 1.12965 0.00420744
96 1.17028 1.13007 0.00418484
97 1.17455 1.13053 0.00416678
98 1.17227 1.13096 0.00414598
99 1.16429 1.13129 0.00411768
100 1.15242 1.13151 0.00408176
1 1.08689 1.08689 0
2 1.07378 1.08034 0.00655441
3 1.06184 1.07417 0.00723317
4 1.05054 1.06826 0.00781512
5 1.03887 1.06239 0.00843813
6 1.02607 1.05633 0.00917074
7 1.01194 1.04999 0.0100142
8 0.997125 1.04338 0.0109034
9 0.983044 1.03668 0.0117224
10 0.971591 1.03017 0.0123408
11 0.964414 1.02419 0.0126625
12 0.962138 1.01902 0.0126632
13 0.964003 1.01479 0.0123935
14 0.968193 1.01146 0.0119471
15 0.97272 1.00888 0.0114181
16 0.97622 1.00684 0.0108739
17 0.978416 1.00516 0.0103502
18 0.980049 1.00377 0.00985748
19 0.982424 1.00265 0.00939168
20 0.986791 1.00185 0.00894493
21 0.993969 1.00148 0.00851661
22 1.00413 1.0016 0.00812116
23 1.01671 1.00226 0.0077878
24 1.03043 1.00343 0.00754811
25 1.0437 1.00504 0.00741692
26 1.05521 1.00697 0.00738254
27 1.06444 1.0091 0.0074159
28 1.07172 1.01133 0.00748796
29 1.07787 1.01363 0.00758067
30 1.08363 1.01596 0.00768638
31 1.08917 1.01832 0.00780034
32 1.09379 1.02068 0.00791224
33 1.09616 1.02297 0.00800257
34 1.09493 1.02509 0.00804692
35 1.08923 1.02692 0.00802564
36 1.079 1.02837 0.00793257
37 1.06483 1.02935 0.0077779
38 1.04791 1.02984 0.00758618
39 1.02997 1.02984 0.00738911
40 1.01322 1.02943 0.00721399
41 0.999791 1.0287 0.00707287
42 0.991143 1.02781 0.00696011
43 0.987676 1.02688 0.00686011
44 0.988804 1.02601 0.00675801
45 0.993285 1.02528 0.00664604
46 0.999731 1.02473 0.00652365
47 1.00701 1.02435 0.00639446
48 1.01447 1.02415 0.00626321
49 1.02195 1.0241 0.00613422
50 1.02959 1.02421 0.00601129
51 1.03763 1.02447 0.00589811
52 1.04617 1.02489 0.00579861
53 1.05506 1.02546 0.00571656
54 1.06401 1.02617 0.00565494
55 1.07255 1.02702 0.00561485
56 1.08007 1.02796 0.00559448
57 1.08582 1.02898 0.00558842
58 1.0891 1.03002 0.00558821
59 1.08953 1.03103 0.00558452
60 1.08726 1.03196 0.00557009
61 1.08312 1.0328 0.00554184
62 1.07843 1.03354 0.00550118
63 1.07453 1.03419 0.00545211
64 1.07216 1.03478 0.00539894
65 1.07139 1.03534 0.00534499
66 1.07206 1.0359 0.0052927
67 1.0742 1.03647 0.00524435
68 1.07786 1.03708 0.00520238
69 1.08263 1.03774 0.00516876
70 1.08746 1.03845 0.00514366
71 1.09122 1.03919 0.00512489
72 1.0934 1.03995 0.00510898
73 1.09439 1.04069 0.00509341
74 1.09498 1.04143 0.0050774
75 1.09562 1.04215 0.00506109
76 1.09608 1.04286 0.00504422
77 1.09582 1.04355 0.00502557
78 1.09459 1.0442 0.0050037
79 1.09291 1.04482 0.00497829
80 1.09211 1.04541 0.00495108
81 1.0939 1.04601 0.00492608
82 1.09977 1.04666 0.00490961
83 1.11033 1.04743 0.00491038
84 1.1249 1.04835 0.00493845
85 1.14154 1.04945 0.00500163
86 1.15756 1.05071 0.00510047
87 1.17029 1.05208 0.00522553
88 1.17782 1.05351 0.00535978
89 1.17933 1.05492 0.00548455
90 1.17514 1.05626 0.00558536
91 1.16652 1.05747 0.00565496
92 1.15533 1.05853 0.0056934
93 1.14351 1.05945 0.00570549
94 1.13265 1.06023 0.00569794
95 1.12365 1.06089 0.00567703
96 1.11675 1.06148 0.00564764
97 1.11181 1.062 0.00561315
98 1.10852 1.06247 0.00557582
99 1.10645 1.06291 0.00553706
100 1.10516 1.06334 0.00549767
1 1.09857 1.09857 0
2 1.09757 1.09807 0.000503227
3 1.097 1.09771 0.00045887
4 1.09656 1.09743 0.00043425
5 1.09558 1.09706 0.000499448
6 1.09336 1.09644 0.000738492
7 1.08944 1.09544 0.00117939
8 1.0837 1.09397 0.00178795
9 1.07643 1.09202 0.0025069
10 1.0683 1.08965 0.00326398
11 1.06028 1.08698 0.003981
12 1.05322 1.08417 0.00459607
13 1.04746 1.08134 0.00508382
14 1.04271 1.07858 0.00545618
15 1.03853 1.07591 0.00573868
16 1.03499 1.07336 0.00594629
17 1.03263 1.07096 0.0060777
18 1.03195 1.06879 0.00612623
19 1.03312 1.06692 0.00609142
20 1.03608 1.06537 0.00598096
21 1.04069 1.0642 0.00580922
22 1.04675 1.0634 0.00559539
23 1.05391 1.06299 0.00536251
24 1.06162 1.06293 0.00513453
25 1.06941 1.06319 0.00493168
26 1.07758 1.06375 0.00477039
27 1.08708 1.06461 0.00467093
28 1.09847 1.06582 0.00466065
29 1.11089 1.06737 0.00475805
30 1.1224 1.06921 0.00494914
31 1.13119 1.07121 0.00518766
32 1.13645 1.07325 0.00542093
33 1.13818 1.07521 0.00561042
34 1.1367 1.07702 0.00573542
35 1.13225 1.0786 0.00578836
36 1.12498 1.07989 0.00577092
37 1.11511 1.08084 0.00569294
38 1.10333 1.08143 0.00557262
39 1.09093 1.08168 0.00543332
40 1.07959 1.08162 0.005296
41 1.07084 1.08136 0.0051719
42 1.06562 1.08099 0.00506116
43 1.06406 1.08059 0.00495771
44 1.0657 1.08025 0.00485553
45 1.0698 1.08002 0.00475209
46 1.07552 1.07992 0.00464867
47 1.08204 1.07997 0.00454891
48 1.08853 1.08015 0.0044567
49 1.09418 1.08043 0.00437419
50 1.09825 1.08079 0.0043006
51 1.10018 1.08117 0.00423254
52 1.09971 1.08153 0.00416562
53 1.09709 1.08182 0.00409681
54 1.09315 1.08203 0.0040257
55 1.08921 1.08216 0.00395399
56 1.08667 1.08224 0.00388357
57 1.08635 1.08231 0.00381551
58 1.08798 1.08241 0.00375042
59 1.09026 1.08254 0.00368871
60 1.09174 1.0827 0.00362994
61 1.09179 1.08285 0.00357305
62 1.09093 1.08298 0.00351737
63 1.09016 1.08309 0.00346296
64 1.09025 1.0832 0.00341026
65 1.09134 1.08333 0.00335971
66 1.09319 1.08348 0.00331179
67 1.09549 1.08366 0.00326691
68 1.09812 1.08387 0.00322553
69 1.10099 1.08412 0.0031881
70 1.10381 1.0844 0.0031548
71 1.1058 1.0847 0.00312463
72 1.10575 1.08499 0.00309476
73 1.10236 1.08523 0.00306133
74 1.09468 1.08536 0.00302238
75 1.0824 1.08532 0.00298207
76 1.06621 1.08507 0.00295329
77 1.04831 1.08459 0.00295351
78 1.03248 1.08392 0.00299098
79 1.02311 1.08315 0.00305155
80 1.02306 1.0824 0.00310537
81 1.03199 1.08178 0.00312931
82 1.04679 1.08135 0.00312023
83 1.06353 1.08114 0.00308987
84 1.07902 1.08111 0.00305297
85 1.09139 1.08123 0.00301926
86 1.10026 1.08145 0.00299214
87 1.1062 1.08174 0.00297119
88 1.10969 1.08206 0.00295435
89 1.11032 1.08237 0.00293818
90 1.10713 1.08265 0.00291834
91 1.1 1.08284 0.00289239
92 1.09026 1.08292 0.00286191
93 1.07998 1.08289 0.00283115
94 1.07066 1.08276 0.00280389
95 1.06306 1.08255 0.00278196
96 1.05808 1.0823 0.0027646
97 1.05713 1.08204 0.00274823
98 1.06133 1.08183 0.00272824
99 1.07057 1.08171 0.00270293
100 1.08322 1.08173 0.0026758
1 1.11188 1.11188 0
2 1.12211 1.117 0.00511273
3 1.12788 1.12063 0.00467816
4 1.12805 1.12248 0.00379301
5 1.12251 1.12249 0.00293806
6 1.11217 1.12077 0.00295201
7 1.09878 1.11763 0.00401163
8 1.08458 1.1135 0.00539715
9 1.07176 1.10886 0.00664557
10 1.06178 1.10415 0.00758273
11 1.05497 1.09968 0.00818752
12 1.05054 1.09558 0.00852234
13 1.04726 1.09187 0.00867601
14 1.04433 1.08847 0.0087206
15 1.04217 1.08538 0.00868545
16 1.04261 1.08271 0.00855311
17 1.04808 1.08067 0.0082885
18 1.05978 1.07951 0.00790023
19 1.07614 1.07933 0.00747498
20 1.09351 1.08004 0.00712669
21 1.10817 1.08138 0.00690986
22 1.11786 1.08304 0.00679376
23 1.12188 1.08473 0.00670767
24 1.12025 1.08621 0.00659045
25 1.11305 1.08728 0.00641189
26 1.1004 1.08779 0.00618097
27 1.08291 1.08761 0.00595038
28 1.06228 1.0867 0.00580483
29 1.04143 1.08514 0.00581454
30 1.02409 1.08311 0.00597467
31 1.01378 1.08087 0.00619639
32 1.01245 1.07873 0.00636922
33 1.01928 1.07693 0.00643072
34 1.03057 1.07557 0.00638597
35 1.04112 1.07458 0.00627845
36 1.0463 1.0738 0.00615192
37 1.0435 1.07298 0.00603911
38 1.03256 1.07191 0.00597351
39 1.0157 1.07047 0.00599424
40 0.997093 1.06864 0.0061237
41 0.981805 1.06652 0.00633687
42 0.974151 1.06432 0.00656358
43 0.97622 1.06227 0.00672865
44 0.987145 1.06057 0.00679206
45 1.0035 1.0593 0.00675943
46 1.02061 1.05846 0.00666413
47 1.03436 1.05794 0.00654092
48 1.04232 1.05762 0.00641147
49 1.04395 1.05734 0.00628545
50 1.04007 1.05699 0.00616814
51 1.03217 1.05651 0.00606554
52 1.02183 1.05584 0.00598502
53 1.01035 1.05498 0.00593342
54 0.998517 1.05394 0.00591565
55 0.98678 1.05271 0.00593408
56 0.975601 1.05134 0.00598765
57 0.965895 1.04984 0.00606967
58 0.959198 1.04828 0.00616545
59 0.957303 1.04673 0.00625314
60 0.961384 1.04531 0.00631046
61 0.971215 1.0441 0.0063239
62 0.985238 1.04315 0.00629308
63 1.0012 1.04248 0.00622808
64 1.01691 1.04208 0.006143
65 1.03059 1.04191 0.00605034
66 1.04102 1.04189 0.00595797
67 1.04758 1.04198 0.00586899
68 1.05023 1.0421 0.00578331
69 1.04943 1.0422 0.00569987
70 1.04603 1.04226 0.00561812
71 1.04115 1.04224 0.00553845
72 1.03596 1.04216 0.00546168
73 1.03148 1.04201 0.00538833
74 1.02847 1.04183 0.00531816
75 1.02735 1.04163 0.00525033
76 1.02842 1.04146 0.0051837
77 1.03182 1.04134 0.00511747
78 1.03738 1.04128 0.00505169
79 1.04465 1.04133 0.00498751
80 1.05296 1.04147 0.00492692
81 1.06168 1.04172 0.00487211
82 1.07038 1.04207 0.004825
83 1.07883 1.04251 0.00478704
84 1.08667 1.04304 0.00475883
85 1.09323 1.04363 0.00473944
86 1.09777 1.04426 0.00472613
87 1.09993 1.0449 0.00471511
88 1.10024 1.04553 0.00470345
89 1.10021 1.04614 0.00469071
90 1.10171 1.04676 0.00467922
91 1.106 1.04741 0.00467308
92 1.11251 1.04812 0.00467585
93 1.11885 1.04888 0.0046874
94 1.122 1.04966 0.00470207
95 1.11979 1.0504 0.00471051
96 1.11176 1.05104 0.00470481
97 1.09937 1.05153 0.00468265
98 1.08548 1.05188 0.00464755
99 1.07344 1.0521 0.00460551
100 1.06594 1.05224 0.00456132
1 1.09784 1.09784 0
2 1.09998 1.09891 0.00106998
3 1.10465 1.10083 0.00201096
4 1.10937 1.10296 0.00256609
5 1.1119 1.10475 0.00267271
6 1.11069 1.10574 0.00239636
7 1.10521 1.10566 0.00202668
8 1.09599 1.10445 0.00213165
9 1.08441 1.10223 0.00291473
10 1.07249 1.09925 0.00395495
11 1.06251 1.09591 0.00489412
12 1.05637 1.09262 0.00555155
13 1.05444 1.08968 0.00589102
14 1.05496 1.0872 0.00599148
15 1.05495 1.08505 0.00597787
16 1.05222 1.083 0.00595632
17 1.04686 1.08087 0.00598513
18 1.04086 1.07865 0.006065
19 1.03618 1.07641 0.00615706
20 1.03331 1.07426 0.00622607
21 1.03149 1.07222 0.00626255
22 1.03005 1.07031 0.00627127
23 1.02881 1.0685 0.00625805
24 1.02781 1.06681 0.00622694
25 1.02699 1.06521 0.00618139
26 1.02643 1.06372 0.00612332
27 1.02638 1.06234 0.0060523
28 1.02684 1.06107 0.00596835
29 1.02727 1.05991 0.00587563
30 1.02698 1.05881 0.00578153
31 1.02596 1.05775 0.00569142
32 1.02513 1.05673 0.00560416
33 1.02567 1.05579 0.00551264
34 1.02815 1.05497 0.00540947
35 1.03228 1.05433 0.00529251
36 1.03717 1.05385 0.00516543
37 1.04204 1.05353 0.00503401
38 1.04664 1.05335 0.0049031
39 1.05131 1.0533 0.00477601
40 1.05681 1.05338 0.00465591
41 1.06405 1.05365 0.00454838
42 1.07371 1.05412 0.00446439
43 1.08565 1.05486 0.00442056
44 1.09892 1.05586 0.00443352
45 1.11181 1.0571 0.00450875
46 1.12231 1.05852 0.00463191
47 1.1286 1.06001 0.00477128
48 1.12961 1.06146 0.00489071
49 1.12544 1.06277 0.00496465
50 1.11742 1.06386 0.00498566
51 1.10777 1.06472 0.00496217
52 1.09902 1.06538 0.00491033
53 1.09335 1.06591 0.00484561
54 1.09209 1.06639 0.00477969
55 1.09566 1.06692 0.00472207
56 1.10349 1.06758 0.00468273
57 1.11421 1.0684 0.00467204
58 1.12619 1.06939 0.00469768
59 1.13817 1.07056 0.00476224
60 1.14967 1.07188 0.0048643
61 1.16076 1.07333 0.0050009
62 1.17142 1.07491 0.00516771
63 1.18106 1.0766 0.00535689
64 1.18871 1.07835 0.00555589
65 1.19352 1.08012 0.00574955
66 1.19521 1.08187 0.00592422
67 1.19421 1.08354 0.00607127
68 1.19129 1.08513 0.00618763
69 1.18718 1.08661 0.0062741
70 1.18225 1.08797 0.00633296
71 1.17641 1.08922 0.00636618
72 1.16934 1.09033 0.006375
73 1.16069 1.0913 0.00636051
74 1.15035 1.09209 0.00632451
75 1.1384 1.09271 0.00627009
76 1.12512 1.09314 0.00620172
77 1.11098 1.09337 0.00612503
78 1.09677 1.09341 0.00604615
79 1.08377 1.09329 0.00597037
80 1.07349 1.09304 0.00590046
81 1.06728 1.09273 0.00583583
82 1.06565 1.0924 0.00577368
83 1.06788 1.0921 0.00571134
84 1.07236 1.09186 0.00564783
85 1.07735 1.09169 0.0055836
86 1.0819 1.09158 0.00551947
87 1.08626 1.09152 0.005456
88 1.09159 1.09152 0.00539364
89 1.09869 1.0916 0.0053333
90 1.10682 1.09177 0.00527642
91 1.11345 1.09201 0.00522355
92 1.11564 1.09226 0.00517284
93 1.11176 1.09247 0.00512121
94 1.1023 1.09258 0.00506752
95 1.08943 1.09255 0.005014
96 1.07574 1.09237 0.00496458
97 1.06321 1.09207 0.00492233
98 1.05269 1.09167 0.00488838
99 1.04429 1.09119 0.00486236
100 1.03785 1.09066 0.00484296
1 1.09449 1.09449 0
2 1.08964 1.09206 0.00242442
3 1.08575 1.08996 0.00252815
4 1.08259 1.08812 0.00256687
5 1.07975 1.08644 0.00259813
6 1.07673 1.08482 0.00266846
7 1.07318 1.08316 0.00280276
8 1.06915 1.08141 0.00299281
9 1.06515 1.0796 0.00319836
10 1.06197 1.07784 0.00336062
11 1.06036 1.07625 0.00343007
12 1.06077 1.07496 0.00338668
13 1.06323 1.07406 0.00324343
14 1.06741 1.07358 0.00304018
15 1.07277 1.07353 0.00283077
16 1.07873 1.07385 0.00266782
17 1.08473 1.07449 0.00258633
18 1.09043 1.07538 0.00259416
19 1.09601 1.07646 0.00268327
20 1.10221 1.07775 0.0028525
21 1.10992 1.07928 0.00311591
22 1.11957 1.08111 0.00348987
23 1.13065 1.08327 0.00396972
24 1.142 1.08572 0.00452049
25 1.15211 1.08837 0.00508462
26 1.15941 1.0911 0.00559727
27 1.16244 1.09375 0.00599908
28 1.15991 1.09611 0.00624522
29 1.15085 1.098 0.00631477
30 1.13494 1.09923 0.00622369
31 1.11327 1.09968 0.00603661
32 1.08899 1.09935 0.00585446
33 1.06685 1.09836 0.0057591
34 1.05125 1.09698 0.00575639
35 1.04406 1.09547 0.00579035
36 1.04436 1.09405 0.00580349
37 1.04985 1.09285 0.00576947
38 1.05771 1.09193 0.00569121
39 1.06493 1.09123 0.00558642
40 1.06898 1.09068 0.00547331
41 1.06898 1.09015 0.00536431
42 1.06611 1.08958 0.00526622
43 1.06329 1.08896 0.00517851
44 1.06405 1.0884 0.00509103
45 1.07099 1.08801 0.00499163
46 1.08459 1.08794 0.00488248
47 1.10308 1.08826 0.00478831
48 1.12308 1.08898 0.00474329
49 1.14075 1.09004 0.00476411
50 1.15285 1.0913 0.00483392
51 1.15736 1.09259 0.00491208
52 1.15378 1.09377 0.00495836
53 1.14296 1.0947 0.00495167
54 1.12697 1.0953 0.00489573
55 1.10882 1.09554 0.00481218
56 1.09158 1.09547 0.004726
57 1.07713 1.09515 0.00465349
58 1.06567 1.09464 0.00460072
59 1.05667 1.094 0.00456763
60 1.05045 1.09327 0.00454913
61 1.04876 1.09254 0.00453304
62 1.05377 1.09192 0.00450296
63 1.06625 1.09151 0.00444959
64 1.08517 1.09141 0.00438063
65 1.10867 1.09168 0.00432088
66 1.13491 1.09233 0.00430504
67 1.16186 1.09337 0.00436543
68 1.18672 1.09474 0.00451453
69 1.20634 1.09636 0.00473349
70 1.21839 1.0981 0.00498044
71 1.22233 1.09985 0.00521222
72 1.21939 1.10151 0.00540086
73 1.21157 1.10302 0.00553564
74 1.20059 1.10434 0.00561727
75 1.18759 1.10545 0.00565193
76 1.17366 1.10635 0.00564883
77 1.16068 1.10705 0.00561947
78 1.1511 1.10762 0.00557563
79 1.14636 1.10811 0.0055264
80 1.14526 1.10857 0.00547662
81 1.14452 1.10901 0.00542676
82 1.14121 1.10941 0.00537453
83 1.13463 1.10971 0.00531807
84 1.12665 1.10991 0.00525825
85 1.12085 1.11004 0.00519761
86 1.12071 1.11017 0.00513832
87 1.12783 1.11037 0.00508297
88 1.14116 1.11072 0.00503705
89 1.15787 1.11125 0.00500824
90 1.17499 1.11196 0.00500266
91 1.1901 1.11282 0.00502136
92 1.20133 1.11378 0.00505881
93 1.2072 1.11478 0.00510395
94 1.20696 1.11576 0.00514371
95 1.2009 1.11666 0.00516758
96 1.19031 1.11743 0.00517071
97 1.17713 1.11804 0.00515401
98 1.16355 1.11851 0.00512224
99 1.15171 1.11884 0.00508131
100 1.14342 1.11909 0.00503624
1 1.09663 1.09663 0
2 1.09861 1.09762 0.000990676
3 1.1056 1.10028 0.00272183
4 1.11603 1.10422 0.00438362
5 1.12766 1.1089 0.00578932
6 1.13803 1.11376 0.00677588
7 1.14503 1.11823 0.00726297
8 1.14745 1.12188 0.00727342
9 1.14546 1.1245 0.00692907
10 1.14064 1.12611 0.00640439
11 1.13545 1.12696 0.00585481
12 1.13213 1.12739 0.00536202
13 1.13176 1.12773 0.00494375
14 1.13383 1.12816 0.00459771
15 1.13722 1.12877 0.00432264
16 1.14174 1.12958 0.00412395
17 1.14866 1.1307 0.00403317
18 1.15924 1.13229 0.00411983
19 1.1726 1.13441 0.00443722
20 1.18623 1.137 0.00494293
21 1.19808 1.13991 0.0055286
22 1.20786 1.143 0.00610965
23 1.21629 1.14618 0.00665112
24 1.22372 1.14941 0.00714053
25 1.22928 1.15261 0.00755739
26 1.23119 1.15563 0.00786473
27 1.22768 1.1583 0.00802448
28 1.21796 1.16043 0.00802073
29 1.20238 1.16188 0.00787322
30 1.18199 1.16255 0.00763576
31 1.15794 1.1624 0.00738683
32 1.13108 1.16142 0.00721893
33 1.10217 1.15962 0.00722348
34 1.07265 1.15707 0.00746005
35 1.04551 1.15388 0.00791401
36 1.02502 1.1503 0.00848313
37 1.01502 1.14664 0.00902453
38 1.01681 1.14323 0.00942492
39 1.02914 1.1403 0.00963487
40 1.04974 1.13804 0.00965995
41 1.07639 1.13653 0.00954061
42 1.10677 1.13583 0.0093376
43 1.13813 1.13588 0.00911802
44 1.16751 1.1366 0.00893734
45 1.1923 1.13784 0.00882372
46 1.21077 1.13942 0.00877422
47 1.22219 1.14118 0.00876423
48 1.22644 1.14296 0.00876164
49 1.22357 1.1446 0.00873724
50 1.21335 1.14598 0.00867043
51 1.19572 1.14695 0.0085545
52 1.17192 1.14743 0.0084021
53 1.14551 1.1474 0.00824213
54 1.12213 1.14693 0.00810158
55 1.10749 1.14621 0.00798519
56 1.10486 1.14547 0.00787599
57 1.11378 1.14492 0.00775654
58 1.13066 1.14467 0.00762559
59 1.15041 1.14477 0.00749586
60 1.16808 1.14516 0.0073801
61 1.17983 1.14573 0.00728033
62 1.18339 1.14633 0.00718767
63 1.17813 1.14684 0.00709064
64 1.16509 1.14712 0.0069848
65 1.14696 1.14712 0.0068765
66 1.12757 1.14683 0.00677798
67 1.11075 1.14629 0.00669774
68 1.09915 1.14559 0.00663481
69 1.09372 1.14484 0.00658103
70 1.09406 1.14412 0.00652677
71 1.09908 1.14348 0.00646538
72 1.10741 1.14298 0.00639461
73 1.11764 1.14263 0.00631596
74 1.12838 1.14244 0.006233
75 1.13831 1.14239 0.00614958
76 1.14653 1.14244 0.00606837
77 1.15269 1.14257 0.00599052
78 1.1568 1.14276 0.00591603
79 1.15902 1.14296 0.00584429
80 1.15988 1.14317 0.00577464
81 1.16042 1.14339 0.00570688
82 1.162 1.14361 0.00564142
83 1.16577 1.14388 0.00557943
84 1.17222 1.14422 0.00552292
85 1.1811 1.14465 0.00547478
86 1.19184 1.1452 0.0054385
87 1.20382 1.14587 0.00541769
88 1.21657 1.14668 0.0054157
89 1.22971 1.14761 0.00543516
90 1.24261 1.14867 0.0054771
91 1.25431 1.14983 0.0055396
92 1.26339 1.15106 0.00561639
93 1.26803 1.15232 0.00569624
94 1.26631 1.15353 0.00576433
95 1.25668 1.15462 0.00580576
96 1.23829 1.15549 0.0058107
97 1.21148 1.15607 0.00577938
98 1.17811 1.15629 0.00572453
99 1.14147 1.15614 0.00566838
100 1.10583 1.15564 0.00563392
1 1.07086 1.07086 0
2 1.04785 1.05935 0.011504
3 1.03287 1.05053 0.0110459
4 1.02446 1.04401 0.0101721
5 1.02084 1.03938 0.00914113
6 1.02117 1.03634 0.0080568
7 1.02547 1.03479 0.00698412
8 1.03369 1.03465 0.00604997
9 1.04503 1.0358 0.00545874
10 1.05808 1.03803 0.00536681
11 1.07139 1.04107 0.00572395
12 1.08369 1.04462 0.00631836
13 1.09412 1.04843 0.00694852
14 1.10242 1.05228 0.00750052
15 1.10901 1.05606 0.00794108
16 1.11491 1.05974 0.00828894
17 1.12119 1.06336 0.00858432
18 1.12849 1.06698 0.00886546
19 1.13662 1.07064 0.00915193
20 1.14451 1.07433 0.00943516
21 1.15051 1.07796 0.00967993
22 1.15274 1.08136 0.00983539
23 1.14944 1.08432 0.00985321
24 1.13935 1.08661 0.00970841
25 1.12201 1.08803 0.00941901
26 1.09829 1.08842 0.0090581
27 1.07075 1.08777 0.00874072
28 1.04355 1.08619 0.00856954
29 1.0218 1.08397 0.00856172
30 1.01003 1.08151 0.00863078
31 1.0108 1.07922 0.00865375
32 1.0237 1.07749 0.0085567
33 1.0456 1.07652 0.00834948
34 1.07172 1.07638 0.00810141
35 1.09739 1.07698 0.00788941
36 1.11916 1.07815 0.00775613
37 1.13514 1.07969 0.00769922
38 1.1448 1.08141 0.00768722
39 1.14858 1.08313 0.00768305
40 1.14772 1.08474 0.00766063
41 1.14402 1.08619 0.00761006
42 1.13961 1.08746 0.00753478
43 1.13647 1.0886 0.00744523
44 1.13604 1.08968 0.00735351
45 1.13887 1.09077 0.00727087
46 1.14468 1.09194 0.00720696
47 1.15259 1.09323 0.00716904
48 1.16159 1.09466 0.00716111
49 1.17078 1.09621 0.00718342
50 1.17959 1.09788 0.00723313
51 1.18772 1.09964 0.00730546
52 1.19484 1.10147 0.00739382
53 1.20039 1.10334 0.00748927
54 1.20357 1.10519 0.00758004
55 1.20355 1.10698 0.00765281
56 1.19977 1.10864 0.00769539
57 1.19191 1.1101 0.00769907
58 1.17972 1.1113 0.00765979
59 1.16293 1.11218 0.00757952
60 1.14191 1.11267 0.00746859
61 1.11869 1.11277 0.00734579
62 1.09721 1.11252 0.00723069
63 1.08193 1.11203 0.00713155
64 1.07521 1.11146 0.00704278
65 1.07632 1.11092 0.00695463
66 1.08284 1.11049 0.00686164
67 1.09263 1.11023 0.00676371
68 1.10473 1.11014 0.00666399
69 1.11905 1.11027 0.00656797
70 1.13541 1.11063 0.00648341
71 1.15294 1.11123 0.00641916
72 1.17023 1.11205 0.0063822
73 1.18587 1.11306 0.00637489
74 1.19898 1.11422 0.00639445
75 1.20916 1.11549 0.00643437
76 1.21617 1.11681 0.00648588
77 1.21969 1.11815 0.00653904
78 1.21946 1.11945 0.00658405
79 1.21556 1.12066 0.00661306
80 1.2086 1.12176 0.00662174
81 1.1996 1.12272 0.00660971
82 1.18977 1.12354 0.0065796
83 1.18008 1.12422 0.00653544
84 1.17104 1.12478 0.00648118
85 1.16282 1.12523 0.00642009
86 1.15551 1.12558 0.00635477
87 1.14933 1.12585 0.00628723
88 1.14449 1.12606 0.00621898
89 1.14083 1.12623 0.00615095
90 1.13755 1.12636 0.00608352
91 1.13324 1.12643 0.00601677
92 1.12642 1.12643 0.00595101
93 1.11635 1.12632 0.00588767
94 1.10343 1.12608 0.00582979
95 1.08929 1.12569 0.00578108
96 1.07634 1.12518 0.0057436
97 1.0668 1.12458 0.00571585
98 1.06182 1.12394 0.00569334
99 1.06132 1.1233 0.00567093
100 1.06487 1.12272 0.00564425
1 1.10662 1.10662 0
2 1.1166 1.11161 0.00498999
3 1.12753 1.11692 0.00603881
4 1.136 1.12169 0.00640199
5 1.13903 1.12516 0.00605119
6 1.13528 1.12684 0.00522115
7 1.12528 1.12662 0.00441832
8 1.11108 1.12468 0.00429123
9 1.09578 1.12147 0.00496334
10 1.08288 1.11761 0.00588204
11 1.07542 1.11377 0.00655882
12 1.07515 1.11055 0.00679772
13 1.08207 1.10836 0.00662565
14 1.09458 1.10738 0.00621269
15 1.10993 1.10755 0.00578621
16 1.12504 1.10864 0.00552183
17 1.13712 1.11032 0.00545067
18 1.14437 1.11221 0.00547603
19 1.14629 1.114 0.00548152
20 1.14366 1.11549 0.00540751
21 1.1382 1.11657 0.00525602
22 1.13189 1.11726 0.00505957
23 1.12654 1.11767 0.00485138
24 1.12349 1.11791 0.00465118
25 1.12354 1.11813 0.00446694
26 1.1268 1.11847 0.00430461
27 1.13257 1.11899 0.0041749
28 1.13963 1.11973 0.00409003
29 1.14681 1.12066 0.00405544
30 1.15339 1.12175 0.00406695
31 1.15916 1.12296 0.00411455
32 1.16405 1.12424 0.00418577
33 1.16784 1.12556 0.00426663
34 1.17029 1.12688 0.00434325
35 1.17154 1.12816 0.00440614
36 1.17215 1.12938 0.004453
37 1.17298 1.13056 0.00448841
38 1.17471 1.13172 0.0045206
39 1.17749 1.13289 0.00455692
40 1.18078 1.13409 0.00460003
41 1.18348 1.13529 0.00464538
42 1.18441 1.13646 0.00468182
43 1.18267 1.13754 0.00469621
44 1.17818 1.13846 0.00468029
45 1.17193 1.1392 0.00463517
46 1.16578 1.13978 0.00456994
47 1.16165 1.14025 0.00449578
48 1.16046 1.14067 0.00442122
49 1.16157 1.1411 0.00435101
50 1.16323 1.14154 0.00428603
51 1.16363 1.14197 0.00422342
52 1.16185 1.14235 0.00415902
53 1.15814 1.14265 0.00409065
54 1.1535 1.14285 0.0040192
55 1.1491 1.14297 0.00394709
56 1.14562 1.14301 0.00387625
57 1.14283 1.14301 0.00380764
58 1.13963 1.14295 0.00374187
59 1.13459 1.14281 0.00368063
60 1.12657 1.14254 0.00362888
61 1.11512 1.14209 0.00359709
62 1.10076 1.14142 0.00360085
63 1.08497 1.14053 0.00365478
64 1.07009 1.13943 0.00376182
65 1.05867 1.13818 0.00390635
66 1.05277 1.13689 0.00405856
67 1.05348 1.13565 0.0041869
68 1.06068 1.13454 0.00426967
69 1.07317 1.13365 0.00430031
70 1.08896 1.13301 0.00428625
71 1.10575 1.13263 0.00424286
72 1.1216 1.13248 0.00418632
73 1.13531 1.13252 0.00412876
74 1.14661 1.13271 0.00407703
75 1.15596 1.13302 0.00403424
76 1.16412 1.13343 0.00400178
77 1.17154 1.13392 0.00398037
78 1.17798 1.13449 0.00396941
79 1.18246 1.13509 0.00396561
80 1.18375 1.1357 0.00396268
81 1.18107 1.13626 0.00395334
82 1.17462 1.13673 0.00393274
83 1.16555 1.13708 0.00390055
84 1.15562 1.1373 0.00386015
85 1.14649 1.13741 0.003816
86 1.13905 1.13742 0.00377142
87 1.13299 1.13737 0.00372817
88 1.127 1.13726 0.00368744
89 1.11962 1.13706 0.00365116
90 1.11027 1.13676 0.00362261
91 1.09957 1.13635 0.00360582
92 1.08896 1.13584 0.00360343
93 1.08007 1.13524 0.00361456
94 1.07435 1.13459 0.0036341
95 1.07295 1.13394 0.00365372
96 1.07656 1.13334 0.00366453
97 1.08487 1.13284 0.00366083
98 1.09626 1.13247 0.00364245
99 1.10838 1.13223 0.00361367
100 1.11902 1.13209 0.00357979
1 1.10645 1.10645 0
2 1.11071 1.10858 0.00212914
3 1.11325 1.11014 0.00198427
4 1.11556 1.11149 0.00195062
5 1.119 1.113 0.00213051
6 1.12428 1.11488 0.0025624
7 1.13119 1.11721 0.00318173
8 1.13881 1.11991 0.00385812
9 1.14588 1.12279 0.00446114
10 1.15115 1.12563 0.00489488
11 1.15363 1.12817 0.00510728
12 1.15269 1.13022 0.0050904
13 1.14825 1.1316 0.00488354
14 1.14086 1.13227 0.00456936
15 1.13176 1.13223 0.00425398
16 1.12259 1.13163 0.00402461
17 1.11505 1.13065 0.00390421
18 1.11048 1.12953 0.00384778
19 1.10964 1.12849 0.00378723
20 1.11253 1.12769 0.00368038
21 1.11849 1.12725 0.00352802
22 1.12626 1.12721 0.00336414
23 1.13429 1.12751 0.00322929
24 1.14102 1.12808 0.00314258
25 1.14513 1.12876 0.00309045
26 1.146 1.12942 0.00304233
27 1.14385 1.12996 0.00297589
28 1.13975 1.13031 0.00288888
29 1.13518 1.13047 0.00279256
30 1.13165 1.13051 0.00269815
31 1.13004 1.1305 0.00260971
32 1.13035 1.13049 0.00252684
33 1.13164 1.13053 0.00244932
34 1.13248 1.13059 0.00237689
35 1.13158 1.13061 0.00230815
36 1.12819 1.13055 0.00224413
37 1.12234 1.13033 0.00219387
38 1.1148 1.12992 0.00217408
39 1.10679 1.12932 0.00219908
40 1.09952 1.12858 0.00226924
41 1.09379 1.12773 0.00237027
42 1.08965 1.12682 0.00248447
43 1.08642 1.12588 0.00260158
44 1.08304 1.12491 0.00272186
45 1.07861 1.12388 0.00285272
46 1.07271 1.12277 0.00300358
47 1.06544 1.12155 0.00318205
48 1.057 1.1202 0.00339292
49 1.04758 1.11872 0.00363847
50 1.03749 1.1171 0.00391772
51 1.02762 1.11534 0.00422192
52 1.01989 1.11351 0.00452865
53 1.0169 1.11168 0.00480183
54 1.02101 1.11001 0.00500235
55 1.03299 1.1086 0.0051063
56 1.05128 1.10758 0.00511772
57 1.07234 1.10696 0.005065
58 1.09211 1.10671 0.0049835
59 1.10743 1.10672 0.00489832
60 1.11703 1.10689 0.00481905
61 1.12163 1.10713 0.00474555
62 1.12332 1.10739 0.00467567
63 1.12438 1.10766 0.00460875
64 1.1262 1.10795 0.0045454
65 1.12902 1.10828 0.00448664
66 1.13231 1.10864 0.00443312
67 1.13544 1.10904 0.00438473
68 1.13799 1.10947 0.00434069
69 1.13976 1.10991 0.0042998
70 1.1405 1.11034 0.0042604
71 1.13969 1.11076 0.00422025
72 1.13678 1.11112 0.0041769
73 1.13152 1.1114 0.00412875
74 1.12444 1.11157 0.00407639
75 1.11694 1.11165 0.00402231
76 1.11067 1.11163 0.00396905
77 1.1068 1.11157 0.00391767
78 1.10559 1.11149 0.00386788
79 1.10672 1.11143 0.00381908
80 1.11001 1.11141 0.00377108
81 1.11565 1.11147 0.0037246
82 1.12361 1.11162 0.00368188
83 1.13291 1.11187 0.00364629
84 1.14162 1.11223 0.00361998
85 1.14779 1.11264 0.00360152
86 1.15055 1.11308 0.00358659
87 1.15059 1.11352 0.00357124
88 1.14986 1.11393 0.0035545
89 1.15061 1.11434 0.00353841
90 1.15414 1.11478 0.00352671
91 1.16003 1.11528 0.00352301
92 1.16602 1.11583 0.00352787
93 1.16898 1.1164 0.00353621
94 1.16629 1.11693 0.00353842
95 1.15693 1.11736 0.0035262
96 1.14205 1.11761 0.00349875
97 1.12477 1.11769 0.00346328
98 1.10933 1.1176 0.00342882
99 1.09951 1.11742 0.00339892
100 1.09724 1.11722 0.00337081
1 1.10424 1.10424 0
2 1.11299 1.10862 0.00437414
3 1.1232 1.11348 0.00547862
4 1.13241 1.11821 0.00611546
5 1.13915 1.1224 0.0063232
6 1.14315 1.12586 0.00621385
7 1.14512 1.12861 0.00592901
8 1.14654 1.13085 0.00560232
9 1.14906 1.13287 0.00533884
10 1.15398 1.13498 0.00522099
11 1.16182 1.13742 0.00531531
12 1.17225 1.14033 0.0056538
13 1.18447 1.14372 0.00621102
14 1.1974 1.14755 0.0069112
15 1.2097 1.1517 0.00765255
16 1.21986 1.15596 0.00833001
17 1.22643 1.1601 0.00885501
18 1.22838 1.1639 0.00916982
19 1.22529 1.16713 0.00925604
20 1.21745 1.16964 0.00913444
21 1.20586 1.17137 0.00885811
22 1.19203 1.17231 0.00849794
23 1.1776 1.17254 0.00812333
24 1.16392 1.17218 0.00778577
25 1.15182 1.17136 0.00751211
26 1.14168 1.17022 0.00730718
27 1.13359 1.16887 0.00716102
28 1.12765 1.16739 0.00705576
29 1.12398 1.1659 0.00697073
30 1.12257 1.16445 0.0068875
31 1.12302 1.16312 0.00679437
32 1.12447 1.16191 0.00668858
33 1.12568 1.16081 0.00657501
34 1.12541 1.15977 0.00646313
35 1.12272 1.15871 0.00636438
36 1.11729 1.15756 0.00629118
37 1.10942 1.15626 0.00625558
38 1.09993 1.15478 0.00626658
39 1.08992 1.15311 0.00632627
40 1.08055 1.1513 0.00642741
41 1.07288 1.14939 0.00655402
42 1.06772 1.14744 0.00668513
43 1.06562 1.14554 0.00679952
44 1.06675 1.14375 0.00688028
45 1.07082 1.14213 0.00691813
46 1.07714 1.14072 0.00691202
47 1.08486 1.13953 0.00686699
48 1.09326 1.13856 0.00679115
49 1.10165 1.13781 0.00669364
50 1.10903 1.13723 0.00658361
51 1.11384 1.13678 0.00646952
52 1.11416 1.13634 0.00635877
53 1.10833 1.13581 0.00625999
54 1.09571 1.13507 0.0061877
55 1.07716 1.13402 0.00616473
56 1.05499 1.13261 0.00621597
57 1.03232 1.13085 0.00635435
58 1.0124 1.1288 0.00656933
59 0.997897 1.12659 0.0068276
60 0.990665 1.12432 0.00708477
61 0.991472 1.12214 0.00730009
62 0.999873 1.12017 0.00744723
63 1.01435 1.11849 0.00751812
64 1.03282 1.11715 0.00751982
65 1.05323 1.11617 0.00746826
66 1.0738 1.11553 0.0073822
67 1.09307 1.11519 0.0072789
68 1.10987 1.11511 0.00717149
69 1.12324 1.11523 0.00706777
70 1.13243 1.11548 0.00697041
71 1.13696 1.11578 0.00687819
72 1.13681 1.11607 0.00678828
73 1.13265 1.1163 0.00669849
74 1.12586 1.11643 0.00660862
75 1.11832 1.11645 0.00651995
76 1.11201 1.11639 0.00643386
77 1.10843 1.11629 0.0063506
78 1.10826 1.11619 0.00626949
79 1.11139 1.11613 0.00618992
80 1.11723 1.11614 0.00611207
81 1.12472 1.11625 0.00603707
82 1.13242 1.11644 0.00596626
83 1.13884 1.11671 0.00590011
84 1.14309 1.11703 0.0058379
85 1.14532 1.11736 0.00577841
86 1.14637 1.1177 0.00572077
87 1.14702 1.11804 0.00566467
88 1.14729 1.11837 0.00560979
89 1.14633 1.11868 0.00555529
90 1.14293 1.11895 0.00549982
91 1.13656 1.11914 0.00544249
92 1.12811 1.11924 0.00538389
93 1.12013 1.11925 0.00532569
94 1.1159 1.11922 0.00526885
95 1.11768 1.1192 0.00521312
96 1.12531 1.11926 0.00515892
97 1.13653 1.11944 0.00510856
98 1.14844 1.11974 0.00506482
99 1.15884 1.12013 0.00502893
100 1.16667 1.1206 0.00500009
1 1.10384 1.10384 0
2 1.10592 1.10488 0.00104162
3 1.10543 1.10506 0.000628735
4 1.10147 1.10417 0.00100192
5 1.09322 1.10198 0.00232203
6 1.08047 1.09839 0.00405552
7 1.06413 1.0935 0.0059756
8 1.04649 1.08762 0.00782991
9 1.03078 1.08131 0.00935836
10 1.01993 1.07517 0.0103797
11 1.01548 1.06974 0.0108441
12 1.01748 1.06539 0.010815
13 1.0252 1.0623 0.0104175
14 1.03789 1.06055 0.00980103
15 1.05456 1.06015 0.00913301
16 1.07363 1.061 0.00858458
17 1.09279 1.06287 0.0082778
18 1.10949 1.06546 0.00822298
19 1.12168 1.06841 0.00832198
20 1.12822 1.0714 0.00844224
21 1.12898 1.07415 0.00848529
22 1.12461 1.07644 0.00840935
23 1.11621 1.07817 0.00821932
24 1.10496 1.07929 0.00794816
25 1.09205 1.0798 0.00764068
26 1.07856 1.07975 0.00734108
27 1.06556 1.07922 0.00708348
28 1.05388 1.07832 0.00688554
29 1.04391 1.07713 0.00674896
30 1.03551 1.07574 0.00666609
31 1.02857 1.07422 0.0066246
32 1.02363 1.07264 0.0066062
33 1.0215 1.07109 0.00658779
34 1.02236 1.06966 0.00654982
35 1.02571 1.0684 0.00648269
36 1.03135 1.06737 0.00638356
37 1.04017 1.06664 0.00625202
38 1.05365 1.0663 0.00609486
39 1.07267 1.06646 0.00593877
40 1.09665 1.06721 0.00583739
41 1.12371 1.06859 0.00585762
42 1.15155 1.07057 0.00604811
43 1.17813 1.07307 0.00641367
44 1.20185 1.076 0.00691608
45 1.22135 1.07923 0.00749266
46 1.23516 1.08262 0.00807407
47 1.24176 1.086 0.00859548
48 1.24003 1.08921 0.00900562
49 1.2297 1.09208 0.00927425
50 1.21167 1.09447 0.00939638
51 1.18792 1.0963 0.00939078
52 1.16123 1.09755 0.00929269
53 1.13494 1.09826 0.00914293
54 1.11231 1.09852 0.00897579
55 1.09522 1.09846 0.00881129
56 1.08332 1.09819 0.00865674
57 1.07481 1.09778 0.00851339
58 1.06826 1.09727 0.00838078
59 1.06359 1.0967 0.00825726
60 1.0616 1.09611 0.00813952
61 1.06278 1.09557 0.0080236
62 1.06674 1.0951 0.00790681
63 1.07231 1.09474 0.0077887
64 1.07816 1.09448 0.00767041
65 1.08323 1.09431 0.00755346
66 1.08688 1.09419 0.00743898
67 1.08882 1.09411 0.00732755
68 1.08892 1.09404 0.00721939
69 1.08712 1.09394 0.0071147
70 1.08303 1.09378 0.00701406
71 1.07583 1.09353 0.00691919
72 1.06463 1.09313 0.00683421
73 1.04974 1.09253 0.00676609
74 1.03411 1.09174 0.00672057
75 1.02328 1.09083 0.00669291
76 1.02282 1.08994 0.00666461
77 1.03438 1.08921 0.00661695
78 1.05423 1.08877 0.00654695
79 1.07581 1.0886 0.00646562
80 1.0934 1.08866 0.00638457
81 1.10404 1.08885 0.00630812
82 1.10753 1.08908 0.00623488
83 1.10556 1.08928 0.0061625
84 1.10076 1.08941 0.00609023
85 1.09577 1.08949 0.00601862
86 1.09259 1.08953 0.00594833
87 1.09227 1.08956 0.00587965
88 1.09502 1.08962 0.00581278
89 1.10038 1.08974 0.00574837
90 1.10743 1.08994 0.00568754
91 1.11489 1.09021 0.00563137
92 1.12114 1.09055 0.00557996
93 1.12437 1.09091 0.0055316
94 1.12307 1.09125 0.00548312
95 1.11658 1.09152 0.00543165
96 1.10538 1.09166 0.00537671
97 1.09096 1.09166 0.00532099
98 1.07554 1.09149 0.00526898
99 1.06143 1.09119 0.00522432
100 1.05058 1.09078 0.00518773
1 1.09324 1.09324 0
2 1.0904 1.09182 0.00141966
3 1.09161 1.09175 0.000822678
4 1.09601 1.09281 0.00121347
5 1.10247 1.09475 0.00214789
6 1.10979 1.09725 0.00305924
7 1.11689 1.10006 0.00381564
8 1.12307 1.10293 0.004381
9 1.12816 1.10574 0.00477299
10 1.13264 1.10843 0.00504586
11 1.13734 1.11106 0.00526706
12 1.14291 1.11371 0.00549241
13 1.14909 1.11643 0.00573875
14 1.15452 1.11915 0.00596919
15 1.15708 1.12168 0.00610522
16 1.15468 1.12374 0.00607197
17 1.14609 1.12506 0.00585312
18 1.13123 1.1254 0.005529
19 1.11126 1.12466 0.0052826
20 1.08818 1.12283 0.0053331
21 1.06438 1.12005 0.00578636
22 1.04202 1.1165 0.00655877
23 1.02239 1.11241 0.00748467
24 1.00566 1.10796 0.00843416
25 0.9918 1.10332 0.00932921
26 0.982165 1.09866 0.0101021
27 0.979802 1.09425 0.010671
28 0.986657 1.09041 0.0109774
29 1.0008 1.08732 0.0110337
30 1.01801 1.08501 0.010907
31 1.03523 1.08341 0.0106709
32 1.05147 1.08241 0.0103801
33 1.0668 1.08193 0.0100717
34 1.08118 1.08191 0.00977104
35 1.09437 1.08227 0.00949444
36 1.1061 1.08293 0.00925066
37 1.1162 1.08383 0.00904199
38 1.12431 1.08489 0.00886505
39 1.12958 1.08604 0.00871045
40 1.1309 1.08716 0.00856366
41 1.12742 1.08814 0.0084097
42 1.11912 1.08888 0.00824009
43 1.10702 1.0893 0.00805722
44 1.09292 1.08939 0.0078724
45 1.07895 1.08915 0.00769896
46 1.06723 1.08868 0.0075448
47 1.05941 1.08805 0.00740874
48 1.0564 1.0874 0.00728267
49 1.05814 1.0868 0.00715744
50 1.06373 1.08634 0.00702799
51 1.07189 1.08605 0.00689463
52 1.08148 1.08597 0.00676131
53 1.09179 1.08608 0.00663342
54 1.1027 1.08638 0.0065167
55 1.11452 1.08689 0.00641755
56 1.12753 1.08762 0.00634355
57 1.14157 1.08857 0.00630274
58 1.15591 1.08973 0.00630101
59 1.16945 1.09108 0.00633897
60 1.18108 1.09258 0.00641039
61 1.18999 1.09418 0.00650354
62 1.19594 1.09582 0.00660497
63 1.19927 1.09746 0.00670352
64 1.20074 1.09907 0.00679241
65 1.20108 1.10064 0.00686876
66 1.20063 1.10216 0.00693149
67 1.19925 1.10361 0.00697934
68 1.19641 1.10497 0.00701008
69 1.19165 1.10623 0.00702102
70 1.18483 1.10735 0.00701051
71 1.17635 1.10832 0.00697906
72 1.16707 1.10914 0.00692964
73 1.1582 1.10981 0.00686702
74 1.15103 1.11037 0.00679645
75 1.14656 1.11085 0.00672256
76 1.14506 1.1113 0.00664878
77 1.14583 1.11175 0.00657717
78 1.14744 1.11221 0.0065084
79 1.14829 1.11266 0.0064417
80 1.14738 1.1131 0.00637545
81 1.14482 1.11349 0.00630842
82 1.14184 1.11383 0.0062406
83 1.14019 1.11415 0.00617312
84 1.14111 1.11447 0.00610763
85 1.14447 1.11483 0.00604566
86 1.14869 1.11522 0.00598791
87 1.15147 1.11564 0.00593333
88 1.15087 1.11604 0.00587917
89 1.14609 1.11637 0.00582254
90 1.13779 1.11661 0.0057624
91 1.1277 1.11673 0.00570002
92 1.11783 1.11675 0.00563774
93 1.10947 1.11667 0.00557734
94 1.10256 1.11652 0.00551973
95 1.09609 1.1163 0.00546555
96 1.08897 1.11602 0.00541581
97 1.08092 1.11566 0.00537188
98 1.07293 1.11522 0.00533463
99 1.06691 1.11473 0.00530297
100 1.06494 1.11423 0.00527323
1 1.10278 1.10278 0
2 1.11033 1.10656 0.00377612
3 1.12161 1.11158 0.00547034
4 1.13527 1.1175 0.00707535
5 1.14996 1.12399 0.00849615
6 1.16433 1.13072 0.00966074
7 1.17708 1.13734 0.0105132
8 1.187 1.14355 0.0110197
9 1.19321 1.14906 0.0111757
10 1.19517 1.15367 0.0110079
11 1.1928 1.15723 0.0105732
12 1.1865 1.15967 0.00995535
13 1.17729 1.16103 0.00925732
14 1.16701 1.16145 0.00858128
15 1.15815 1.16123 0.00799176
16 1.15314 1.16073 0.00749269
17 1.15314 1.16028 0.00705229
18 1.15742 1.16012 0.00665087
19 1.16375 1.16031 0.00629399
20 1.16954 1.16077 0.00598878
21 1.17289 1.16135 0.00572563
22 1.17326 1.16189 0.00548594
23 1.17115 1.16229 0.00525742
24 1.16743 1.16251 0.00503814
25 1.16258 1.16251 0.00483241
26 1.15637 1.16228 0.00464883
27 1.1481 1.16175 0.00450405
28 1.13709 1.16087 0.0044287
29 1.12316 1.15957 0.00446676
30 1.1069 1.15781 0.0046588
31 1.08981 1.15562 0.00501161
32 1.07423 1.15308 0.0054787
33 1.06288 1.15034 0.00597219
34 1.05827 1.14763 0.00639549
35 1.06181 1.14518 0.00667666
36 1.07337 1.14319 0.00678823
37 1.09135 1.14179 0.00674923
38 1.11326 1.14104 0.00661197
39 1.13633 1.14092 0.00644134
40 1.15806 1.14134 0.00629285
41 1.17655 1.1422 0.00619723
42 1.19066 1.14336 0.00615695
43 1.19992 1.14467 0.00615427
44 1.20448 1.14603 0.0061645
45 1.20507 1.14734 0.00616711
46 1.20297 1.14855 0.0061516
47 1.19983 1.14964 0.00611735
48 1.19715 1.15063 0.0060698
49 1.19583 1.15156 0.00601576
50 1.19573 1.15244 0.00596006
51 1.19606 1.15329 0.00590431
52 1.19592 1.15411 0.00584741
53 1.19475 1.15488 0.00578705
54 1.19231 1.15557 0.00572101
55 1.18852 1.15617 0.00564789
56 1.18343 1.15666 0.00556743
57 1.17734 1.15702 0.00548091
58 1.17101 1.15726 0.00539098
59 1.1656 1.15741 0.00530071
60 1.16226 1.15749 0.00521224
61 1.16174 1.15756 0.00512656
62 1.16391 1.15766 0.00504424
63 1.16751 1.15782 0.00496599
64 1.17023 1.15801 0.00489162
65 1.16943 1.15818 0.00481898
66 1.16324 1.15826 0.00474602
67 1.15141 1.15816 0.00467577
68 1.1356 1.15783 0.00461842
69 1.11887 1.15726 0.00458588
70 1.10444 1.15651 0.00458246
71 1.09423 1.15563 0.00460183
72 1.08801 1.15469 0.00463363
73 1.08371 1.15372 0.00467203
74 1.07881 1.15271 0.00471834
75 1.072 1.15163 0.00477777
76 1.06421 1.15048 0.00485278
77 1.05837 1.14928 0.00493646
78 1.05752 1.14811 0.00501277
79 1.06281 1.14703 0.00506532
80 1.07311 1.1461 0.00508624
81 1.08603 1.14536 0.00507751
82 1.09919 1.1448 0.00504671
83 1.11076 1.14439 0.00500238
84 1.11971 1.1441 0.00495119
85 1.12576 1.14388 0.00489735
86 1.12895 1.14371 0.00484318
87 1.12944 1.14354 0.00478999
88 1.12774 1.14336 0.00473865
89 1.12481 1.14315 0.00468974
90 1.12201 1.14292 0.00464329
91 1.12065 1.14267 0.00459849
92 1.12131 1.14244 0.00455416
93 1.12327 1.14224 0.00450964
94 1.12473 1.14205 0.0044653
95 1.12385 1.14186 0.00442219
96 1.1206 1.14164 0.00438148
97 1.11779 1.14139 0.00434304
98 1.1191 1.14116 0.00430451
99 1.125 1.141 0.00426394
100 1.13164 1.14091 0.00422212
1 1.10149 1.10149 0
2 1.09845 1.09997 0.00151923
3 1.0923 1.09742 0.00270296
4 1.08599 1.09456 0.00343631
5 1.08203 1.09205 0.003656
6 1.08144 1.09029 0.00346968
7 1.08386 1.08937 0.00307278
8 1.08817 1.08922 0.00266532
9 1.09326 1.08967 0.00239303
10 1.09835 1.09053 0.0023099
11 1.10314 1.09168 0.00238292
12 1.10771 1.09302 0.00255264
13 1.11244 1.09451 0.00278328
14 1.11782 1.09618 0.00306806
15 1.12406 1.09803 0.00340777
16 1.13068 1.10007 0.00378485
17 1.13654 1.10222 0.00415223
18 1.14002 1.10432 0.00444253
19 1.13957 1.10618 0.00459359
20 1.13429 1.10758 0.00457901
21 1.12427 1.10838 0.00442738
22 1.11064 1.10848 0.0042226
23 1.09541 1.10791 0.00407462
24 1.08087 1.10678 0.0040606
25 1.06882 1.10527 0.00418037
26 1.05964 1.10351 0.00438303
27 1.05225 1.10161 0.00462524
28 1.04521 1.0996 0.00489109
29 1.03825 1.09748 0.00517178
30 1.03276 1.09532 0.00544228
31 1.03074 1.09324 0.00566105
32 1.03312 1.09136 0.00579431
33 1.03859 1.08976 0.00583922
34 1.04407 1.08842 0.0058221
35 1.04642 1.08722 0.00577928
36 1.04423 1.08603 0.00574199
37 1.03869 1.08475 0.0057293
38 1.0329 1.08338 0.00574096
39 1.03024 1.08202 0.00575543
40 1.03252 1.08078 0.00574459
41 1.03903 1.07976 0.00569452
42 1.04741 1.07899 0.00561042
43 1.05558 1.07845 0.00550539
44 1.06332 1.0781 0.00538979
45 1.07183 1.07797 0.0052705
46 1.08163 1.07804 0.00515527
47 1.09151 1.07833 0.00505251
48 1.0994 1.07877 0.00496558
49 1.10368 1.07928 0.00488968
50 1.10345 1.07976 0.00481521
51 1.09856 1.08013 0.00473423
52 1.0897 1.08031 0.00464594
53 1.07838 1.08028 0.00455759
54 1.06668 1.08003 0.00447947
55 1.0567 1.0796 0.00441769
56 1.04979 1.07907 0.00437063
57 1.04634 1.0785 0.0043315
58 1.04593 1.07793 0.00429303
59 1.04772 1.07742 0.00425061
60 1.0507 1.07698 0.00420283
61 1.05384 1.0766 0.00415071
62 1.05615 1.07627 0.00409652
63 1.05689 1.07596 0.00404269
64 1.05581 1.07565 0.00399146
65 1.05306 1.0753 0.0039449
66 1.04909 1.0749 0.00390491
67 1.04452 1.07445 0.00387283
68 1.04003 1.07394 0.00384888
69 1.03606 1.07339 0.00383222
70 1.0326 1.07281 0.00382177
71 1.02911 1.07219 0.00381749
72 1.02489 1.07154 0.003821
73 1.01943 1.07082 0.00383529
74 1.01283 1.07004 0.00386344
75 1.00588 1.06918 0.0039064
76 1.00021 1.06828 0.00396005
77 0.997834 1.06736 0.00401393
78 1.00026 1.0665 0.00405445
79 1.00763 1.06576 0.00407157
80 1.01871 1.06517 0.00406313
81 1.03172 1.06475 0.00403386
82 1.04524 1.06452 0.00399146
83 1.0586 1.06445 0.00394372
84 1.07163 1.06453 0.00389743
85 1.08426 1.06476 0.00385829
86 1.09624 1.06513 0.00383069
87 1.10726 1.06561 0.00381725
88 1.11723 1.0662 0.00381893
89 1.12641 1.06688 0.0038359
90 1.13491 1.06763 0.00386763
91 1.14228 1.06845 0.00391187
92 1.14754 1.06931 0.00396346
93 1.1495 1.07017 0.0040143
94 1.14729 1.071 0.00405521
95 1.14058 1.07173 0.00407861
96 1.12978 1.07233 0.00408096
97 1.11624 1.07279 0.00406396
98 1.1023 1.07309 0.00403354
99 1.09111 1.07327 0.00399674
100 1.08584 1.07339 0.00395856
