1 1.2 1.2 0
2 1.20001 1.2 2.77818e-06
3 1.20002 1.20001 4.40428e-06
4 1.20003 1.20001 6.25728e-06
5 1.20005 1.20002 8.31414e-06
6 1.20007 1.20003 1.05583e-05
7 1.20009 1.20004 1.29774e-05
8 1.20012 1.20005 1.55619e-05
9 1.20016 1.20006 1.83042e-05
10 1.2002 1.20007 2.11985e-05
11 1.20024 1.20009 2.424e-05
12 1.20028 1.20011 2.74258e-05
13 1.20033 1.20012 3.07551e-05
14 1.20039 1.20014 3.42296e-05
15 1.20045 1.20016 3.78531e-05
16 1.20051 1.20018 4.16253e-05
17 1.20058 1.20021 4.55499e-05
18 1.20066 1.20023 4.96244e-05
19 1.20073 1.20026 5.38485e-05
20 1.20082 1.20029 5.82245e-05
21 1.20091 1.20032 6.27537e-05
22 1.201 1.20035 6.74351e-05
23 1.2011 1.20038 7.22691e-05
24 1.20121 1.20041 7.72573e-05
25 1.20132 1.20045 8.24006e-05
26 1.20143 1.20049 8.77006e-05
27 1.20155 1.20053 9.31591e-05
28 1.20168 1.20057 9.87776e-05
29 1.20182 1.20061 0.000104558
30 1.20196 1.20066 0.000110504
31 1.2021 1.2007 0.000116618
32 1.20226 1.20075 0.000122902
33 1.20242 1.2008 0.000129361
34 1.20258 1.20085 0.000135998
35 1.20276 1.20091 0.000142818
36 1.20294 1.20097 0.000149825
37 1.20313 1.20102 0.000157024
38 1.20333 1.20108 0.000164419
39 1.20353 1.20115 0.000172018
40 1.20375 1.20121 0.000179826
41 1.20397 1.20128 0.00018785
42 1.2042 1.20135 0.000196098
43 1.20445 1.20142 0.000204576
44 1.2047 1.2015 0.000213293
45 1.20496 1.20157 0.000222256
46 1.20523 1.20165 0.000231474
47 1.20552 1.20173 0.000240957
48 1.20581 1.20182 0.000250714
49 1.20612 1.20191 0.000260758
50 1.20644 1.202 0.000271098
51 1.20677 1.20209 0.000281748
52 1.20712 1.20219 0.000292719
53 1.20748 1.20229 0.000304027
54 1.20786 1.20239 0.000315686
55 1.20825 1.2025 0.000327711
56 1.20866 1.20261 0.000340118
57 1.20909 1.20272 0.000352926
58 1.20954 1.20284 0.000366153
59 1.21 1.20296 0.000379819
60 1.21049 1.20309 0.000393944
61 1.211 1.20322 0.000408553
62 1.21153 1.20335 0.000423669
63 1.21208 1.20349 0.000439319
64 1.21266 1.20363 0.00045553
65 1.21327 1.20378 0.000472332
66 1.2139 1.20393 0.000489757
67 1.21457 1.20409 0.000507836
68 1.21527 1.20426 0.000526608
69 1.216 1.20443 0.000546108
70 1.21677 1.2046 0.000566378
71 1.21757 1.20479 0.00058746
72 1.21842 1.20498 0.0006094
73 1.21931 1.20517 0.000632243
74 1.22024 1.20538 0.00065604
75 1.22122 1.20559 0.000680842
76 1.22225 1.20581 0.0007067
77 1.22333 1.20603 0.000733667
78 1.22447 1.20627 0.000761793
79 1.22566 1.20652 0.000791125
80 1.22691 1.20677 0.000821707
81 1.22821 1.20703 0.000853569
82 1.22956 1.20731 0.000886731
83 1.23097 1.20759 0.000921188
84 1.23241 1.20789 0.000956906
85 1.23388 1.2082 0.000993804
86 1.23537 1.20851 0.00103174
87 1.23683 1.20884 0.00107051
88 1.23824 1.20917 0.00110976
89 1.23954 1.20951 0.00114906
90 1.24066 1.20986 0.00118776
91 1.24152 1.21021 0.00122508
92 1.24201 1.21055 0.00126005
93 1.24204 1.21089 0.00129161
94 1.24153 1.21122 0.00131872
95 1.24048 1.21152 0.00134063
96 1.239 1.21181 0.00135711
97 1.23742 1.21208 0.00136876
98 1.23627 1.21232 0.00137703
99 1.23616 1.21256 0.00138415
100 1.23762 1.21281 0.00139296
1 1.20309 1.20309 0
2 1.20783 1.20546 0.00237364
3 1.21357 1.20816 0.0030301
4 1.21962 1.21103 0.00357792
5 1.22543 1.21391 0.00399754
6 1.2306 1.21669 0.00428887
7 1.23492 1.2193 0.00446283
8 1.23826 1.22167 0.00453417
9 1.24058 1.22377 0.00451738
10 1.24182 1.22557 0.00442528
11 1.24192 1.22706 0.0042698
12 1.24087 1.22821 0.00406408
13 1.23871 1.22902 0.00382469
14 1.23566 1.22949 0.00357258
15 1.23209 1.22966 0.00333041
16 1.22858 1.2296 0.00311604
17 1.22574 1.22937 0.00293581
18 1.22404 1.22907 0.00278372
19 1.22374 1.22879 0.00264808
20 1.22489 1.2286 0.00251974
21 1.22749 1.22855 0.00239734
22 1.23149 1.22868 0.00228969
23 1.23682 1.22903 0.00221634
24 1.24324 1.22963 0.00220304
25 1.25028 1.23045 0.00226892
26 1.25734 1.23149 0.00241285
27 1.26383 1.23268 0.00261262
28 1.26931 1.23399 0.00283715
29 1.27359 1.23536 0.00305914
30 1.27669 1.23673 0.00326072
31 1.27882 1.23809 0.00343356
32 1.28028 1.23941 0.00357634
33 1.28132 1.24068 0.00369161
34 1.28211 1.2419 0.00378302
35 1.28266 1.24306 0.00385352
36 1.28286 1.24417 0.00390468
37 1.28258 1.24521 0.00393703
38 1.28177 1.24617 0.00395099
39 1.28052 1.24705 0.00394786
40 1.27906 1.24785 0.00393021
41 1.2777 1.24858 0.00390166
42 1.27672 1.24925 0.00386613
43 1.27629 1.24988 0.00382719
44 1.27641 1.25048 0.0037875
45 1.27693 1.25107 0.00374874
46 1.27768 1.25165 0.00371169
47 1.27852 1.25222 0.00367657
48 1.27943 1.25279 0.00364352
49 1.28051 1.25335 0.00361297
50 1.28196 1.25392 0.00358591
51 1.28398 1.25451 0.00356396
52 1.28676 1.25513 0.00354934
53 1.29039 1.2558 0.0035447
54 1.29487 1.25652 0.00355291
55 1.30012 1.25731 0.00357667
56 1.30596 1.25818 0.00361805
57 1.31217 1.25913 0.00367806
58 1.31851 1.26015 0.00375629
59 1.32472 1.26125 0.00385083
60 1.33056 1.2624 0.00395845
61 1.33585 1.26361 0.00407494
62 1.34041 1.26485 0.00419569
63 1.34414 1.2661 0.00431613
64 1.34698 1.26737 0.00443213
65 1.34892 1.26862 0.00454021
66 1.34997 1.26986 0.00463767
67 1.35017 1.27105 0.00472258
68 1.34957 1.27221 0.00479375
69 1.34823 1.27331 0.00485055
70 1.34619 1.27435 0.0048928
71 1.34345 1.27532 0.00492061
72 1.33997 1.27622 0.00493417
73 1.33565 1.27704 0.00493374
74 1.3304 1.27776 0.00491974
75 1.32417 1.27838 0.00489299
76 1.31707 1.27889 0.00485495
77 1.30936 1.27928 0.00480781
78 1.30136 1.27956 0.0047542
79 1.29343 1.27974 0.00469691
80 1.28619 1.27982 0.00463853
81 1.28088 1.27983 0.00458092
82 1.27931 1.27983 0.00452472
83 1.2829 1.27986 0.00447003
84 1.29139 1.28 0.00441862
85 1.30275 1.28027 0.00437452
86 1.31447 1.28067 0.00434161
87 1.32476 1.28117 0.00432123
88 1.33292 1.28176 0.00431213
89 1.33906 1.28241 0.00431173
90 1.34357 1.28309 0.00431738
91 1.34692 1.28379 0.00432692
92 1.34948 1.2845 0.00433879
93 1.35149 1.28522 0.00435191
94 1.35312 1.28594 0.00436554
95 1.35446 1.28666 0.00437915
96 1.3556 1.28738 0.00439239
97 1.35661 1.2881 0.00440507
98 1.35756 1.28881 0.00441713
99 1.35851 1.28951 0.00442861
100 1.35947 1.29021 0.00443957
1 1.20088 1.20088 0
2 1.20179 1.20134 0.000456589
3 1.20258 1.20175 0.000491565
4 1.2031 1.20209 0.000484594
5 1.20321 1.20231 0.000436897
6 1.20277 1.20239 0.000364783
7 1.20172 1.20229 0.000322652
8 1.20008 1.20202 0.000392844
9 1.19799 1.20157 0.000566193
10 1.19567 1.20098 0.00077744
11 1.19345 1.20029 0.000981379
12 1.19164 1.19957 0.00115001
13 1.19049 1.19888 0.00126766
14 1.19012 1.19825 0.00132984
15 1.19051 1.19773 0.00134132
16 1.19153 1.19735 0.0013132
17 1.19302 1.19709 0.00125952
18 1.19476 1.19696 0.00119451
19 1.19657 1.19694 0.00113008
20 1.19826 1.19701 0.00107411
21 1.19969 1.19713 0.00102963
22 1.20078 1.1973 0.000995617
23 1.20152 1.19748 0.000968883
24 1.20195 1.19767 0.000946103
25 1.20215 1.19785 0.000924987
26 1.20222 1.19802 0.000904484
27 1.20226 1.19817 0.0008844
28 1.2023 1.19832 0.000864872
29 1.20234 1.19846 0.000845951
30 1.20232 1.19859 0.000827346
31 1.20214 1.1987 0.000808369
32 1.20167 1.1988 0.000788159
33 1.20078 1.19886 0.000766259
34 1.19937 1.19887 0.000743535
35 1.19739 1.19883 0.000723214
36 1.19487 1.19872 0.000711404
37 1.19191 1.19854 0.000715954
38 1.18874 1.19828 0.000742996
39 1.18563 1.19795 0.000793072
40 1.18283 1.19758 0.000860532
41 1.18051 1.19716 0.000936804
42 1.17872 1.19672 0.00101417
43 1.1774 1.19627 0.00108749
44 1.17647 1.19582 0.00115388
45 1.17591 1.19538 0.00121162
46 1.17576 1.19495 0.00125938
47 1.17608 1.19455 0.00129608
48 1.17683 1.19418 0.00132142
49 1.1779 1.19385 0.00133615
50 1.17906 1.19355 0.00134214
51 1.18008 1.19329 0.00134182
52 1.18076 1.19305 0.00133765
53 1.18099 1.19282 0.00133175
54 1.18077 1.1926 0.00132576
55 1.18017 1.19237 0.0013209
56 1.17927 1.19214 0.00131803
57 1.17814 1.19189 0.00131778
58 1.17683 1.19163 0.00132064
59 1.17537 1.19136 0.00132699
60 1.17379 1.19106 0.00133713
61 1.1722 1.19075 0.00135089
62 1.17088 1.19043 0.00136703
63 1.17032 1.19011 0.00138253
64 1.17111 1.18982 0.00139277
65 1.17376 1.18957 0.00139324
66 1.17834 1.1894 0.00138248
67 1.1844 1.18933 0.00136373
68 1.19115 1.18935 0.00134379
69 1.19777 1.18947 0.00132978
70 1.20365 1.18968 0.0013262
71 1.2085 1.18994 0.00133399
72 1.21226 1.19025 0.00135135
73 1.21501 1.19059 0.00137519
74 1.21692 1.19095 0.00140236
75 1.21812 1.19131 0.0014302
76 1.21876 1.19167 0.00145673
77 1.21891 1.19202 0.00148056
78 1.21863 1.19237 0.00150072
79 1.21794 1.19269 0.00151656
80 1.21684 1.19299 0.0015276
81 1.2153 1.19327 0.00153355
82 1.21329 1.19351 0.00153428
83 1.21077 1.19372 0.00152988
84 1.20772 1.19389 0.00152072
85 1.20413 1.19401 0.00150755
86 1.20004 1.19408 0.00149157
87 1.19551 1.19409 0.00147442
88 1.19066 1.19405 0.00145809
89 1.18563 1.19396 0.00144472
90 1.18059 1.19381 0.00143628
91 1.1757 1.19361 0.00143428
92 1.17114 1.19337 0.00143949
93 1.16707 1.19308 0.00145172
94 1.16375 1.19277 0.0014697
95 1.16146 1.19244 0.00149103
96 1.1605 1.19211 0.00151246
97 1.16106 1.19179 0.00153063
98 1.16308 1.1915 0.00154301
99 1.16626 1.19124 0.00154847
100 1.17015 1.19103 0.00154734
1 1.20391 1.20391 0
2 1.20787 1.20589 0.00198106
3 1.21144 1.20774 0.00217395
4 1.21443 1.20941 0.00227246
5 1.21671 1.21087 0.00228663
6 1.2181 1.21208 0.00222176
7 1.21841 1.21298 0.0020843
8 1.21748 1.21354 0.0018905
9 1.21524 1.21373 0.00167789
10 1.21187 1.21354 0.00151227
11 1.20789 1.21303 0.00146132
12 1.20421 1.2123 0.00152311
13 1.20191 1.2115 0.00161266
14 1.20184 1.21081 0.00164479
15 1.20415 1.21036 0.0015943
16 1.20828 1.21023 0.00149699
17 1.21328 1.21041 0.00141758
18 1.21823 1.21085 0.00140539
19 1.22255 1.21146 0.00146505
20 1.22597 1.21219 0.00156779
21 1.2285 1.21296 0.00168152
22 1.23026 1.21375 0.00178558
23 1.23138 1.21452 0.00187043
24 1.232 1.21525 0.00193327
25 1.23221 1.21592 0.00197464
26 1.23208 1.21655 0.00199639
27 1.23164 1.2171 0.00200068
28 1.23087 1.2176 0.00198959
29 1.22975 1.21802 0.00196501
30 1.22825 1.21836 0.00192878
31 1.22629 1.21861 0.001883
32 1.22381 1.21877 0.00183043
33 1.22074 1.21883 0.00177509
34 1.21703 1.21878 0.00172291
35 1.21264 1.21861 0.00168213
36 1.20763 1.2183 0.00166293
37 1.2021 1.21786 0.00167557
38 1.1963 1.2173 0.00172678
39 1.19058 1.21661 0.00181603
40 1.18544 1.21583 0.00193401
41 1.18141 1.21499 0.00206462
42 1.17902 1.21414 0.00218933
43 1.17862 1.21331 0.00229184
44 1.1803 1.21256 0.0023615
45 1.18387 1.21192 0.00239485
46 1.18889 1.21142 0.00239511
47 1.1948 1.21107 0.00237013
48 1.201 1.21086 0.00232968
49 1.20701 1.21078 0.00228299
50 1.21244 1.21081 0.00223712
51 1.21711 1.21094 0.00219628
52 1.2209 1.21113 0.00216214
53 1.22383 1.21137 0.00213445
54 1.22595 1.21164 0.00211189
55 1.22734 1.21192 0.00209269
56 1.22807 1.21221 0.00207513
57 1.22825 1.21249 0.00205772
58 1.22792 1.21276 0.00203936
59 1.22718 1.213 0.00201934
60 1.22609 1.21322 0.00199734
61 1.22472 1.21341 0.00197335
62 1.22317 1.21357 0.00194763
63 1.22155 1.21369 0.00192065
64 1.21995 1.21379 0.00189293
65 1.21848 1.21386 0.00186497
66 1.21718 1.21391 0.00183719
67 1.21606 1.21395 0.00180984
68 1.21503 1.21396 0.0017831
69 1.21395 1.21396 0.00175707
70 1.21263 1.21394 0.00173189
71 1.21089 1.2139 0.00170786
72 1.20863 1.21383 0.00168556
73 1.20589 1.21372 0.00166586
74 1.20296 1.21357 0.00164961
75 1.20035 1.2134 0.00163699
76 1.19864 1.2132 0.00162693
77 1.19831 1.21301 0.00161727
78 1.19941 1.21283 0.00160589
79 1.20158 1.21269 0.00159182
80 1.20417 1.21259 0.0015754
81 1.20654 1.21251 0.00155762
82 1.20829 1.21246 0.00153937
83 1.20937 1.21242 0.00152116
84 1.21003 1.21239 0.00150322
85 1.21071 1.21237 0.00148556
86 1.2118 1.21237 0.0014682
87 1.21352 1.21238 0.00145128
88 1.21582 1.21242 0.00143523
89 1.21845 1.21249 0.00142063
90 1.22105 1.21258 0.00140798
91 1.22329 1.2127 0.00139739
92 1.22497 1.21283 0.00138854
93 1.22602 1.21298 0.00138082
94 1.22646 1.21312 0.00137357
95 1.22642 1.21326 0.00136622
96 1.22602 1.21339 0.00135844
97 1.22542 1.21352 0.00135006
98 1.22473 1.21363 0.00134111
99 1.22407 1.21374 0.00133168
100 1.22351 1.21383 0.00132191
1 1.19965 1.19965 0
2 1.19957 1.19961 3.86286e-05
3 1.19989 1.1997 9.57815e-05
4 1.20067 1.19994 0.000252516
5 1.20195 1.20035 0.000446179
6 1.20366 1.2009 0.000660987
7 1.20565 1.20158 0.000879024
8 1.20772 1.20234 0.0010817
9 1.20965 1.20316 0.00125244
10 1.2112 1.20396 0.00137889
11 1.21218 1.20471 0.00145404
12 1.21248 1.20535 0.00147678
13 1.21202 1.20587 0.00145199
14 1.21084 1.20622 0.00139044
15 1.20906 1.20641 0.00130814
16 1.20688 1.20644 0.00122401
17 1.20463 1.20633 0.00115471
18 1.20264 1.20613 0.00110787
19 1.20125 1.20587 0.0010789
20 1.2007 1.20561 0.00105567
21 1.20105 1.2054 0.00102741
22 1.20218 1.20525 0.000990463
23 1.20384 1.20519 0.000948392
24 1.20576 1.20521 0.000908327
25 1.20767 1.20531 0.000876783
26 1.20943 1.20547 0.000857186
27 1.211 1.20567 0.000849912
28 1.21245 1.20592 0.000853951
29 1.21389 1.20619 0.00086864
30 1.21548 1.2065 0.000894527
31 1.21735 1.20685 0.0009333
32 1.21956 1.20725 0.000987058
33 1.22211 1.2077 0.00105733
34 1.22494 1.20821 0.00114422
35 1.22796 1.20877 0.00124614
36 1.23105 1.20939 0.00136004
37 1.23412 1.21006 0.00148205
38 1.23707 1.21077 0.00160811
39 1.23982 1.21151 0.00173441
40 1.24232 1.21228 0.00185765
41 1.24453 1.21307 0.00197508
42 1.24641 1.21386 0.00208452
43 1.24793 1.21466 0.00218422
44 1.24907 1.21544 0.00227285
45 1.24981 1.2162 0.0023494
46 1.25011 1.21694 0.00241313
47 1.24996 1.21764 0.00246355
48 1.24934 1.2183 0.00250044
49 1.24822 1.21891 0.00252386
50 1.24662 1.21947 0.00253419
51 1.24453 1.21996 0.00253215
52 1.242 1.22038 0.00251889
53 1.23907 1.22073 0.00249595
54 1.23585 1.22101 0.00246523
55 1.23245 1.22122 0.00242891
56 1.22905 1.22136 0.00238923
57 1.22583 1.22144 0.00234824
58 1.22301 1.22147 0.00230756
59 1.22077 1.22146 0.00226814
60 1.21926 1.22142 0.00223032
61 1.21856 1.22137 0.00219395
62 1.21866 1.22133 0.00215872
63 1.21948 1.2213 0.00212438
64 1.22086 1.22129 0.00209094
65 1.2226 1.22131 0.00205861
66 1.22447 1.22136 0.00202775
67 1.22621 1.22143 0.00199857
68 1.22757 1.22152 0.00197103
69 1.22831 1.22162 0.00194474
70 1.22821 1.22171 0.00191907
71 1.22712 1.22179 0.00189338
72 1.22498 1.22184 0.00186742
73 1.22183 1.22184 0.00184166
74 1.21783 1.22178 0.00181741
75 1.2133 1.22167 0.00179658
76 1.20866 1.2215 0.00178102
77 1.20445 1.22128 0.00177163
78 1.20118 1.22102 0.00176764
79 1.19932 1.22074 0.0017666
80 1.19913 1.22047 0.00176517
81 1.20065 1.22023 0.00176033
82 1.2037 1.22003 0.00175038
83 1.20791 1.21988 0.00173531
84 1.21285 1.2198 0.00171657
85 1.21811 1.21978 0.00169637
86 1.22332 1.21982 0.00167703
87 1.2282 1.21991 0.00166044
88 1.23256 1.22006 0.00164774
89 1.23627 1.22024 0.00163927
90 1.23927 1.22045 0.00163468
91 1.24152 1.22068 0.00163312
92 1.24303 1.22093 0.00163343
93 1.24383 1.22117 0.00163442
94 1.24395 1.22142 0.001635
95 1.24346 1.22165 0.00163426
96 1.24244 1.22186 0.00163158
97 1.24097 1.22206 0.00162664
98 1.23915 1.22224 0.00161937
99 1.23709 1.22239 0.00160994
100 1.2349 1.22251 0.00159867
1 1.1979 1.1979 0
2 1.19575 1.19683 0.00107397
3 1.19373 1.19579 0.00120454
4 1.19186 1.19481 0.00130012
5 1.19018 1.19388 0.00136858
6 1.18867 1.19301 0.00141539
7 1.18735 1.19221 0.00144431
8 1.18622 1.19146 0.0014577
9 1.18529 1.19077 0.00145682
10 1.18459 1.19015 0.00144234
11 1.18413 1.18961 0.00141475
12 1.18395 1.18913 0.00137487
13 1.18404 1.18874 0.00132412
14 1.18439 1.18843 0.00126467
15 1.18499 1.1882 0.00119946
16 1.1858 1.18805 0.00113198
17 1.18677 1.18798 0.00106597
18 1.18784 1.18797 0.00100504
19 1.18896 1.18802 0.000952086
20 1.19004 1.18812 0.000908859
21 1.19104 1.18826 0.000875599
22 1.1919 1.18843 0.000851111
23 1.1926 1.18861 0.000833247
24 1.19312 1.1888 0.000819671
25 1.19352 1.18899 0.000808591
26 1.19387 1.18917 0.000799225
27 1.19428 1.18936 0.00079194
28 1.19488 1.18956 0.000788147
29 1.19577 1.18977 0.00079003
30 1.19696 1.19001 0.000799997
31 1.19839 1.19028 0.000819557
32 1.19983 1.19058 0.000847811
33 1.20102 1.1909 0.00088047
34 1.20161 1.19121 0.000910389
35 1.20129 1.1915 0.000929698
36 1.19985 1.19173 0.000932801
37 1.19723 1.19188 0.000919322
38 1.19358 1.19193 0.000895919
39 1.18929 1.19186 0.000875256
40 1.18492 1.19168 0.000870545
41 1.18107 1.19143 0.000887636
42 1.17824 1.19111 0.000921381
43 1.17676 1.19078 0.000959626
44 1.17681 1.19046 0.000989856
45 1.17845 1.19019 0.00100373
46 1.18157 1.19001 0.000999423
47 1.18576 1.18992 0.000982101
48 1.19033 1.18992 0.000961462
49 1.19445 1.19002 0.000946149
50 1.19729 1.19016 0.000938388
51 1.19829 1.19032 0.000933501
52 1.19719 1.19045 0.000924856
53 1.19416 1.19052 0.000909931
54 1.18974 1.19051 0.000893039
55 1.18476 1.1904 0.000882869
56 1.1801 1.19022 0.000886255
57 1.17651 1.18998 0.000903179
58 1.17438 1.18971 0.000927354
59 1.17379 1.18944 0.000950625
60 1.17465 1.18919 0.000966631
61 1.17678 1.18899 0.00097219
62 1.17998 1.18885 0.000967373
63 1.18394 1.18877 0.000955072
64 1.18832 1.18876 0.000940056
65 1.19271 1.18882 0.000927476
66 1.19675 1.18894 0.000921173
67 1.20014 1.18911 0.000922573
68 1.20272 1.18931 0.00093068
69 1.20446 1.18953 0.000942999
70 1.2054 1.18976 0.00095669
71 1.20567 1.18998 0.000969376
72 1.20538 1.19019 0.000979472
73 1.20469 1.19039 0.00098616
74 1.20371 1.19057 0.000989242
75 1.20256 1.19073 0.000988965
76 1.20138 1.19087 0.000985866
77 1.20029 1.19099 0.000980641
78 1.19944 1.1911 0.000974024
79 1.19893 1.1912 0.000966709
80 1.19886 1.1913 0.000959337
81 1.19928 1.1914 0.00095253
82 1.2002 1.1915 0.000946952
83 1.2016 1.19162 0.000943357
84 1.20341 1.19177 0.000942568
85 1.20552 1.19193 0.000945374
86 1.20779 1.19211 0.000952354
87 1.21006 1.19232 0.000963698
88 1.2122 1.19254 0.000979096
89 1.21406 1.19279 0.000997753
90 1.21555 1.19304 0.00101852
91 1.21663 1.1933 0.00104008
92 1.21726 1.19356 0.00106118
93 1.21747 1.19382 0.00108074
94 1.21728 1.19406 0.00109794
95 1.21677 1.1943 0.0011123
96 1.21599 1.19453 0.0011236
97 1.21501 1.19474 0.00113183
98 1.21391 1.19494 0.00113717
99 1.21274 1.19512 0.0011399
100 1.21155 1.19528 0.00114035
1 1.19887 1.19887 0
2 1.1977 1.19828 0.000584625
3 1.19655 1.1977 0.000669905
4 1.19539 1.19713 0.000747269
5 1.1942 1.19654 0.000822387
6 1.19296 1.19595 0.00089817
7 1.19168 1.19534 0.000973759
8 1.19042 1.19472 0.00104319
9 1.18938 1.19413 0.00109504
10 1.1888 1.19359 0.00111481
11 1.18901 1.19318 0.00109125
12 1.19022 1.19293 0.0010262
13 1.19249 1.1929 0.000944573
14 1.19563 1.19309 0.000895965
15 1.19923 1.1935 0.000929003
16 1.20282 1.19408 0.00104618
17 1.20597 1.19478 0.00120622
18 1.20838 1.19554 0.00136514
19 1.20986 1.19629 0.00149526
20 1.21039 1.197 0.0015841
21 1.21003 1.19762 0.00162965
22 1.20892 1.19813 0.00163654
23 1.20725 1.19853 0.00161328
24 1.20529 1.19881 0.00157012
25 1.20334 1.19899 0.00151688
26 1.20173 1.1991 0.00146118
27 1.20078 1.19916 0.00140741
28 1.20074 1.19922 0.00135739
29 1.20175 1.1993 0.00131266
30 1.20378 1.19945 0.00127692
31 1.20666 1.19969 0.00125671
32 1.21007 1.20001 0.00125931
33 1.21363 1.20042 0.00128845
34 1.21696 1.20091 0.00134127
35 1.21969 1.20145 0.00140858
36 1.22153 1.202 0.00147821
37 1.2223 1.20255 0.00153885
38 1.222 1.20306 0.00158281
39 1.2208 1.20352 0.00160736
40 1.21912 1.20391 0.00161447
41 1.21752 1.20424 0.00160923
42 1.21659 1.20453 0.00159774
43 1.21672 1.20482 0.00158565
44 1.21797 1.20512 0.00157775
45 1.22008 1.20545 0.00157775
46 1.22261 1.20582 0.00158751
47 1.22503 1.20623 0.00160622
48 1.22694 1.20666 0.00163052
49 1.22808 1.2071 0.00165562
50 1.22836 1.20752 0.00167695
51 1.22786 1.20792 0.00169143
52 1.22681 1.20829 0.0016979
53 1.22553 1.20861 0.00169702
54 1.22435 1.2089 0.0016906
55 1.22361 1.20917 0.00168097
56 1.22352 1.20943 0.00167044
57 1.22415 1.20969 0.00166109
58 1.22545 1.20996 0.00165467
59 1.22721 1.21025 0.00165245
60 1.22919 1.21057 0.00165505
61 1.23115 1.2109 0.00166229
62 1.2329 1.21126 0.0016733
63 1.23432 1.21162 0.00168673
64 1.23537 1.21199 0.00170112
65 1.23605 1.21236 0.00171513
66 1.23639 1.21273 0.00172772
67 1.23646 1.21308 0.00173822
68 1.23636 1.21342 0.00174634
69 1.23617 1.21375 0.00175212
70 1.23601 1.21407 0.00175594
71 1.23601 1.21438 0.00175838
72 1.23625 1.21469 0.00176019
73 1.23681 1.21499 0.00176218
74 1.2377 1.2153 0.0017651
75 1.23886 1.21561 0.00176952
76 1.24017 1.21593 0.00177573
77 1.24145 1.21626 0.00178358
78 1.24254 1.2166 0.0017925
79 1.24323 1.21694 0.00180148
80 1.24338 1.21727 0.00180926
81 1.24288 1.21758 0.00181454
82 1.24169 1.21788 0.00181623
83 1.23986 1.21814 0.00181365
84 1.23748 1.21837 0.00180664
85 1.23473 1.21857 0.0017956
86 1.23185 1.21872 0.00178131
87 1.2291 1.21884 0.00176476
88 1.22673 1.21893 0.00174689
89 1.22495 1.219 0.00172847
90 1.22391 1.21905 0.00171003
91 1.22366 1.2191 0.00169189
92 1.22415 1.21916 0.0016743
93 1.22519 1.21922 0.00165747
94 1.22652 1.2193 0.00164158
95 1.22785 1.21939 0.0016267
96 1.22895 1.21949 0.00161274
97 1.22972 1.21959 0.00159951
98 1.23021 1.2197 0.0015868
99 1.23054 1.21981 0.0015745
100 1.2308 1.21992 0.00156255
1 1.20013 1.20013 0
2 1.20013 1.20013 2.58096e-08
3 1.1999 1.20005 7.46719e-05
4 1.19947 1.19991 0.000155484
5 1.19897 1.19972 0.000223011
6 1.19864 1.19954 0.000256037
7 1.1987 1.19942 0.000247532
8 1.19924 1.1994 0.000215511
9 1.2002 1.19949 0.000210056
10 1.20137 1.19967 0.000265853
11 1.20246 1.19993 0.000349027
12 1.2032 1.2002 0.000419302
13 1.20338 1.20044 0.000456817
14 1.20289 1.20062 0.000457615
15 1.20171 1.20069 0.000432139
16 1.1999 1.20064 0.000407256
17 1.19761 1.20046 0.000421998
18 1.19505 1.20016 0.000498773
19 1.19243 1.19976 0.000623134
20 1.18996 1.19927 0.00076761
21 1.18782 1.19872 0.000911101
22 1.18611 1.19815 0.00104082
23 1.18485 1.19757 0.00115038
24 1.184 1.197 0.00123799
25 1.18347 1.19646 0.00130496
26 1.18314 1.19595 0.00135437
27 1.1829 1.19547 0.00138995
28 1.18268 1.19501 0.00141514
29 1.18245 1.19458 0.00143255
30 1.18226 1.19417 0.00144358
31 1.18223 1.19378 0.00144833
32 1.1825 1.19343 0.00144599
33 1.18318 1.19312 0.00143549
34 1.18434 1.19286 0.00141637
35 1.18594 1.19266 0.00138946
36 1.18784 1.19253 0.00135693
37 1.18988 1.19246 0.00132168
38 1.19185 1.19244 0.00128653
39 1.1936 1.19247 0.00125346
40 1.19499 1.19253 0.00122335
41 1.19599 1.19262 0.00119611
42 1.19657 1.19271 0.00117106
43 1.19675 1.19281 0.00114736
44 1.19658 1.19289 0.00112425
45 1.19609 1.19296 0.00110128
46 1.19534 1.19301 0.00107831
47 1.19437 1.19304 0.00105551
48 1.19323 1.19305 0.0010333
49 1.19194 1.19302 0.00101224
50 1.19056 1.19298 0.000993016
51 1.1891 1.1929 0.00097632
52 1.18758 1.1928 0.000962819
53 1.186 1.19267 0.000953138
54 1.18436 1.19252 0.000947894
55 1.1826 1.19233 0.000947813
56 1.18062 1.19213 0.000953936
57 1.17831 1.19188 0.00096791
58 1.17546 1.1916 0.000992326
59 1.1719 1.19127 0.00103094
60 1.16748 1.19087 0.00108836
61 1.16225 1.1904 0.00116867
62 1.15657 1.18985 0.00127258
63 1.15124 1.18924 0.00139421
64 1.14736 1.18859 0.00152032
65 1.14595 1.18793 0.00163419
66 1.14739 1.18732 0.00172248
67 1.1512 1.18678 0.00178015
68 1.1563 1.18633 0.00181013
69 1.16155 1.18597 0.00181949
70 1.16613 1.18569 0.00181557
71 1.16966 1.18546 0.00180399
72 1.17209 1.18528 0.00178843
73 1.17352 1.18511 0.0017711
74 1.17415 1.18497 0.00175328
75 1.17417 1.18482 0.00173573
76 1.17375 1.18468 0.00171892
77 1.17305 1.18453 0.00170316
78 1.17219 1.18437 0.00168861
79 1.17128 1.1842 0.00167532
80 1.17041 1.18403 0.0016632
81 1.16967 1.18385 0.00165207
82 1.16912 1.18367 0.00164167
83 1.16879 1.18349 0.00163166
84 1.16871 1.18332 0.0016217
85 1.16887 1.18315 0.0016115
86 1.16925 1.18299 0.00160083
87 1.16981 1.18283 0.00158956
88 1.17048 1.18269 0.00157765
89 1.17122 1.18256 0.00156514
90 1.17194 1.18245 0.00155215
91 1.17259 1.18234 0.00153881
92 1.17312 1.18224 0.00152529
93 1.17346 1.18214 0.00151175
94 1.1736 1.18205 0.00149834
95 1.17353 1.18196 0.00148519
96 1.17325 1.18187 0.00147244
97 1.17279 1.18178 0.00146019
98 1.17221 1.18168 0.00144851
99 1.17156 1.18158 0.00143744
100 1.17091 1.18147 0.00142699
1 1.1994 1.1994 0
2 1.19883 1.19911 0.000288461
3 1.19828 1.19884 0.000323574
4 1.19773 1.19856 0.000359931
5 1.1971 1.19827 0.000403392
6 1.19637 1.19795 0.000456399
7 1.19554 1.19761 0.000516877
8 1.19468 1.19724 0.00057793
9 1.19392 1.19687 0.000629202
10 1.19343 1.19653 0.000659893
11 1.19336 1.19624 0.000662636
12 1.19384 1.19604 0.000637223
13 1.19486 1.19595 0.000593156
14 1.19635 1.19598 0.000549886
15 1.19814 1.19612 0.00053175
16 1.20004 1.19637 0.000554422
17 1.20188 1.19669 0.000613594
18 1.20353 1.19707 0.000692057
19 1.20489 1.19748 0.00077324
20 1.20592 1.19791 0.000846328
21 1.20662 1.19832 0.000905608
22 1.20697 1.19871 0.000948723
23 1.20699 1.19907 0.000975322
24 1.20669 1.19939 0.000986232
25 1.20607 1.19966 0.000983026
26 1.20516 1.19987 0.000967875
27 1.20396 1.20002 0.000943559
28 1.2025 1.20011 0.000913528
29 1.20084 1.20013 0.000881821
30 1.19906 1.2001 0.000852678
31 1.19727 1.20001 0.00082975
32 1.1956 1.19987 0.00081511
33 1.19418 1.1997 0.000808589
34 1.19312 1.1995 0.000807933
35 1.19249 1.1993 0.000809696
36 1.19234 1.19911 0.000810313
37 1.1927 1.19894 0.0008069
38 1.19362 1.1988 0.000797758
39 1.19509 1.1987 0.00078282
40 1.19709 1.19866 0.000764056
41 1.19952 1.19868 0.000745481
42 1.20219 1.19877 0.000732282
43 1.20487 1.19891 0.000728992
44 1.20735 1.1991 0.000737618
45 1.20947 1.19933 0.000757005
46 1.21118 1.19959 0.000783884
47 1.21248 1.19986 0.000814618
48 1.21349 1.20015 0.000846496
49 1.21434 1.20044 0.000878184
50 1.21518 1.20073 0.000909553
51 1.21612 1.20103 0.000941243
52 1.21724 1.20134 0.000974203
53 1.21855 1.20167 0.00100929
54 1.21999 1.20201 0.00104694
55 1.22148 1.20236 0.00108698
56 1.22288 1.20273 0.00112851
57 1.22404 1.2031 0.0011699
58 1.22478 1.20348 0.00120876
59 1.22484 1.20384 0.00124205
60 1.22392 1.20417 0.0012662
61 1.22165 1.20446 0.00127781
62 1.21775 1.20467 0.00127517
63 1.21222 1.20479 0.00126047
64 1.20577 1.20481 0.00124071
65 1.19999 1.20473 0.00122372
66 1.19701 1.20462 0.0012107
67 1.19835 1.20452 0.00119615
68 1.20381 1.20451 0.00117848
69 1.21156 1.20462 0.00116576
70 1.21941 1.20483 0.00116827
71 1.22581 1.20512 0.001189
72 1.23014 1.20547 0.00122279
73 1.23248 1.20584 0.0012614
74 1.23318 1.20621 0.00129795
75 1.23273 1.20656 0.00132844
76 1.23154 1.20689 0.00135143
77 1.23001 1.20719 0.00136714
78 1.22844 1.20746 0.00137672
79 1.22708 1.20771 0.00138168
80 1.22613 1.20794 0.0013836
81 1.22573 1.20816 0.00138394
82 1.22594 1.20838 0.00138404
83 1.22679 1.2086 0.00138514
84 1.22826 1.20883 0.00138842
85 1.23029 1.20909 0.00139502
86 1.23279 1.20936 0.00140599
87 1.23565 1.20967 0.0014222
88 1.23875 1.21 0.00144427
89 1.24196 1.21035 0.00147242
90 1.24516 1.21074 0.00150647
91 1.24823 1.21115 0.00154572
92 1.25101 1.21159 0.00158903
93 1.25338 1.21204 0.00163483
94 1.25517 1.21249 0.00168118
95 1.25622 1.21296 0.00172589
96 1.25633 1.21341 0.00176658
97 1.25534 1.21384 0.00180092
98 1.25307 1.21424 0.00182685
99 1.24946 1.2146 0.00184297
100 1.24458 1.2149 0.00184892
1 1.19443 1.19443 0
2 1.1883 1.19137 0.00306521
3 1.18263 1.18845 0.00340916
4 1.1781 1.18587 0.00353688
5 1.17515 1.18372 0.00347863
6 1.1738 1.18207 0.0032864
7 1.17381 1.18089 0.00301756
8 1.17483 1.18013 0.00272093
9 1.17656 1.17974 0.00243224
10 1.17885 1.17965 0.00217726
11 1.18165 1.17983 0.00197778
12 1.18495 1.18026 0.00185516
13 1.18874 1.18091 0.001827
14 1.19294 1.18177 0.00189716
15 1.19736 1.18281 0.00204923
16 1.20172 1.18399 0.00225219
17 1.20573 1.18527 0.00247205
18 1.20908 1.18659 0.00268002
19 1.21157 1.18791 0.00285567
20 1.21306 1.18916 0.00298695
21 1.21353 1.19032 0.00306895
22 1.213 1.19135 0.00310237
23 1.21157 1.19223 0.00309193
24 1.20936 1.19295 0.00304506
25 1.20652 1.19349 0.00297073
26 1.2032 1.19386 0.00287853
27 1.19955 1.19407 0.00277785
28 1.19567 1.19413 0.00267741
29 1.19169 1.19405 0.00258481
30 1.18776 1.19384 0.00250594
31 1.18408 1.19352 0.0024441
32 1.18091 1.19313 0.0023991
33 1.17845 1.19268 0.00236741
34 1.17682 1.19222 0.00234365
35 1.17593 1.19175 0.00232276
36 1.1756 1.1913 0.00230149
37 1.17552 1.19088 0.00227869
38 1.17543 1.19047 0.00225486
39 1.17506 1.19007 0.00223154
40 1.17421 1.18968 0.00221089
41 1.17278 1.18927 0.00219534
42 1.17076 1.18883 0.00218726
43 1.16834 1.18835 0.0021883
44 1.16575 1.18783 0.00219881
45 1.16328 1.18729 0.00221758
46 1.16111 1.18672 0.00224226
47 1.15934 1.18614 0.00227008
48 1.15797 1.18555 0.00229843
49 1.15704 1.18497 0.00232501
50 1.1566 1.1844 0.00234761
51 1.15677 1.18386 0.00236403
52 1.15767 1.18336 0.00237221
53 1.15935 1.1829 0.00237071
54 1.16174 1.18251 0.00235919
55 1.16465 1.18219 0.00233856
56 1.16782 1.18193 0.0023107
57 1.17099 1.18174 0.0022779
58 1.17392 1.1816 0.00224234
59 1.17647 1.18152 0.00220572
60 1.17857 1.18147 0.0021692
61 1.18019 1.18145 0.00213345
62 1.18136 1.18144 0.00209876
63 1.1821 1.18146 0.0020652
64 1.18244 1.18147 0.00203273
65 1.18239 1.18148 0.00200127
66 1.18196 1.18149 0.00197072
67 1.18114 1.18149 0.0019411
68 1.17988 1.18146 0.00191248
69 1.17817 1.18142 0.00188517
70 1.17593 1.18134 0.00185969
71 1.17314 1.18122 0.00183694
72 1.16977 1.18106 0.00181821
73 1.16586 1.18085 0.00180518
74 1.16154 1.18059 0.00179965
75 1.15703 1.18028 0.00180306
76 1.15272 1.17992 0.00181576
77 1.14903 1.17952 0.00183636
78 1.14638 1.17909 0.00186177
79 1.14506 1.17866 0.00188786
80 1.14511 1.17824 0.00191072
81 1.14635 1.17785 0.00192761
82 1.14845 1.17749 0.00193741
83 1.151 1.17717 0.00194035
84 1.15364 1.17689 0.00193746
85 1.15608 1.17664 0.00193012
86 1.15816 1.17643 0.00191961
87 1.1598 1.17624 0.00190702
88 1.16098 1.17606 0.00189319
89 1.16174 1.1759 0.00187871
90 1.16214 1.17575 0.00186399
91 1.16227 1.1756 0.00184934
92 1.16217 1.17546 0.00183495
93 1.16191 1.17531 0.00182096
94 1.16153 1.17516 0.00180744
95 1.16107 1.17502 0.00179445
96 1.16056 1.17487 0.00178204
97 1.16 1.17471 0.00177022
98 1.1594 1.17456 0.00175902
99 1.15874 1.1744 0.00174847
100 1.15799 1.17423 0.00173865
1 1.1991 1.1991 0
2 1.1979 1.1985 0.000598125
3 1.19633 1.19778 0.000802071
4 1.19424 1.19689 0.00105179
5 1.19147 1.19581 0.00135607
6 1.18793 1.1945 0.00171778
7 1.18358 1.19294 0.00213106
8 1.17853 1.19113 0.00257871
9 1.1731 1.18913 0.0030311
10 1.16782 1.187 0.00344817
11 1.16339 1.18485 0.00378614
12 1.1605 1.18282 0.00400805
13 1.15966 1.18104 0.00409501
14 1.16099 1.17961 0.00405278
15 1.16421 1.17858 0.00391007
16 1.16872 1.17797 0.00370908
17 1.17381 1.17772 0.00349265
18 1.17883 1.17778 0.00329347
19 1.18332 1.17808 0.00312893
20 1.18705 1.17852 0.00300205
21 1.18992 1.17907 0.00290659
22 1.19197 1.17965 0.00283273
23 1.19331 1.18025 0.00277109
24 1.19402 1.18082 0.00271449
25 1.19421 1.18136 0.00265815
26 1.19393 1.18184 0.00259924
27 1.19321 1.18226 0.00253635
28 1.19209 1.18261 0.00246915
29 1.19056 1.18289 0.0023982
30 1.18868 1.18308 0.00232492
31 1.18655 1.18319 0.00225146
32 1.18432 1.18323 0.00218025
33 1.18225 1.1832 0.00211336
34 1.18061 1.18312 0.00205167
35 1.1797 1.18302 0.00199458
36 1.17972 1.18293 0.00194055
37 1.1807 1.18287 0.00188834
38 1.18254 1.18286 0.00183799
39 1.18498 1.18292 0.00179106
40 1.18769 1.18304 0.00174979
41 1.19038 1.18322 0.00171596
42 1.19281 1.18344 0.00169012
43 1.1948 1.18371 0.00167135
44 1.19624 1.18399 0.00165758
45 1.19707 1.18428 0.00164618
46 1.19725 1.18457 0.00163449
47 1.19676 1.18482 0.00162026
48 1.1956 1.18505 0.00160194
49 1.19375 1.18523 0.00157893
50 1.19126 1.18535 0.00155173
51 1.18818 1.1854 0.00152202
52 1.1846 1.18539 0.00149254
53 1.18069 1.1853 0.00146679
54 1.17663 1.18514 0.0014483
55 1.17263 1.18491 0.00143979
56 1.16891 1.18463 0.00144243
57 1.16563 1.18429 0.00145555
58 1.1629 1.18392 0.00147704
59 1.16074 1.18353 0.00150402
60 1.15915 1.18312 0.00153355
61 1.1581 1.18271 0.00156298
62 1.15761 1.18231 0.00158999
63 1.15771 1.18192 0.00161253
64 1.15851 1.18155 0.00162873
65 1.16011 1.18122 0.00163705
66 1.16259 1.18094 0.00163658
67 1.16592 1.18072 0.00162749
68 1.16992 1.18056 0.00161121
69 1.17431 1.18047 0.00159027
70 1.17869 1.18044 0.00156759
71 1.1827 1.18047 0.00154568
72 1.18602 1.18055 0.00152601
73 1.18849 1.18066 0.00150888
74 1.19006 1.18079 0.00149377
75 1.19085 1.18092 0.00147981
76 1.19104 1.18105 0.00146628
77 1.19088 1.18118 0.00145272
78 1.19056 1.1813 0.00143901
79 1.19018 1.18141 0.00142512
80 1.18969 1.18152 0.00141098
81 1.18891 1.18161 0.00139644
82 1.18763 1.18168 0.00138126
83 1.18565 1.18173 0.00136535
84 1.18292 1.18174 0.00134907
85 1.1796 1.18172 0.00133334
86 1.17607 1.18165 0.00131938
87 1.17291 1.18155 0.00130799
88 1.17076 1.18143 0.00129885
89 1.17012 1.1813 0.00129045
90 1.17119 1.18119 0.00128097
91 1.17377 1.18111 0.00126943
92 1.17737 1.18107 0.00125622
93 1.18139 1.18107 0.00124264
94 1.18533 1.18112 0.00123018
95 1.18883 1.1812 0.00121987
96 1.19174 1.18131 0.00121208
97 1.19404 1.18144 0.00120669
98 1.19578 1.18159 0.00120325
99 1.19706 1.18174 0.00120124
100 1.19796 1.1819 0.00120018
1 1.20056 1.20056 0
2 1.20093 1.20075 0.000188221
3 1.20114 1.20088 0.00016936
4 1.20119 1.20095 0.000142625
5 1.20109 1.20098 0.000113839
6 1.20084 1.20096 9.58065e-05
7 1.20042 1.20088 0.000112076
8 1.19978 1.20074 0.000168727
9 1.19888 1.20053 0.000255123
10 1.19766 1.20025 0.00036686
11 1.19607 1.19987 0.000504147
12 1.19406 1.19938 0.000668123
13 1.19159 1.19878 0.000858763
14 1.18869 1.19806 0.00107308
15 1.18551 1.19723 0.00130335
16 1.18228 1.19629 0.0015359
17 1.17941 1.1953 0.0017516
18 1.17735 1.1943 0.00192912
19 1.17652 1.19337 0.00205072
20 1.17711 1.19255 0.00210835
21 1.17902 1.19191 0.00210637
22 1.18188 1.19145 0.00205939
23 1.18521 1.19118 0.00198645
24 1.18856 1.19107 0.00190501
25 1.19165 1.1911 0.00182737
26 1.19432 1.19122 0.00176006
27 1.19657 1.19142 0.00170516
28 1.19842 1.19167 0.00166205
29 1.19994 1.19195 0.0016289
30 1.20119 1.19226 0.00160347
31 1.20217 1.19258 0.00158351
32 1.20291 1.1929 0.00156682
33 1.20337 1.19322 0.00155139
34 1.20354 1.19352 0.00153539
35 1.2034 1.19381 0.00151736
36 1.20294 1.19406 0.00149626
37 1.20215 1.19428 0.0014716
38 1.20107 1.19446 0.00144346
39 1.19973 1.19459 0.00141244
40 1.19819 1.19468 0.00137961
41 1.19652 1.19473 0.00134628
42 1.19479 1.19473 0.00131384
43 1.19308 1.19469 0.0012835
44 1.19145 1.19462 0.00125615
45 1.18998 1.19451 0.00123223
46 1.18874 1.19439 0.00121166
47 1.18783 1.19425 0.00119379
48 1.18734 1.19411 0.00117748
49 1.18741 1.19397 0.00116125
50 1.18815 1.19385 0.00114372
51 1.18962 1.19377 0.00112415
52 1.1918 1.19373 0.00110297
53 1.1946 1.19375 0.00108208
54 1.19783 1.19382 0.00106454
55 1.20122 1.19396 0.00105362
56 1.20446 1.19415 0.0010515
57 1.20723 1.19437 0.00105808
58 1.20915 1.19463 0.00107045
59 1.20989 1.19489 0.00108346
60 1.2091 1.19513 0.00109128
61 1.20661 1.19531 0.00108962
62 1.20248 1.19543 0.00107813
63 1.19734 1.19546 0.00106131
64 1.1924 1.19541 0.00104569
65 1.18924 1.19532 0.00103384
66 1.18912 1.19522 0.00102238
67 1.1922 1.19518 0.00100801
68 1.19751 1.19521 0.000993668
69 1.20353 1.19533 0.000986552
70 1.20897 1.19553 0.000991684
71 1.21313 1.19578 0.00100858
72 1.21583 1.19605 0.00103275
73 1.21718 1.19634 0.00105883
74 1.21741 1.19663 0.00108252
75 1.21675 1.1969 0.00110116
76 1.2154 1.19714 0.00111351
77 1.21353 1.19735 0.00111937
78 1.21129 1.19753 0.00111929
79 1.20885 1.19767 0.00111429
80 1.20639 1.19778 0.00110565
81 1.20409 1.19786 0.00109469
82 1.20217 1.19791 0.00108253
83 1.20079 1.19795 0.00106997
84 1.2001 1.19797 0.00105747
85 1.20015 1.198 0.00104527
86 1.20092 1.19803 0.0010336
87 1.20231 1.19808 0.00102283
88 1.20415 1.19815 0.00101349
89 1.20623 1.19824 0.00100614
90 1.20833 1.19835 0.00100119
91 1.21031 1.19849 0.000998795
92 1.21207 1.19863 0.000998852
93 1.21359 1.19879 0.00100106
94 1.21488 1.19897 0.00100503
95 1.21593 1.19914 0.0010103
96 1.21674 1.19933 0.00101639
97 1.21731 1.19951 0.00102281
98 1.21765 1.1997 0.0010291
99 1.2178 1.19988 0.00103494
100 1.21785 1.20006 0.00104018
1 1.20003 1.20003 0
2 1.20018 1.20011 7.73555e-05
3 1.20055 1.20025 0.000155613
4 1.20119 1.20049 0.000259185
5 1.20212 1.20082 0.000382874
6 1.20331 1.20123 0.000519656
7 1.20469 1.20173 0.000661698
8 1.20621 1.20229 0.000801249
9 1.20775 1.20289 0.000931362
10 1.20922 1.20353 0.0010464
11 1.21056 1.20416 0.00114237
12 1.21169 1.20479 0.00121698
13 1.21258 1.20539 0.00126954
14 1.21319 1.20595 0.00130069
15 1.21352 1.20645 0.00131199
16 1.21358 1.2069 0.00130556
17 1.21335 1.20728 0.00128376
18 1.21284 1.20759 0.00124911
19 1.21202 1.20782 0.00120433
20 1.21088 1.20797 0.00115271
21 1.20941 1.20804 0.00109857
22 1.20762 1.20802 0.00104762
23 1.20555 1.20791 0.00100676
24 1.20331 1.20772 0.000982834
25 1.201 1.20745 0.000980318
26 1.19877 1.20712 0.000999271
27 1.19677 1.20674 0.00103507
28 1.19512 1.20632 0.0010803
29 1.19388 1.20589 0.00112721
30 1.19311 1.20547 0.00116937
31 1.19282 1.20506 0.00120237
32 1.19298 1.20468 0.00122383
33 1.19354 1.20434 0.00123328
34 1.19437 1.20405 0.00123192
35 1.19528 1.2038 0.00122219
36 1.19604 1.20358 0.00120714
37 1.19641 1.20339 0.00118996
38 1.19614 1.2032 0.00117384
39 1.19506 1.20299 0.00116224
40 1.19311 1.20274 0.00115945
41 1.19037 1.20244 0.00117039
42 1.1871 1.20208 0.00119914
43 1.18371 1.20165 0.00124642
44 1.18065 1.20117 0.00130792
45 1.17839 1.20067 0.00137513
46 1.17723 1.20016 0.00143816
47 1.17732 1.19967 0.00148872
48 1.17862 1.19923 0.00152193
49 1.18093 1.19886 0.00153663
50 1.18399 1.19856 0.00153466
51 1.18754 1.19834 0.00151972
52 1.19132 1.19821 0.00149632
53 1.19517 1.19815 0.00146894
54 1.19894 1.19817 0.00144155
55 1.20255 1.19825 0.00141734
56 1.20593 1.19838 0.00139856
57 1.20902 1.19857 0.00138643
58 1.21177 1.1988 0.0013812
59 1.21413 1.19906 0.00138224
60 1.21605 1.19934 0.00138819
61 1.21748 1.19964 0.00139725
62 1.21838 1.19994 0.00140739
63 1.21873 1.20024 0.0014166
64 1.21847 1.20052 0.0014231
65 1.21761 1.20079 0.00142547
66 1.21612 1.20102 0.0014228
67 1.21403 1.20121 0.00141479
68 1.21137 1.20136 0.00140181
69 1.20822 1.20146 0.00138491
70 1.20468 1.20151 0.00136575
71 1.2009 1.2015 0.00134641
72 1.19707 1.20144 0.001329
73 1.19338 1.20133 0.00131531
74 1.19004 1.20117 0.00130636
75 1.18721 1.20099 0.00130221
76 1.18503 1.20078 0.001302
77 1.18359 1.20056 0.00130422
78 1.18296 1.20033 0.001307
79 1.18317 1.20011 0.00130851
80 1.18417 1.19991 0.00130733
81 1.18586 1.19974 0.0013027
82 1.188 1.1996 0.00129465
83 1.19029 1.19948 0.00128387
84 1.1924 1.1994 0.00127129
85 1.19407 1.19934 0.00125781
86 1.19513 1.19929 0.00124406
87 1.19552 1.19925 0.00123044
88 1.19535 1.1992 0.00121718
89 1.1948 1.19915 0.00120444
90 1.19417 1.1991 0.00119227
91 1.19378 1.19904 0.00118054
92 1.1939 1.19898 0.00116897
93 1.19466 1.19894 0.00115726
94 1.19606 1.19891 0.0011453
95 1.19791 1.19889 0.00113322
96 1.19992 1.19891 0.00112141
97 1.20179 1.19894 0.00111019
98 1.20324 1.19898 0.00109968
99 1.20407 1.19903 0.00108973
100 1.20416 1.19908 0.00108
1 1.19927 1.19927 0
2 1.19783 1.19855 0.000717861
3 1.19588 1.19766 0.00098271
4 1.19367 1.19666 0.00121552
5 1.19157 1.19564 0.00138684
6 1.18999 1.1947 0.00147356
7 1.18928 1.19393 0.00146613
8 1.1897 1.1934 0.00137535
9 1.19125 1.19316 0.0012363
10 1.19374 1.19322 0.0011073
11 1.19685 1.19355 0.0010546
12 1.2002 1.1941 0.00111089
13 1.20345 1.19482 0.00124966
14 1.20634 1.19564 0.00141986
15 1.20868 1.19651 0.00158187
16 1.21031 1.19737 0.00171267
17 1.21112 1.19818 0.00180051
18 1.21099 1.19889 0.00184065
19 1.20982 1.19947 0.0018336
20 1.20753 1.19987 0.00178562
21 1.20414 1.20008 0.00171057
22 1.1998 1.20006 0.00163101
23 1.19492 1.19984 0.00157445
24 1.19012 1.19944 0.00156089
25 1.18612 1.1989 0.00158904
26 1.18348 1.19831 0.00163785
27 1.18233 1.19772 0.00168353
28 1.18228 1.19717 0.00171337
29 1.18271 1.19667 0.00172675
30 1.183 1.19621 0.00172927
31 1.18287 1.19578 0.00172704
32 1.1824 1.19536 0.00172369
33 1.18197 1.19496 0.00171928
34 1.18202 1.19458 0.00171079
35 1.1829 1.19424 0.00169434
36 1.18468 1.19398 0.0016679
37 1.18716 1.19379 0.00163261
38 1.19002 1.19369 0.00159217
39 1.1929 1.19367 0.00155094
40 1.19557 1.19372 0.00151242
41 1.19792 1.19382 0.00147862
42 1.19994 1.19397 0.0014503
43 1.20168 1.19415 0.00142749
44 1.20325 1.19436 0.00140993
45 1.20473 1.19459 0.00139741
46 1.2062 1.19484 0.00138981
47 1.2077 1.19511 0.00138718
48 1.20927 1.19541 0.00138964
49 1.21091 1.19572 0.00139728
50 1.21259 1.19606 0.00141
51 1.21426 1.19642 0.00142742
52 1.21585 1.19679 0.00144871
53 1.21724 1.19718 0.00147255
54 1.21834 1.19757 0.00149723
55 1.21906 1.19796 0.00152081
56 1.21934 1.19834 0.00154144
57 1.21917 1.19871 0.0015576
58 1.21858 1.19905 0.0015684
59 1.2177 1.19937 0.00157365
60 1.21664 1.19965 0.00157377
61 1.21556 1.19992 0.00156957
62 1.21454 1.20015 0.00156197
63 1.21359 1.20036 0.00155172
64 1.21264 1.20056 0.00153928
65 1.21154 1.20073 0.0015248
66 1.21013 1.20087 0.00150827
67 1.20827 1.20098 0.00148968
68 1.20586 1.20105 0.00146937
69 1.20291 1.20108 0.00144817
70 1.19945 1.20105 0.00142752
71 1.19561 1.20098 0.00140935
72 1.19154 1.20085 0.00139581
73 1.18742 1.20066 0.00138878
74 1.18348 1.20043 0.00138943
75 1.17999 1.20016 0.00139761
76 1.17725 1.19986 0.00141164
77 1.17556 1.19954 0.00142848
78 1.17507 1.19923 0.00144453
79 1.17577 1.19893 0.0014567
80 1.17748 1.19866 0.00146315
81 1.17991 1.19843 0.00146341
82 1.18273 1.19824 0.00145809
83 1.18567 1.19809 0.00144835
84 1.18853 1.19797 0.00143552
85 1.19118 1.19789 0.00142078
86 1.19356 1.19784 0.00140507
87 1.19566 1.19782 0.00138905
88 1.19758 1.19782 0.00137318
89 1.1994 1.19783 0.00135778
90 1.20122 1.19787 0.00134314
91 1.20307 1.19793 0.00132952
92 1.20492 1.198 0.00131718
93 1.20668 1.1981 0.00130628
94 1.20826 1.19821 0.00129682
95 1.20954 1.19832 0.00128863
96 1.21043 1.19845 0.00128135
97 1.21079 1.19858 0.00127444
98 1.21052 1.1987 0.00126724
99 1.20953 1.19881 0.00125913
100 1.2078 1.1989 0.00124972
1 1.19763 1.19763 0
2 1.1947 1.19616 0.00146516
3 1.19159 1.19464 0.00174161
4 1.18861 1.19313 0.00194553
5 1.18599 1.1917 0.00207717
6 1.1838 1.19039 0.00214706
7 1.18202 1.18919 0.0021727
8 1.1805 1.18811 0.00217279
9 1.1791 1.1871 0.00216188
10 1.17777 1.18617 0.00214713
11 1.17661 1.1853 0.00212766
12 1.17581 1.18451 0.00209712
13 1.17554 1.18382 0.00204875
14 1.17585 1.18325 0.00198036
15 1.17661 1.18281 0.00189606
16 1.17754 1.18248 0.00180392
17 1.17832 1.18224 0.00171203
18 1.1787 1.18204 0.001626
19 1.17857 1.18186 0.00154883
20 1.17802 1.18166 0.00148182
21 1.17734 1.18146 0.00142443
22 1.177 1.18126 0.00137319
23 1.17745 1.18109 0.00132254
24 1.17899 1.181 0.00126927
25 1.18161 1.18103 0.00121768
26 1.18505 1.18118 0.00118008
27 1.18882 1.18146 0.00117026
28 1.1925 1.18186 0.00119453
29 1.19574 1.18234 0.00124801
30 1.19836 1.18287 0.00131874
31 1.20033 1.18343 0.00139428
32 1.20167 1.184 0.00146536
33 1.20247 1.18456 0.00152654
34 1.20284 1.1851 0.00157544
35 1.20286 1.18561 0.00161174
36 1.20265 1.18608 0.00163627
37 1.20227 1.18652 0.00165049
38 1.20181 1.18692 0.00165608
39 1.20131 1.18729 0.0016547
40 1.20081 1.18763 0.00164782
41 1.20033 1.18794 0.00163673
42 1.19989 1.18822 0.00162245
43 1.19948 1.18849 0.00160573
44 1.19906 1.18873 0.00158713
45 1.19863 1.18895 0.00156698
46 1.19812 1.18915 0.00154546
47 1.19751 1.18932 0.00152266
48 1.19674 1.18948 0.00149858
49 1.19575 1.18961 0.00147324
50 1.19451 1.1897 0.0014468
51 1.19297 1.18977 0.00141959
52 1.19112 1.18979 0.00139227
53 1.18899 1.18978 0.00136583
54 1.18661 1.18972 0.00134159
55 1.18407 1.18962 0.00132096
56 1.18151 1.18947 0.00130521
57 1.17906 1.18929 0.00129505
58 1.1769 1.18908 0.00129034
59 1.17517 1.18884 0.00129
60 1.17398 1.18859 0.00129228
61 1.17338 1.18834 0.00129517
62 1.1733 1.1881 0.001297
63 1.17362 1.18787 0.00129678
64 1.17414 1.18766 0.00129427
65 1.17466 1.18746 0.00128979
66 1.17506 1.18727 0.00128391
67 1.17529 1.18709 0.00127719
68 1.1754 1.18692 0.00126996
69 1.17552 1.18675 0.00126227
70 1.17581 1.1866 0.00125389
71 1.17635 1.18645 0.0012445
72 1.17713 1.18632 0.00123391
73 1.17804 1.18621 0.00122217
74 1.17892 1.18611 0.00120956
75 1.17963 1.18602 0.00119645
76 1.18011 1.18595 0.00118317
77 1.1804 1.18587 0.00116992
78 1.18064 1.18581 0.00115677
79 1.18099 1.18575 0.00114366
80 1.18159 1.18569 0.00113046
81 1.18251 1.18565 0.00111711
82 1.18372 1.18563 0.00110365
83 1.18512 1.18563 0.00109029
84 1.18655 1.18564 0.00107729
85 1.18785 1.18566 0.00106486
86 1.18888 1.1857 0.00105307
87 1.18956 1.18574 0.00104184
88 1.18988 1.18579 0.001031
89 1.18989 1.18584 0.00102039
90 1.18967 1.18588 0.00100989
91 1.18935 1.18592 0.000999461
92 1.18904 1.18595 0.000989118
93 1.18882 1.18598 0.00097891
94 1.18876 1.18601 0.00096889
95 1.18889 1.18604 0.000959115
96 1.18921 1.18608 0.000949644
97 1.18972 1.18611 0.000940552
98 1.1904 1.18616 0.000931932
99 1.19123 1.18621 0.000923894
100 1.19218 1.18627 0.000916554
1 1.20094 1.20094 0
2 1.2019 1.20142 0.000482085
3 1.20275 1.20186 0.000523801
4 1.20338 1.20224 0.000529584
5 1.20367 1.20253 0.000499428
6 1.2035 1.20269 0.00043898
7 1.20278 1.2027 0.000371238
8 1.20143 1.20254 0.000358609
9 1.19944 1.2022 0.000467772
10 1.1969 1.20167 0.000675184
11 1.19403 1.20097 0.000924913
12 1.19119 1.20016 0.00117372
13 1.18883 1.19929 0.00138727
14 1.18737 1.19844 0.00154101
15 1.187 1.19767 0.00162468
16 1.18765 1.19705 0.00164385
17 1.18897 1.19657 0.0016156
18 1.19046 1.19623 0.00156056
19 1.19164 1.19599 0.00149576
20 1.19213 1.1958 0.00143207
21 1.19168 1.1956 0.00137622
22 1.19017 1.19535 0.00133518
23 1.18761 1.19502 0.00131954
24 1.18409 1.19456 0.00134293
25 1.17986 1.19397 0.00141601
26 1.17532 1.19326 0.00153814
27 1.171 1.19243 0.00169407
28 1.16753 1.19154 0.00185893
29 1.16542 1.19064 0.00200711
30 1.16494 1.18979 0.00211986
31 1.16604 1.18902 0.00218877
32 1.16839 1.18837 0.00221515
33 1.17156 1.18787 0.00220658
34 1.17515 1.18749 0.00217311
35 1.17885 1.18724 0.0021245
36 1.18248 1.18711 0.00206889
37 1.18595 1.18708 0.00201244
38 1.18919 1.18714 0.00195956
39 1.19216 1.18727 0.00191299
40 1.19476 1.18745 0.00187395
41 1.19688 1.18768 0.00184207
42 1.1984 1.18794 0.00181571
43 1.19924 1.1882 0.00179236
44 1.19932 1.18845 0.00176929
45 1.19861 1.18868 0.00174419
46 1.19711 1.18886 0.00171567
47 1.19484 1.18899 0.00168359
48 1.19185 1.18905 0.00164922
49 1.18822 1.18903 0.0016153
50 1.18409 1.18893 0.00158574
51 1.17973 1.18875 0.00156479
52 1.17548 1.1885 0.00155547
53 1.17182 1.18818 0.00155797
54 1.16918 1.18783 0.00156882
55 1.16791 1.18747 0.00158205
56 1.16809 1.18712 0.00159163
57 1.1695 1.18681 0.00159375
58 1.17168 1.18655 0.00158761
59 1.17408 1.18634 0.00157473
60 1.17615 1.18617 0.00155755
61 1.17753 1.18603 0.00153834
62 1.178 1.1859 0.00151886
63 1.17758 1.18577 0.00150038
64 1.17641 1.18562 0.00148397
65 1.17478 1.18546 0.00147045
66 1.17301 1.18527 0.00146023
67 1.17144 1.18506 0.001453
68 1.17035 1.18484 0.00144772
69 1.16992 1.18463 0.00144289
70 1.17017 1.18442 0.00143703
71 1.17098 1.18423 0.00142925
72 1.17204 1.18406 0.00141939
73 1.17294 1.18391 0.00140807
74 1.17317 1.18377 0.00139648
75 1.17217 1.18361 0.00138638
76 1.16943 1.18342 0.00138068
77 1.16472 1.18318 0.00138411
78 1.15832 1.18286 0.00140293
79 1.15134 1.18246 0.00144139
80 1.14562 1.182 0.00149593
81 1.14298 1.18152 0.00155391
82 1.14411 1.18106 0.00160123
83 1.14804 1.18067 0.0016311
84 1.15289 1.18034 0.00164513
85 1.15698 1.18006 0.00164873
86 1.15945 1.17982 0.00164697
87 1.16025 1.1796 0.00164339
88 1.15979 1.17937 0.00164013
89 1.15862 1.17914 0.00163827
90 1.15727 1.1789 0.00163809
91 1.15609 1.17864 0.00163925
92 1.1553 1.17839 0.00164108
93 1.15494 1.17814 0.00164281
94 1.15499 1.17789 0.0016438
95 1.15539 1.17766 0.00164356
96 1.15609 1.17743 0.00164179
97 1.15703 1.17722 0.00163833
98 1.15815 1.17703 0.00163316
99 1.15936 1.17685 0.0016264
100 1.16053 1.17668 0.0016183
1 1.20086 1.20086 0
2 1.20137 1.20112 0.000256105
3 1.20132 1.20118 0.00016238
4 1.20055 1.20103 0.000196471
5 1.19893 1.20061 0.000446282
6 1.19636 1.1999 0.000795947
7 1.1928 1.19888 0.0012173
8 1.18829 1.19756 0.00169249
9 1.18307 1.19595 0.0021952
10 1.17761 1.19412 0.00268649
11 1.17264 1.19216 0.00311731
12 1.16899 1.19023 0.00343929
13 1.16734 1.18847 0.00362071
14 1.16794 1.187 0.0036589
15 1.17047 1.1859 0.00358021
16 1.17424 1.18517 0.0034274
17 1.17848 1.18478 0.00324346
18 1.18259 1.18466 0.00306039
19 1.1862 1.18474 0.00289598
20 1.18918 1.18496 0.00275632
21 1.1915 1.18527 0.00264023
22 1.19324 1.18563 0.00254325
23 1.19446 1.18602 0.00246024
24 1.19525 1.1864 0.00238671
25 1.19569 1.18677 0.00231919
26 1.19584 1.18712 0.00225531
27 1.19575 1.18744 0.00219356
28 1.19547 1.18773 0.00213312
29 1.19504 1.18798 0.00207364
30 1.19451 1.1882 0.00201511
31 1.19391 1.18838 0.00195771
32 1.19328 1.18854 0.00190172
33 1.19267 1.18866 0.00184743
34 1.19209 1.18876 0.00179511
35 1.1916 1.18884 0.00174496
36 1.19122 1.18891 0.00169708
37 1.19095 1.18896 0.0016515
38 1.19082 1.18901 0.00160819
39 1.19081 1.18906 0.00156708
40 1.1909 1.18911 0.0015281
41 1.19109 1.18915 0.00149115
42 1.19134 1.18921 0.00145614
43 1.19161 1.18926 0.00142298
44 1.19189 1.18932 0.00139154
45 1.19213 1.18938 0.0013617
46 1.19231 1.18945 0.00133329
47 1.19241 1.18951 0.00130613
48 1.19239 1.18957 0.00128003
49 1.19222 1.18962 0.0012548
50 1.19188 1.18967 0.00123027
51 1.19135 1.1897 0.00120636
52 1.19063 1.18972 0.00118307
53 1.18975 1.18972 0.00116053
54 1.18873 1.1897 0.00113898
55 1.18767 1.18967 0.00111869
56 1.18667 1.18961 0.00109984
57 1.18585 1.18955 0.00108239
58 1.18535 1.18947 0.00106602
59 1.18529 1.1894 0.00105019
60 1.18575 1.18934 0.00103433
61 1.18673 1.1893 0.00101813
62 1.18821 1.18928 0.00100173
63 1.19008 1.18929 0.000985784
64 1.19222 1.18934 0.000971333
65 1.19448 1.18942 0.000959539
66 1.19675 1.18953 0.000951402
67 1.19894 1.18967 0.00094757
68 1.201 1.18984 0.000948274
69 1.20289 1.19003 0.000953381
70 1.20462 1.19024 0.000962509
71 1.20621 1.19046 0.000975157
72 1.20768 1.1907 0.000990816
73 1.20907 1.19095 0.00100905
74 1.21043 1.19121 0.00102953
75 1.21178 1.19149 0.00105206
76 1.21315 1.19177 0.00107655
77 1.21457 1.19207 0.00110294
78 1.21602 1.19238 0.00113118
79 1.21749 1.19269 0.00116113
80 1.21893 1.19302 0.00119251
81 1.2203 1.19336 0.00122488
82 1.22152 1.1937 0.00125767
83 1.22256 1.19405 0.00129016
84 1.22336 1.1944 0.0013216
85 1.22386 1.19475 0.00135116
86 1.224 1.19509 0.00137799
87 1.22371 1.19541 0.00140123
88 1.22291 1.19573 0.00142003
89 1.22154 1.19602 0.00143362
90 1.21956 1.19628 0.00144152
91 1.21708 1.19651 0.0014438
92 1.21442 1.1967 0.00144124
93 1.21218 1.19687 0.00143534
94 1.21109 1.19702 0.00142803
95 1.2118 1.19718 0.00142146
96 1.21451 1.19736 0.00141811
97 1.21882 1.19758 0.00142075
98 1.22386 1.19785 0.00143152
99 1.22864 1.19816 0.00145072
100 1.23233 1.1985 0.00147623
1 1.20169 1.20169 0
2 1.20169 1.20169 2.84128e-06
3 1.19989 1.20109 0.000598971
4 1.19652 1.19995 0.00121866
5 1.19203 1.19837 0.0018444
6 1.18706 1.19648 0.00241233
7 1.18237 1.19446 0.00286751
8 1.17864 1.19249 0.0031748
9 1.17634 1.19069 0.00332554
10 1.17559 1.18918 0.00333572
11 1.17628 1.18801 0.00323732
12 1.17811 1.18718 0.00306817
13 1.18079 1.18669 0.00286488
14 1.184 1.1865 0.00265932
15 1.18747 1.18656 0.00247654
16 1.19094 1.18684 0.00233268
17 1.19417 1.18727 0.00223325
18 1.19698 1.18781 0.00217358
19 1.19925 1.18841 0.00214242
20 1.20095 1.18904 0.002127
21 1.20214 1.18966 0.0021172
22 1.20298 1.19027 0.00210749
23 1.2037 1.19085 0.00209678
24 1.20456 1.19142 0.00208714
25 1.20572 1.192 0.00208203
26 1.20726 1.19258 0.00208478
27 1.20908 1.19319 0.0020971
28 1.21098 1.19383 0.00211827
29 1.21273 1.19448 0.00214537
30 1.21422 1.19514 0.00217459
31 1.21546 1.19579 0.00220311
32 1.21663 1.19645 0.00223032
33 1.21799 1.1971 0.00225813
34 1.21982 1.19777 0.00229034
35 1.22226 1.19847 0.00233141
36 1.22529 1.19921 0.00238512
37 1.22874 1.20001 0.00245322
38 1.23231 1.20086 0.0025346
39 1.23571 1.20175 0.00262547
40 1.23865 1.20268 0.00272016
41 1.24093 1.20361 0.00281231
42 1.2424 1.20453 0.00289577
43 1.24291 1.20543 0.00296512
44 1.24235 1.20626 0.00301607
45 1.24066 1.20703 0.00304575
46 1.23786 1.2077 0.0030533
47 1.23418 1.20826 0.00304029
48 1.23009 1.20872 0.00301081
49 1.2263 1.20908 0.00297048
50 1.22359 1.20937 0.0029249
51 1.22247 1.20962 0.00287846
52 1.22292 1.20988 0.00283413
53 1.22442 1.21015 0.00279365
54 1.22615 1.21045 0.00275739
55 1.22736 1.21076 0.0027242
56 1.22758 1.21106 0.00269192
57 1.22668 1.21133 0.00265843
58 1.22484 1.21156 0.00262256
59 1.22251 1.21175 0.0025844
60 1.22028 1.21189 0.00254493
61 1.21872 1.212 0.00250536
62 1.21826 1.2121 0.00246669
63 1.21897 1.21221 0.00242966
64 1.2205 1.21234 0.0023949
65 1.22221 1.2125 0.00236265
66 1.22336 1.21266 0.00233239
67 1.22323 1.21282 0.00230273
68 1.22138 1.21294 0.0022721
69 1.21763 1.21301 0.00223996
70 1.21219 1.213 0.00220776
71 1.20564 1.2129 0.00217891
72 1.1988 1.2127 0.00215733
73 1.19264 1.21243 0.00214524
74 1.188 1.2121 0.00214164
75 1.18544 1.21174 0.00214257
76 1.18514 1.21139 0.00214296
77 1.18688 1.21107 0.00213876
78 1.19012 1.2108 0.00212819
79 1.19414 1.21059 0.00211164
80 1.19827 1.21044 0.00209076
81 1.20201 1.21033 0.00206741
82 1.20511 1.21027 0.00204304
83 1.20757 1.21024 0.00201853
84 1.2096 1.21023 0.00199437
85 1.2115 1.21024 0.00197083
86 1.2136 1.21028 0.00194817
87 1.21615 1.21035 0.00192682
88 1.21918 1.21045 0.00190744
89 1.22255 1.21059 0.00189078
90 1.22597 1.21076 0.00187745
91 1.2291 1.21096 0.00186761
92 1.23164 1.21118 0.00186082
93 1.23338 1.21142 0.00185611
94 1.23425 1.21167 0.00185224
95 1.23427 1.2119 0.00184802
96 1.23359 1.21213 0.00184257
97 1.23243 1.21234 0.00183544
98 1.23106 1.21253 0.00182663
99 1.22976 1.2127 0.00181644
100 1.22878 1.21287 0.00180535
1 1.19957 1.19957 0
2 1.1996 1.19959 1.67596e-05
3 1.20004 1.19974 0.000150964
4 1.20071 1.19998 0.000265465
5 1.20143 1.20027 0.000355965
6 1.20205 1.20057 0.000415558
7 1.20246 1.20084 0.000443366
8 1.20261 1.20106 0.000443101
9 1.20248 1.20122 0.000421545
10 1.20211 1.20131 0.000387476
11 1.20154 1.20133 0.000351106
12 1.20081 1.20129 0.000323397
13 1.19999 1.20119 0.00031381
14 1.19911 1.20104 0.000326172
15 1.19822 1.20085 0.000357006
16 1.19735 1.20063 0.000399193
17 1.19652 1.20039 0.000446243
18 1.19574 1.20013 0.000493781
19 1.19501 1.19986 0.00053934
20 1.19432 1.19958 0.000581794
21 1.19367 1.1993 0.000620921
22 1.19303 1.19902 0.000657103
23 1.19237 1.19873 0.00069115
24 1.19167 1.19843 0.000724195
25 1.19087 1.19813 0.000757625
26 1.18995 1.19782 0.000793026
27 1.18886 1.19748 0.000832118
28 1.18757 1.19713 0.000876621
29 1.18606 1.19675 0.00092804
30 1.18434 1.19634 0.000987347
31 1.18246 1.19589 0.0010546
32 1.18051 1.19541 0.0011286
33 1.17859 1.1949 0.00120671
34 1.17688 1.19437 0.00128506
35 1.17553 1.19383 0.00135898
36 1.17467 1.1933 0.00142389
37 1.17439 1.19279 0.00147613
38 1.17468 1.19231 0.00151374
39 1.17542 1.19188 0.00153672
40 1.17642 1.19149 0.00154686
41 1.17745 1.19115 0.00154702
42 1.17828 1.19084 0.00154048
43 1.17873 1.19056 0.00153037
44 1.17868 1.19029 0.00151937
45 1.1781 1.19002 0.00150971
46 1.17706 1.18974 0.00150318
47 1.17567 1.18944 0.001501
48 1.1741 1.18912 0.00150372
49 1.17252 1.18878 0.00151115
50 1.17104 1.18842 0.00152256
51 1.16965 1.18806 0.00153714
52 1.16829 1.18768 0.0015545
53 1.16682 1.18728 0.00157487
54 1.16512 1.18687 0.00159901
55 1.16316 1.18644 0.0016278
56 1.16103 1.18599 0.00166164
57 1.15892 1.18551 0.0016999
58 1.15711 1.18502 0.00174062
59 1.15587 1.18453 0.00178078
60 1.15539 1.18404 0.00181694
61 1.15577 1.18358 0.00184605
62 1.15695 1.18315 0.00186613
63 1.15882 1.18276 0.00187645
64 1.16117 1.18243 0.00187746
65 1.16382 1.18214 0.0018704
66 1.16657 1.1819 0.00185688
67 1.1693 1.18172 0.0018386
68 1.1719 1.18157 0.0018171
69 1.17431 1.18147 0.00179367
70 1.17648 1.1814 0.00176929
71 1.17842 1.18135 0.0017447
72 1.18012 1.18134 0.00172038
73 1.1816 1.18134 0.00169665
74 1.18288 1.18136 0.00167369
75 1.18397 1.1814 0.00165159
76 1.18489 1.18144 0.00163037
77 1.18567 1.1815 0.00160999
78 1.18632 1.18156 0.00159042
79 1.18684 1.18163 0.00157158
80 1.18721 1.1817 0.00155338
81 1.18742 1.18177 0.00153571
82 1.18742 1.18183 0.00151843
83 1.18714 1.1819 0.00150139
84 1.18647 1.18195 0.00148441
85 1.18529 1.18199 0.00146737
86 1.18342 1.18201 0.0014503
87 1.18068 1.18199 0.00143361
88 1.17695 1.18194 0.00141839
89 1.17219 1.18183 0.00140663
90 1.16662 1.18166 0.00140113
91 1.16076 1.18143 0.00140455
92 1.15543 1.18115 0.00141764
93 1.15154 1.18083 0.00143799
94 1.1497 1.1805 0.00146064
95 1.14996 1.18017 0.0014805
96 1.15182 1.17988 0.00149448
97 1.1545 1.17962 0.00150197
98 1.15724 1.17939 0.001504
99 1.15943 1.17919 0.00150233
100 1.1606 1.179 0.00149879
1 1.19954 1.19954 0
2 1.19732 1.19843 0.00110953
3 1.19316 1.19667 0.00186921
4 1.18711 1.19428 0.00273229
5 1.17953 1.19133 0.00363158
6 1.1712 1.18797 0.00447718
7 1.16335 1.18446 0.00516641
8 1.1574 1.18108 0.00560849
9 1.15455 1.17813 0.00575791
10 1.15522 1.17584 0.00563664
11 1.15891 1.1743 0.00532582
12 1.16447 1.17348 0.00493022
13 1.17073 1.17327 0.00454006
14 1.17685 1.17352 0.00421105
15 1.18247 1.17412 0.00396537
16 1.18761 1.17496 0.00380386
17 1.19246 1.17599 0.00371845
18 1.19722 1.17717 0.0036988
19 1.20191 1.17847 0.00373313
20 1.2064 1.17987 0.00380694
21 1.21046 1.18133 0.00390304
22 1.21382 1.1828 0.00400374
23 1.21631 1.18426 0.00409375
24 1.21787 1.18566 0.00416217
25 1.21851 1.18697 0.0042029
26 1.21831 1.18818 0.00421407
27 1.2174 1.18926 0.00419696
28 1.21592 1.19021 0.00415486
29 1.21402 1.19104 0.0040922
30 1.21184 1.19173 0.00401382
31 1.20955 1.1923 0.00392451
32 1.20728 1.19277 0.00382859
33 1.20516 1.19315 0.0037297
34 1.20331 1.19345 0.00363067
35 1.20182 1.19369 0.00353351
36 1.20073 1.19388 0.00343952
37 1.20006 1.19405 0.00334944
38 1.19981 1.1942 0.00326363
39 1.19994 1.19435 0.00318225
40 1.20038 1.1945 0.00310534
41 1.20105 1.19466 0.00303286
42 1.20186 1.19483 0.00296473
43 1.20274 1.19501 0.0029008
44 1.20359 1.19521 0.0028408
45 1.20434 1.19541 0.00278437
46 1.20493 1.19562 0.00273101
47 1.20531 1.19582 0.00268021
48 1.20546 1.19602 0.00263145
49 1.20541 1.19622 0.0025843
50 1.20523 1.1964 0.0025385
51 1.20503 1.19657 0.00249398
52 1.20492 1.19673 0.00245082
53 1.20503 1.19688 0.00240923
54 1.20546 1.19704 0.00236953
55 1.20625 1.19721 0.00233206
56 1.20737 1.19739 0.00229721
57 1.20875 1.19759 0.00226534
58 1.21027 1.19781 0.00223665
59 1.21178 1.19805 0.00221113
60 1.21315 1.1983 0.00218849
61 1.21426 1.19856 0.00216816
62 1.21502 1.19882 0.00214937
63 1.2154 1.19909 0.00213128
64 1.21538 1.19934 0.0021131
65 1.21497 1.19958 0.00209418
66 1.2142 1.1998 0.00207406
67 1.21311 1.2 0.0020525
68 1.21176 1.20018 0.00202946
69 1.21019 1.20032 0.00200509
70 1.20847 1.20044 0.00197967
71 1.20667 1.20052 0.00195356
72 1.20484 1.20058 0.00192717
73 1.20307 1.20062 0.00190089
74 1.20145 1.20063 0.00187506
75 1.20011 1.20062 0.0018499
76 1.19916 1.2006 0.0018255
77 1.19872 1.20058 0.0018018
78 1.19884 1.20056 0.00177869
79 1.19951 1.20054 0.00175608
80 1.20058 1.20054 0.00173399
81 1.20178 1.20056 0.00171252
82 1.20276 1.20059 0.00169172
83 1.20311 1.20062 0.00167149
84 1.20246 1.20064 0.00165162
85 1.2006 1.20064 0.00163207
86 1.19764 1.2006 0.00161336
87 1.19414 1.20053 0.00159644
88 1.19116 1.20042 0.00158178
89 1.18992 1.2003 0.00156835
90 1.19127 1.2002 0.00155408
91 1.19516 1.20015 0.00153791
92 1.20071 1.20015 0.00152111
93 1.20669 1.20023 0.0015063
94 1.21204 1.20035 0.00149548
95 1.21617 1.20052 0.001489
96 1.21891 1.20071 0.00148581
97 1.2203 1.20091 0.00148422
98 1.22054 1.20111 0.00148258
99 1.21983 1.2013 0.00147966
100 1.2184 1.20147 0.00147473
