1 0.793591 0.793591 0
2 0.771664 0.782627 0.0109632
3 0.735023 0.766759 0.0170839
4 0.684817 0.746274 0.0237822
5 0.62285 0.721589 0.0308008
6 0.551887 0.693305 0.0378474
7 0.47574 0.662225 0.0446002
8 0.399174 0.629343 0.0507254
9 0.3276 0.595816 0.0559047
10 0.26639 0.562874 0.0598789
11 0.21999 0.531702 0.0624918
12 0.191083 0.503317 0.0637186
13 0.180096 0.478454 0.063668
14 0.185261 0.457512 0.0625548
15 0.203167 0.440556 0.0606537
16 0.229574 0.427369 0.0582486
17 0.260219 0.417537 0.0555914
18 0.291388 0.410529 0.0528786
19 0.320229 0.405776 0.0502434
20 0.344826 0.402729 0.0477624
21 0.364146 0.400891 0.0454683
22 0.377894 0.399846 0.0433649
23 0.386354 0.399259 0.0414407
24 0.3902 0.398882 0.0396783
25 0.390409 0.398543 0.0380596
26 0.388079 0.39814 0.0365687
27 0.384334 0.397629 0.0351919
28 0.380247 0.397008 0.0339175
29 0.376784 0.396311 0.0327344
30 0.374673 0.39559 0.0316327
31 0.374395 0.394906 0.0306029
32 0.37617 0.39432 0.0296369
33 0.379959 0.393885 0.0287281
34 0.385542 0.39364 0.0278714
35 0.392473 0.393607 0.0270634
36 0.40027 0.393792 0.0263016
37 0.408435 0.394187 0.0255839
38 0.416505 0.394775 0.0249085
39 0.42409 0.395526 0.024273
40 0.430852 0.39641 0.0236749
41 0.436557 0.397389 0.023111
42 0.440984 0.398427 0.0225779
43 0.443929 0.399485 0.022072
44 0.445242 0.400525 0.0215895
45 0.444771 0.401508 0.0211272
46 0.442432 0.402398 0.020682
47 0.438215 0.40316 0.0202515
48 0.432313 0.403767 0.0198344
49 0.425166 0.404204 0.0194303
50 0.417447 0.404469 0.0190396
51 0.41002 0.404578 0.0186628
52 0.403799 0.404563 0.0183004
53 0.399628 0.404469 0.017952
54 0.398176 0.404353 0.0176169
55 0.399768 0.40427 0.0172938
56 0.404319 0.40427 0.0169822
57 0.411326 0.404394 0.016682
58 0.420039 0.404664 0.0163941
59 0.429499 0.405085 0.0161193
60 0.438713 0.405645 0.0158583
61 0.446758 0.406319 0.0156107
62 0.452924 0.407071 0.0153753
63 0.456714 0.407859 0.0151497
64 0.457878 0.408641 0.0149316
65 0.456391 0.409375 0.0147185
66 0.452503 0.410029 0.0145085
67 0.44666 0.410575 0.0143007
68 0.439486 0.411001 0.0140953
69 0.431649 0.4113 0.0138927
70 0.423769 0.411478 0.013694
71 0.416293 0.411546 0.0134999
72 0.409431 0.411516 0.0133111
73 0.40323 0.411403 0.013128
74 0.397621 0.411217 0.0129507
75 0.392587 0.410968 0.0127793
76 0.388269 0.41067 0.0126135
77 0.384999 0.410336 0.0124531
78 0.383229 0.409989 0.0122973
79 0.383357 0.409652 0.0121453
80 0.385461 0.409349 0.0119964
81 0.389191 0.4091 0.01185
82 0.393785 0.408914 0.011706
83 0.398359 0.408786 0.0115648
84 0.402279 0.408709 0.0114266
85 0.405329 0.408669 0.0112914
86 0.407655 0.408657 0.0111594
87 0.409586 0.408668 0.0110304
88 0.411398 0.408699 0.0109044
89 0.413119 0.408749 0.0107812
90 0.414556 0.408813 0.010661
91 0.415323 0.408885 0.0105434
92 0.415056 0.408952 0.0104284
93 0.413526 0.409001 0.0103158
94 0.410694 0.409019 0.0102055
95 0.406765 0.408995 0.0100975
96 0.402046 0.408923 0.00999202
97 0.396901 0.408799 0.00988925
98 0.391643 0.408624 0.00978938
99 0.386589 0.408401 0.00969255
100 0.382022 0.408138 0.00959876
1 0.789789 0.789789 0
2 0.770894 0.780341 0.0094476
3 0.745106 0.768596 0.0129498
4 0.714525 0.755078 0.0163273
5 0.681624 0.740388 0.0193848
6 0.649031 0.725162 0.0219624
7 0.619103 0.71001 0.0239602
8 0.593695 0.695471 0.025337
9 0.573928 0.681966 0.0261091
10 0.560227 0.669792 0.0263354
11 0.55252 0.659131 0.0260981
12 0.550375 0.650068 0.0254898
13 0.553089 0.642608 0.0246053
14 0.559701 0.636686 0.0235373
15 0.568978 0.632172 0.0223721
16 0.579534 0.628882 0.0211842
17 0.590031 0.626597 0.0200299
18 0.599328 0.625082 0.018945
19 0.606519 0.624105 0.0179468
20 0.611055 0.623453 0.0170383
21 0.6128 0.622945 0.0162146
22 0.611986 0.622447 0.0154681
23 0.609286 0.621875 0.0147913
24 0.605672 0.6212 0.0141777
25 0.602248 0.620442 0.0136199
26 0.600097 0.619659 0.0131089
27 0.599965 0.61893 0.0126352
28 0.602185 0.618332 0.0121902
29 0.606638 0.617929 0.0117693
30 0.612756 0.617756 0.0113715
31 0.619611 0.617816 0.0109987
32 0.62612 0.618076 0.0106526
33 0.631363 0.618478 0.0103326
34 0.634924 0.618962 0.0100358
35 0.637093 0.61948 0.00975859
36 0.638747 0.620015 0.00949873
37 0.640989 0.620582 0.00925582
38 0.644702 0.621217 0.00903129
39 0.650092 0.621957 0.00882777
40 0.656519 0.622821 0.00864752
41 0.662607 0.623792 0.00848961
42 0.666697 0.624813 0.00834775
43 0.66735 0.625802 0.00821111
44 0.663807 0.626666 0.00806869
45 0.656195 0.627322 0.0079146
46 0.645417 0.627716 0.00775062
47 0.63294 0.627827 0.00758473
48 0.620358 0.627671 0.00742667
49 0.608934 0.627289 0.00728357
50 0.599382 0.626731 0.0071582
51 0.591764 0.626045 0.00704986
52 0.585682 0.625269 0.0069564
53 0.580635 0.624427 0.00687565
54 0.576249 0.623534 0.00680585
55 0.57246 0.622606 0.0067452
56 0.569571 0.621659 0.00669101
57 0.568177 0.620721 0.00663921
58 0.568927 0.619828 0.00658458
59 0.572287 0.619022 0.00652198
60 0.578495 0.618346 0.00644783
61 0.587436 0.61784 0.00636146
62 0.598783 0.617532 0.00626556
63 0.612043 0.617445 0.00616592
64 0.626547 0.617587 0.00607048
65 0.641522 0.617956 0.00598769
66 0.656143 0.618534 0.00592459
67 0.669662 0.619297 0.00588518
68 0.681467 0.620211 0.00586963
69 0.691186 0.62124 0.00587469
70 0.698702 0.622347 0.00589495
71 0.704098 0.623498 0.0059243
72 0.70752 0.624665 0.00595686
73 0.709164 0.625823 0.00598764
74 0.709132 0.626948 0.00601252
75 0.707429 0.628021 0.00602809
76 0.703973 0.629021 0.00603161
77 0.698546 0.629924 0.00602085
78 0.690811 0.630704 0.0059942
79 0.680387 0.631333 0.00595116
80 0.666989 0.631779 0.00589318
81 0.650608 0.632011 0.00582461
82 0.631761 0.632008 0.00575314
83 0.611548 0.631762 0.00568875
84 0.59162 0.631284 0.00564089
85 0.573776 0.630607 0.00561504
86 0.559629 0.629782 0.00561041
87 0.550096 0.628866 0.00562068
88 0.545158 0.627915 0.00563727
89 0.544033 0.626972 0.0056527
90 0.545628 0.626069 0.00566214
91 0.549034 0.625222 0.0056632
92 0.553745 0.624445 0.00565493
93 0.559596 0.623748 0.00563709
94 0.566499 0.623139 0.00560995
95 0.57421 0.622624 0.00557443
96 0.582328 0.622204 0.005532
97 0.590387 0.621876 0.00548449
98 0.597965 0.621632 0.00543372
99 0.60475 0.621462 0.00538126
100 0.610647 0.621353 0.00532827
1 0.802589 0.802589 0
2 0.800491 0.80154 0.00104857
3 0.79509 0.79939 0.00223369
4 0.788404 0.796643 0.00316829
5 0.782474 0.793809 0.00374889
6 0.779032 0.791347 0.0039288
7 0.779158 0.789605 0.00374926
8 0.78314 0.788797 0.00334601
9 0.790209 0.788954 0.00295507
10 0.798885 0.789947 0.00282349
11 0.807197 0.791515 0.00299698
12 0.813061 0.793311 0.0032724
13 0.814801 0.794964 0.00343422
14 0.811379 0.796136 0.00338877
15 0.802628 0.796569 0.00318432
16 0.789032 0.796098 0.00301568
17 0.771569 0.794655 0.00317903
18 0.751432 0.792254 0.0038405
19 0.729985 0.788977 0.00489262
20 0.708653 0.784961 0.00613788
21 0.688983 0.78039 0.00741442
22 0.672455 0.775484 0.00860502
23 0.66037 0.770479 0.00962585
24 0.65356 0.765607 0.0104244
25 0.652195 0.761071 0.0109797
26 0.655672 0.757017 0.0113011
27 0.662867 0.75353 0.0114199
28 0.672575 0.750639 0.0113779
29 0.683933 0.748339 0.011217
30 0.696492 0.74661 0.0109736
31 0.710048 0.745431 0.010679
32 0.724282 0.74477 0.010361
33 0.738371 0.744576 0.010044
34 0.751047 0.744767 0.00974597
35 0.760909 0.745228 0.00947466
36 0.766744 0.745825 0.00922709
37 0.767866 0.746421 0.00899399
38 0.764138 0.746887 0.00876651
39 0.755945 0.74712 0.00854193
40 0.743977 0.747041 0.00832602
41 0.7292 0.746606 0.00813205
42 0.712857 0.745802 0.00797665
43 0.696568 0.744657 0.00787264
44 0.682277 0.74324 0.00782121
45 0.672069 0.741658 0.0078073
46 0.667733 0.740051 0.00780297
47 0.670252 0.738566 0.00777824
48 0.679513 0.737336 0.00771322
49 0.694413 0.73646 0.00760478
50 0.713075 0.735992 0.0074658
51 0.733215 0.735937 0.00731815
52 0.752451 0.736255 0.00718306
53 0.76861 0.736866 0.00707262
54 0.779921 0.737663 0.00698606
55 0.785271 0.738528 0.00691228
56 0.784297 0.739346 0.00683675
57 0.777394 0.740013 0.00674883
58 0.765677 0.740456 0.00664619
59 0.750792 0.740631 0.00653492
60 0.734643 0.740531 0.00642586
61 0.719134 0.74018 0.00632937
62 0.705868 0.739627 0.00625099
63 0.695989 0.738934 0.00618984
64 0.690173 0.738172 0.00613982
65 0.688729 0.737412 0.00609229
66 0.691599 0.736718 0.0060393
67 0.698459 0.736147 0.00597582
68 0.708676 0.735743 0.00590113
69 0.721275 0.735533 0.00581876
70 0.73491 0.735524 0.00573503
71 0.747984 0.7357 0.00565641
72 0.758914 0.736022 0.0055866
73 0.766316 0.736437 0.00552515
74 0.769157 0.736879 0.00546788
75 0.76688 0.737279 0.00540929
76 0.759488 0.737571 0.00534564
77 0.747577 0.737701 0.00527736
78 0.732409 0.737633 0.0052097
79 0.715828 0.737357 0.00515073
80 0.700095 0.736892 0.00510723
81 0.687473 0.736282 0.00508055
82 0.679673 0.735591 0.00506547
83 0.677371 0.73489 0.00505299
84 0.680048 0.734237 0.00503498
85 0.686258 0.733672 0.00500731
86 0.693997 0.733211 0.0049702
87 0.701285 0.732844 0.00492643
88 0.706513 0.732545 0.00487931
89 0.708741 0.732277 0.00483158
90 0.707829 0.732006 0.00478531
91 0.704397 0.731702 0.00474215
92 0.699702 0.731355 0.0047032
93 0.695333 0.730967 0.00466845
94 0.692829 0.730561 0.0046363
95 0.693265 0.730169 0.00460401
96 0.696979 0.729823 0.0045689
97 0.703568 0.729552 0.00452965
98 0.712097 0.729374 0.00448672
99 0.721424 0.729294 0.0044419
100 0.730601 0.729307 0.00439727
1 0.80673 0.80673 0
2 0.811569 0.809149 0.00241941
3 0.814521 0.81094 0.00227097
4 0.815886 0.812176 0.00202676
5 0.815615 0.812864 0.00171399
6 0.813383 0.812951 0.00140214
7 0.808938 0.812377 0.00131636
8 0.802553 0.811149 0.00167564
9 0.795066 0.809362 0.00231891
10 0.787528 0.807179 0.00301155
11 0.780714 0.804773 0.00363439
12 0.77488 0.802282 0.00414882
13 0.769616 0.799769 0.0045693
14 0.764154 0.797225 0.00493635
15 0.757886 0.794603 0.00529119
16 0.750772 0.791863 0.00565697
17 0.743481 0.789017 0.00602796
18 0.737096 0.786133 0.00637335
19 0.732541 0.783312 0.00665579
20 0.730101 0.780651 0.00685187
21 0.72941 0.778211 0.00695922
22 0.729998 0.77602 0.0069879
23 0.731777 0.774096 0.00694873
24 0.735116 0.772472 0.00684829
25 0.74043 0.77119 0.00669252
26 0.747652 0.770285 0.00649339
27 0.756161 0.769762 0.00627012
28 0.764921 0.769589 0.00604452
29 0.772903 0.769703 0.00583348
30 0.779388 0.770026 0.00564492
31 0.783988 0.770477 0.00547833
32 0.786444 0.770976 0.00532779
33 0.786513 0.771446 0.00518524
34 0.783962 0.771814 0.00504387
35 0.778711 0.772012 0.0049016
36 0.770951 0.771982 0.00476359
37 0.761517 0.771699 0.00464168
38 0.751987 0.77118 0.00454757
39 0.744471 0.770496 0.00448206
40 0.741071 0.76976 0.00443007
41 0.743174 0.769112 0.00436906
42 0.750945 0.768679 0.00428565
43 0.763249 0.768553 0.0041867
44 0.778059 0.768769 0.00409614
45 0.792975 0.769307 0.00404006
46 0.805798 0.7701 0.0040301
47 0.814829 0.771052 0.00405663
48 0.819091 0.772053 0.00409539
49 0.81847 0.773 0.00412129
50 0.813687 0.773814 0.0041192
51 0.806015 0.774445 0.00408669
52 0.796841 0.774876 0.00403041
53 0.787155 0.775107 0.00396042
54 0.77737 0.775149 0.00388661
55 0.767368 0.775008 0.00381791
56 0.756773 0.774682 0.00376323
57 0.745365 0.774168 0.00373223
58 0.733367 0.773464 0.00373417
59 0.721491 0.772583 0.00377457
60 0.710892 0.771555 0.00385093
61 0.702841 0.770429 0.00395125
62 0.698348 0.769266 0.00405714
63 0.697728 0.768131 0.00415057
64 0.700477 0.767074 0.00421975
65 0.705518 0.766127 0.0042609
66 0.711824 0.765304 0.00427575
67 0.71887 0.764611 0.00426809
68 0.726762 0.764054 0.00424154
69 0.736039 0.763648 0.00419929
70 0.747223 0.763413 0.00414551
71 0.760477 0.763372 0.00408691
72 0.775177 0.763536 0.00403309
73 0.789998 0.763899 0.00399394
74 0.803469 0.764433 0.00397572
75 0.814682 0.765103 0.00397916
76 0.823659 0.765874 0.00400133
77 0.830809 0.766717 0.00403807
78 0.836253 0.767609 0.00408444
79 0.839477 0.768518 0.00413375
80 0.839681 0.769408 0.00417755
81 0.836109 0.770231 0.00420704
82 0.828319 0.77094 0.00421536
83 0.816261 0.771486 0.00419991
84 0.800256 0.771828 0.00416372
85 0.781047 0.771937 0.00411588
86 0.759938 0.771797 0.00407013
87 0.738748 0.771417 0.00404097
88 0.719571 0.770828 0.004038
89 0.704472 0.770083 0.00406139
90 0.695002 0.769248 0.00410174
91 0.691817 0.768397 0.0041447
92 0.694575 0.767595 0.00417719
93 0.702124 0.766891 0.00419157
94 0.712817 0.766316 0.00418645
95 0.725022 0.765881 0.0041649
96 0.737302 0.765583 0.00413202
97 0.748564 0.765408 0.00409296
98 0.758172 0.765334 0.00405166
99 0.765974 0.765341 0.00401053
100 0.772208 0.765409 0.00397081
1 0.803568 0.803568 0
2 0.806096 0.804832 0.00126436
3 0.807945 0.80587 0.00126873
4 0.809748 0.806839 0.00132089
5 0.812143 0.8079 0.00147378
6 0.815752 0.809209 0.00177785
7 0.820953 0.810886 0.00225221
8 0.827593 0.812975 0.00285755
9 0.834804 0.8154 0.00349771
10 0.841315 0.817992 0.0040624
11 0.845724 0.820513 0.00445628
12 0.846747 0.822699 0.00461825
13 0.84344 0.824294 0.0045379
14 0.835226 0.825075 0.00427323
15 0.82196 0.824868 0.00398358
16 0.804155 0.823573 0.00394475
17 0.783211 0.821199 0.00440084
18 0.76126 0.817869 0.00532013
19 0.740835 0.813814 0.00646242
20 0.724195 0.809334 0.0075938
21 0.712781 0.804736 0.00856231
22 0.706909 0.800289 0.00929629
23 0.705984 0.796189 0.00978355
24 0.709024 0.792557 0.0100465
25 0.714948 0.789453 0.010124
26 0.722846 0.786891 0.0100585
27 0.731908 0.784854 0.00989069
28 0.741349 0.783301 0.00965673
29 0.750372 0.782165 0.00938672
30 0.758261 0.781368 0.00910337
31 0.764622 0.780828 0.00882137
32 0.769601 0.780477 0.00854846
33 0.773989 0.780281 0.0082877
34 0.779023 0.780244 0.00804033
35 0.785755 0.780401 0.00780882
36 0.794474 0.780792 0.00759887
37 0.804407 0.78143 0.00741815
38 0.813945 0.782286 0.00727082
39 0.821262 0.783285 0.0071521
40 0.824921 0.784326 0.00704829
41 0.824128 0.785297 0.00694244
42 0.818704 0.786092 0.00682165
43 0.809078 0.786627 0.00668254
44 0.796084 0.786842 0.00653243
45 0.780853 0.786709 0.006387
46 0.764687 0.78623 0.00626493
47 0.749173 0.785442 0.00618068
48 0.73607 0.784413 0.00613735
49 0.726777 0.783237 0.0061248
50 0.72182 0.782009 0.00612548
51 0.720682 0.780806 0.0061234
52 0.722187 0.779679 0.00610939
53 0.725154 0.77865 0.00608067
54 0.728919 0.777729 0.00603765
55 0.733364 0.776922 0.0059815
56 0.738737 0.776241 0.00591316
57 0.745338 0.775698 0.00583374
58 0.753308 0.775312 0.00574526
59 0.762627 0.775097 0.00565114
60 0.773182 0.775065 0.00555625
61 0.784897 0.775227 0.00546678
62 0.797757 0.77559 0.00539014
63 0.811686 0.776163 0.00533475
64 0.826309 0.776946 0.00530887
65 0.840822 0.777929 0.00531814
66 0.854062 0.779083 0.00536248
67 0.864636 0.78036 0.005434
68 0.87124 0.781696 0.00551779
69 0.872871 0.783017 0.00559549
70 0.869125 0.784248 0.0056505
71 0.860254 0.785318 0.00567228
72 0.847079 0.786176 0.00565834
73 0.830827 0.786788 0.00561372
74 0.812858 0.78714 0.00554853
75 0.794405 0.787237 0.00547491
76 0.776581 0.787096 0.00540421
77 0.760349 0.786749 0.00534486
78 0.746568 0.786234 0.00530098
79 0.735787 0.785595 0.00527227
80 0.728117 0.784877 0.00525529
81 0.723267 0.784116 0.00524544
82 0.720673 0.783343 0.00523853
83 0.71953 0.782574 0.00523183
84 0.718984 0.781817 0.00522431
85 0.718447 0.781071 0.00521604
86 0.717869 0.780336 0.00520715
87 0.717815 0.779618 0.00519688
88 0.719145 0.778931 0.00518324
89 0.722548 0.778297 0.00516367
90 0.728102 0.777739 0.00513635
91 0.73511 0.777271 0.00510115
92 0.742408 0.776892 0.0050596
93 0.748844 0.77659 0.00501398
94 0.753794 0.776348 0.00496628
95 0.757243 0.776147 0.00491784
96 0.759833 0.775977 0.00486931
97 0.762351 0.775836 0.0048209
98 0.765304 0.775729 0.00477266
99 0.76856 0.775656 0.00472476
100 0.771351 0.775613 0.00467747
1 0.79962 0.79962 0
2 0.796074 0.797847 0.00177306
3 0.789157 0.79495 0.00307204
4 0.779516 0.791092 0.00442801
5 0.76841 0.786555 0.00568709
6 0.757419 0.781699 0.00671888
7 0.748165 0.776909 0.00742932
8 0.742229 0.772574 0.00775811
9 0.741263 0.769095 0.0076757
10 0.746832 0.766868 0.0072173
11 0.759842 0.76623 0.00655946
12 0.779846 0.767364 0.00609451
13 0.804835 0.770247 0.00630372
14 0.831743 0.774639 0.00730447
15 0.857175 0.780142 0.00874743
16 0.878221 0.786272 0.0102239
17 0.892864 0.792542 0.0114694
18 0.900086 0.798517 0.0123542
19 0.899782 0.803846 0.0128439
20 0.892583 0.808283 0.0129675
21 0.879521 0.811675 0.0127925
22 0.861829 0.813955 0.0124084
23 0.840684 0.815117 0.0119134
24 0.817323 0.815209 0.0114066
25 0.793008 0.814321 0.0109768
26 0.769102 0.812582 0.0106886
27 0.74706 0.810155 0.0105676
28 0.728385 0.807235 0.0105936
29 0.714508 0.804037 0.0107102
30 0.706525 0.800787 0.0108456
31 0.704901 0.797694 0.0109364
32 0.709571 0.79494 0.0109414
33 0.720021 0.79267 0.0108449
34 0.735417 0.790986 0.010655
35 0.754512 0.789944 0.0103985
36 0.775688 0.789548 0.0101133
37 0.797029 0.78975 0.00983821
38 0.816475 0.790453 0.00960161
39 0.831986 0.791518 0.00941261
40 0.841902 0.792778 0.00926034
41 0.84516 0.794055 0.00912157
42 0.841528 0.795186 0.00897322
43 0.831775 0.796037 0.00880328
44 0.817497 0.796524 0.00861469
45 0.800963 0.796623 0.00842166
46 0.784701 0.796364 0.00824062
47 0.771081 0.795826 0.0080813
48 0.76187 0.795118 0.00794272
49 0.758036 0.794362 0.00781566
50 0.759714 0.793669 0.00768904
51 0.766484 0.793136 0.00755559
52 0.777755 0.79284 0.00741477
53 0.792826 0.79284 0.00727352
54 0.810469 0.793166 0.00714502
55 0.828686 0.793812 0.00704358
56 0.844826 0.794723 0.00697639
57 0.85628 0.795803 0.00693747
58 0.86123 0.796931 0.00690952
59 0.859222 0.797987 0.00687297
60 0.851273 0.798875 0.00681557
61 0.839415 0.799539 0.00673577
62 0.826203 0.799969 0.00664018
63 0.814163 0.800195 0.00653781
64 0.805258 0.800274 0.00643533
65 0.800467 0.800277 0.00633556
66 0.799718 0.800268 0.00623883
67 0.80201 0.800294 0.00614506
68 0.805687 0.800374 0.00605454
69 0.809065 0.8005 0.00596748
70 0.81078 0.800646 0.00588344
71 0.81004 0.800779 0.00580149
72 0.806712 0.800861 0.00572094
73 0.801273 0.800867 0.00564203
74 0.794417 0.80078 0.00556595
75 0.78696 0.800595 0.00549433
76 0.779653 0.80032 0.00542855
77 0.773054 0.799966 0.00536927
78 0.767371 0.799548 0.00531644
79 0.762449 0.799078 0.00526968
80 0.758291 0.798568 0.00522831
81 0.755711 0.798039 0.0051904
82 0.756941 0.797538 0.00515115
83 0.765018 0.797146 0.00510377
84 0.781694 0.796962 0.005046
85 0.805512 0.797063 0.00498729
86 0.832389 0.797474 0.00494605
87 0.857767 0.798167 0.00493774
88 0.878343 0.799078 0.00496561
89 0.892356 0.800126 0.00502012
90 0.899096 0.801226 0.00508437
91 0.89871 0.802297 0.00514104
92 0.892199 0.803274 0.0051779
93 0.881412 0.804114 0.00519038
94 0.868743 0.804802 0.00518069
95 0.856584 0.805347 0.00515477
96 0.846601 0.805777 0.00511886
97 0.839197 0.806121 0.00507751
98 0.833555 0.806401 0.00503323
99 0.828295 0.806622 0.00498703
100 0.822137 0.806777 0.00493935
1 0.791604 0.791604 0
2 0.781615 0.786609 0.0049944
3 0.770813 0.781344 0.00600326
4 0.75964 0.775918 0.00688921
5 0.748457 0.770426 0.00765764
6 0.73739 0.76492 0.00833123
7 0.726402 0.759417 0.00893618
8 0.715508 0.753929 0.00948769
9 0.704923 0.748484 0.00998305
10 0.695003 0.743135 0.0104082
11 0.68605 0.737946 0.0107502
12 0.678212 0.732968 0.0110038
13 0.671541 0.728243 0.0111706
14 0.666131 0.723806 0.0112534
15 0.662298 0.719706 0.0112503
16 0.66069 0.716017 0.0111514
17 0.662245 0.712854 0.010942
18 0.66788 0.710356 0.0106145
19 0.678123 0.708659 0.0101826
20 0.692763 0.707864 0.00969274
21 0.71082 0.708005 0.00922071
22 0.730827 0.709042 0.00885258
23 0.75123 0.710877 0.00865552
24 0.770799 0.713373 0.00865498
25 0.788862 0.716393 0.00883367
26 0.805169 0.719807 0.0091482
27 0.819311 0.723493 0.00954316
28 0.830383 0.72731 0.00995691
29 0.837317 0.731104 0.0103292
30 0.839522 0.734718 0.0106132
31 0.837433 0.738031 0.0107866
32 0.832241 0.740975 0.0108511
33 0.825482 0.743536 0.0108244
34 0.818551 0.745742 0.0107305
35 0.812341 0.747645 0.0105918
36 0.807214 0.7493 0.0104255
37 0.803216 0.750757 0.010244
38 0.800213 0.752058 0.0100553
39 0.798006 0.753237 0.00986472
40 0.79634 0.754314 0.00967514
41 0.794956 0.755305 0.00948813
42 0.79364 0.756218 0.00930434
43 0.792257 0.757056 0.00912396
44 0.790753 0.757822 0.00894702
45 0.789264 0.758521 0.00877381
46 0.788094 0.759164 0.008605
47 0.787793 0.759773 0.00844193
48 0.789029 0.760382 0.00828663
49 0.792425 0.761036 0.00814206
50 0.798373 0.761783 0.00801243
51 0.8067 0.762664 0.00790298
52 0.816547 0.7637 0.00781848
53 0.826481 0.764884 0.00776048
54 0.834861 0.76618 0.00772488
55 0.840329 0.767528 0.00770203
56 0.842253 0.768863 0.00768006
57 0.840921 0.770127 0.0076493
58 0.837318 0.771285 0.00760501
59 0.832782 0.772328 0.00754732
60 0.828507 0.773264 0.00747931
61 0.825046 0.774113 0.00740449
62 0.822387 0.774892 0.00732558
63 0.820106 0.775609 0.00724401
64 0.817668 0.776266 0.00716014
65 0.814522 0.776855 0.00707365
66 0.810195 0.77736 0.00698394
67 0.804141 0.77776 0.00689052
68 0.795859 0.778026 0.00679365
69 0.78499 0.778127 0.00669523
70 0.771361 0.77803 0.0065996
71 0.755153 0.777708 0.00651395
72 0.737066 0.777144 0.0064476
73 0.718582 0.776341 0.00640907
74 0.70182 0.775334 0.00640157
75 0.689075 0.774184 0.00641951
76 0.682229 0.772974 0.006449
77 0.682112 0.771794 0.00647316
78 0.688285 0.770724 0.00647871
79 0.699358 0.76982 0.00645965
80 0.713625 0.769118 0.00641696
81 0.729569 0.76863 0.00635602
82 0.746021 0.768354 0.00628408
83 0.762125 0.768279 0.00620836
84 0.777188 0.768385 0.00613493
85 0.790605 0.768646 0.00606795
86 0.801812 0.769032 0.00600937
87 0.81016 0.769505 0.00595868
88 0.814919 0.770021 0.00591314
89 0.815257 0.770529 0.00586837
90 0.810668 0.770975 0.00581992
91 0.80137 0.771309 0.00576529
92 0.788416 0.771495 0.00570531
93 0.773832 0.77152 0.00564368
94 0.760264 0.7714 0.00558461
95 0.750434 0.77118 0.00552991
96 0.746379 0.770921 0.0054781
97 0.748914 0.770694 0.00542608
98 0.757352 0.770558 0.00537215
99 0.769712 0.77055 0.00531762
100 0.783444 0.770679 0.00526575
1 0.810767 0.810767 0
2 0.819492 0.815129 0.0043625
3 0.825526 0.818595 0.00428413
4 0.829714 0.821374 0.0041114
5 0.833014 0.823702 0.00394479
6 0.835882 0.825732 0.00380721
7 0.838049 0.827492 0.00366737
8 0.838758 0.8289 0.00347428
9 0.837239 0.829827 0.00320106
10 0.833264 0.83017 0.00288367
11 0.827388 0.829918 0.00262061
12 0.820841 0.829161 0.002509
13 0.815121 0.828081 0.00254815
14 0.81157 0.826902 0.00263751
15 0.810858 0.825832 0.00267824
16 0.812631 0.825007 0.00263763
17 0.815718 0.824461 0.00253716
18 0.818351 0.824121 0.00241603
19 0.81861 0.823831 0.00230367
20 0.815073 0.823393 0.00222889
21 0.807177 0.822621 0.00225634
22 0.795645 0.821395 0.00247624
23 0.782558 0.819706 0.00290687
24 0.770699 0.817664 0.00345186
25 0.762414 0.815454 0.00398074
26 0.7585 0.813264 0.00440747
27 0.757893 0.811213 0.00471089
28 0.758371 0.809326 0.00491619
29 0.757549 0.80754 0.00506851
30 0.753872 0.805751 0.00521321
31 0.747378 0.803868 0.00538237
32 0.739859 0.801868 0.00558215
33 0.734093 0.799814 0.00578705
34 0.732501 0.797835 0.00595312
35 0.736203 0.796074 0.00604279
36 0.745116 0.794658 0.00604072
37 0.758675 0.793686 0.00595514
38 0.775974 0.79322 0.00581501
39 0.795552 0.793279 0.00566426
40 0.81516 0.793826 0.00554787
41 0.832146 0.794761 0.005491
42 0.844488 0.795945 0.0054879
43 0.851513 0.797237 0.00551237
44 0.853985 0.798527 0.00553791
45 0.853365 0.799746 0.00554891
46 0.850912 0.800858 0.00553976
47 0.847247 0.801845 0.00550974
48 0.842668 0.802695 0.00546037
49 0.837376 0.803403 0.00539441
50 0.831638 0.803968 0.0053155
51 0.825525 0.804391 0.00522735
52 0.818793 0.804668 0.00513332
53 0.810904 0.804785 0.0050369
54 0.801329 0.804721 0.00494316
55 0.789667 0.804447 0.00486017
56 0.77585 0.803937 0.00479983
57 0.760357 0.803172 0.00477646
58 0.744172 0.802155 0.00480236
59 0.728824 0.800912 0.00488116
60 0.71622 0.799501 0.00500239
61 0.708122 0.798003 0.00514272
62 0.70556 0.796512 0.00527423
63 0.708536 0.795115 0.00537442
64 0.71605 0.79388 0.00543213
65 0.726559 0.792844 0.00544727
66 0.738535 0.792021 0.00542685
67 0.750796 0.791406 0.00538053
68 0.762697 0.790984 0.0053176
69 0.773973 0.790737 0.00524577
70 0.784627 0.79065 0.00517102
71 0.794646 0.790706 0.00509798
72 0.803925 0.79089 0.00503003
73 0.812199 0.791182 0.00496923
74 0.819112 0.791559 0.00491612
75 0.824143 0.791994 0.00486955
76 0.82675 0.792451 0.00482676
77 0.826527 0.792893 0.00478418
78 0.823247 0.793283 0.00473845
79 0.816927 0.793582 0.00468765
80 0.807912 0.793761 0.00463215
81 0.797264 0.793804 0.00457481
82 0.786786 0.793719 0.00451949
83 0.778939 0.793541 0.00446825
84 0.776133 0.793333 0.0044196
85 0.779797 0.793174 0.0043702
86 0.789662 0.793133 0.00431928
87 0.803974 0.793258 0.00427116
88 0.820204 0.793564 0.00423343
89 0.835946 0.79404 0.0042126
90 0.849348 0.794655 0.00421061
91 0.859286 0.795365 0.00422422
92 0.865183 0.796124 0.00424642
93 0.866725 0.796883 0.00426856
94 0.863757 0.797594 0.00428241
95 0.856365 0.798213 0.00428201
96 0.844967 0.7987 0.00426507
97 0.830498 0.799028 0.00423358
98 0.814408 0.799185 0.0041931
99 0.798385 0.799177 0.00415054
100 0.784054 0.799026 0.0041116
1 0.788144 0.788144 0
2 0.778718 0.783431 0.00471262
3 0.772174 0.779679 0.004635
4 0.767674 0.776678 0.0044439
5 0.764144 0.774171 0.0042583
6 0.760655 0.771918 0.00414281
7 0.756667 0.769739 0.00412387
8 0.752125 0.767538 0.00419557
9 0.747332 0.765293 0.00432798
10 0.742774 0.763041 0.00447838
11 0.738859 0.760842 0.00460893
12 0.735892 0.758763 0.00469308
13 0.734059 0.756863 0.00471675
14 0.733566 0.755199 0.00467319
15 0.734689 0.753831 0.0045603
16 0.737682 0.752822 0.00438356
17 0.742745 0.752229 0.00416008
18 0.749925 0.752101 0.00392425
19 0.759103 0.75247 0.00373022
20 0.769798 0.753336 0.00364332
21 0.78108 0.754657 0.00370877
22 0.791782 0.756345 0.00391818
23 0.800966 0.758285 0.00421674
24 0.808262 0.760367 0.00454262
25 0.813844 0.762506 0.00485389
26 0.818178 0.764648 0.00513154
27 0.82158 0.766756 0.0053692
28 0.823963 0.768799 0.00556268
29 0.825071 0.77074 0.00570741
30 0.824602 0.772535 0.00579883
31 0.822445 0.774145 0.00583516
32 0.818925 0.775544 0.00582059
33 0.814766 0.776733 0.0057653
34 0.811059 0.777743 0.00568354
35 0.808971 0.778635 0.00559043
36 0.809305 0.779487 0.00549931
37 0.812207 0.780371 0.00542123
38 0.816975 0.781334 0.00536384
39 0.822196 0.782382 0.00532852
40 0.826221 0.783478 0.00530797
41 0.82758 0.784554 0.00528746
42 0.825265 0.785523 0.00525029
43 0.818924 0.7863 0.00518525
44 0.808904 0.786814 0.00509201
45 0.796229 0.787023 0.00498197
46 0.782447 0.786923 0.00487347
47 0.769375 0.78655 0.00478325
48 0.758531 0.785966 0.00471878
49 0.750654 0.785246 0.00467733
50 0.745725 0.784455 0.00465049
51 0.743348 0.783649 0.00462911
52 0.743185 0.782871 0.00460543
53 0.74528 0.782162 0.00457304
54 0.749905 0.781564 0.00452713
55 0.757242 0.781122 0.00446601
56 0.767059 0.780871 0.00439272
57 0.778654 0.780832 0.00431514
58 0.79093 0.781006 0.00424366
59 0.802615 0.781372 0.00418716
60 0.812398 0.781889 0.00414913
61 0.818981 0.782498 0.0041256
62 0.8213 0.783123 0.00410649
63 0.818634 0.783687 0.0040799
64 0.810967 0.784113 0.00403821
65 0.799303 0.784347 0.00398246
66 0.785674 0.784367 0.0039217
67 0.772865 0.784195 0.00386654
68 0.76363 0.783893 0.00382124
69 0.759879 0.783545 0.0037815
70 0.762307 0.783242 0.00373942
71 0.770675 0.783065 0.00369062
72 0.783989 0.783077 0.00363903
73 0.80058 0.783317 0.00359683
74 0.817643 0.783781 0.00357809
75 0.831476 0.784417 0.00358688
76 0.838763 0.785132 0.00361088
77 0.838142 0.78582 0.00362957
78 0.830796 0.786397 0.00362884
79 0.819839 0.78682 0.00360753
80 0.808893 0.787096 0.00357282
81 0.800759 0.787265 0.00353247
82 0.796717 0.78738 0.00349102
83 0.796534 0.787491 0.00345047
84 0.798773 0.787625 0.00341179
85 0.801268 0.787785 0.00337523
86 0.801791 0.787948 0.00333973
87 0.798774 0.788073 0.00330346
88 0.791709 0.788114 0.00326597
89 0.781144 0.788036 0.00323001
90 0.76829 0.787816 0.00320145
91 0.754622 0.787452 0.00318702
92 0.741453 0.786952 0.00319159
93 0.729772 0.786337 0.0032164
94 0.720272 0.785634 0.00325869
95 0.713496 0.784875 0.00331242
96 0.709934 0.784094 0.00336941
97 0.709921 0.783329 0.00342104
98 0.713415 0.782616 0.00346029
99 0.719975 0.781983 0.00348312
100 0.728917 0.781452 0.0034887
1 0.808845 0.808845 0
2 0.817426 0.813136 0.00429044
3 0.824923 0.817065 0.00464468
4 0.830979 0.820543 0.00478395
5 0.83506 0.823447 0.00470752
6 0.836866 0.825683 0.00444702
7 0.836609 0.827244 0.00406966
8 0.835057 0.828221 0.00365725
9 0.83324 0.828778 0.00327325
10 0.83165 0.829066 0.00294173
11 0.83008 0.829158 0.00266249
12 0.827948 0.829057 0.00243261
13 0.825059 0.82875 0.0022587
14 0.822104 0.828275 0.00214435
15 0.820534 0.827759 0.0020619
16 0.822067 0.827403 0.00196126
17 0.828075 0.827443 0.00184271
18 0.839278 0.8281 0.00185759
19 0.855443 0.829539 0.00227123
20 0.875253 0.831825 0.00314118
21 0.896403 0.8349 0.00428762
22 0.916033 0.838588 0.00550571
23 0.9315 0.842628 0.00663292
24 0.941008 0.846727 0.00755862
25 0.943704 0.850606 0.0082225
26 0.939687 0.854032 0.0086109
27 0.929403 0.856824 0.00874343
28 0.913265 0.858839 0.00866316
29 0.891658 0.859971 0.00843536
30 0.865442 0.860153 0.00815137
31 0.836713 0.859397 0.00792021
32 0.809014 0.857823 0.00782867
33 0.786069 0.855648 0.00789313
34 0.769861 0.853125 0.00806245
35 0.759685 0.850456 0.0082714
36 0.75334 0.847758 0.00847894
37 0.749525 0.845103 0.00866343
38 0.748989 0.842574 0.00880354
39 0.753836 0.840298 0.00887158
40 0.76567 0.838433 0.00884593
41 0.78408 0.837107 0.00872874
42 0.806739 0.836384 0.00854901
43 0.830268 0.836242 0.00834904
44 0.851158 0.836581 0.00816412
45 0.866459 0.837245 0.00800821
46 0.874205 0.838048 0.00787329
47 0.873626 0.838805 0.00774105
48 0.865318 0.839357 0.00759816
49 0.851239 0.8396 0.00744543
50 0.834376 0.839495 0.00729575
51 0.81813 0.839077 0.00716353
52 0.805569 0.838432 0.00705391
53 0.798851 0.837685 0.00695972
54 0.798814 0.836965 0.00686745
55 0.805052 0.836385 0.00676636
56 0.816292 0.836026 0.00665411
57 0.830853 0.835936 0.00653696
58 0.847003 0.836126 0.0064261
59 0.863318 0.836587 0.00633304
60 0.878762 0.83729 0.00626614
61 0.892801 0.8382 0.00622939
62 0.905137 0.83928 0.00622247
63 0.915295 0.840486 0.00624065
64 0.9222 0.841763 0.00627366
65 0.924107 0.84303 0.00630497
66 0.919108 0.844183 0.0063148
67 0.905923 0.845104 0.00628773
68 0.884649 0.845686 0.00622181
69 0.857133 0.845852 0.00613322
70 0.826782 0.845579 0.0060511
71 0.797973 0.844909 0.00600283
72 0.774864 0.843936 0.00599829
73 0.760293 0.84279 0.0060255
74 0.755066 0.841605 0.00606058
75 0.758059 0.840491 0.00608211
76 0.767062 0.839525 0.00607882
77 0.779503 0.838745 0.00604978
78 0.792905 0.838157 0.00600057
79 0.80514 0.837739 0.00593885
80 0.814529 0.837449 0.00587131
81 0.819981 0.837234 0.00580239
82 0.821126 0.837037 0.00573455
83 0.818219 0.83681 0.00566958
84 0.812041 0.836516 0.00560943
85 0.803895 0.836132 0.00555631
86 0.795488 0.835659 0.00551162
87 0.78914 0.835125 0.00547408
88 0.787589 0.834584 0.00543841
89 0.7932 0.834119 0.00539703
90 0.807018 0.833818 0.00534521
91 0.828083 0.833755 0.00528652
92 0.853614 0.833971 0.0052332
93 0.879924 0.834465 0.00520015
94 0.903457 0.835199 0.00519662
95 0.921592 0.836109 0.00522143
96 0.933041 0.837118 0.00526449
97 0.937926 0.838157 0.00531258
98 0.937375 0.83917 0.00535467
99 0.933011 0.840118 0.0053844
100 0.926284 0.840979 0.00539948
1 0.793032 0.793032 0
2 0.787626 0.790329 0.0027031
3 0.783714 0.788124 0.0027013
4 0.780406 0.786195 0.00271509
5 0.776696 0.784295 0.002834
6 0.771817 0.782215 0.00311116
7 0.765591 0.77984 0.00354316
8 0.758563 0.777181 0.00406073
9 0.751761 0.774356 0.00456095
10 0.746096 0.77153 0.00496271
11 0.741736 0.768822 0.00524279
12 0.738201 0.76627 0.00542373
13 0.735029 0.763867 0.00553771
14 0.732437 0.761622 0.0055969
15 0.731343 0.759603 0.00558778
16 0.732763 0.757926 0.00548948
17 0.737118 0.756702 0.00529975
18 0.744097 0.756002 0.00504548
19 0.752942 0.75584 0.00477527
20 0.762856 0.756191 0.00454378
21 0.773289 0.757005 0.00439801
22 0.783776 0.758222 0.00436632
23 0.793768 0.759768 0.0044492
24 0.802537 0.76155 0.00461753
25 0.80918 0.763455 0.00482138
26 0.812927 0.765358 0.0050078
27 0.813246 0.767131 0.0051348
28 0.810264 0.768672 0.00518227
29 0.804836 0.769919 0.00515353
30 0.798262 0.770864 0.00506763
31 0.79186 0.771541 0.00494801
32 0.786404 0.772005 0.00481335
33 0.781763 0.772301 0.00467457
34 0.777014 0.77244 0.00453712
35 0.771123 0.772402 0.00440574
36 0.763672 0.77216 0.00428847
37 0.755268 0.771703 0.00419587
38 0.747414 0.771064 0.00413368
39 0.741704 0.770311 0.00409607
40 0.738948 0.769527 0.00406862
41 0.738698 0.768775 0.00403876
42 0.739479 0.768078 0.00400267
43 0.739531 0.767414 0.00396445
44 0.737493 0.766734 0.00393255
45 0.732806 0.76598 0.0039174
46 0.725801 0.765106 0.0039296
47 0.717632 0.764096 0.00397554
48 0.710225 0.762974 0.00405043
49 0.705799 0.761807 0.00413495
50 0.70635 0.760698 0.00420049
51 0.713105 0.759765 0.00422173
52 0.726257 0.75912 0.0041896
53 0.745001 0.758854 0.00411841
54 0.767768 0.759019 0.0040448
55 0.792348 0.759625 0.00401655
56 0.816001 0.760632 0.00407063
57 0.835809 0.761951 0.00421048
58 0.849034 0.763452 0.00440126
59 0.853664 0.764981 0.00458828
60 0.848842 0.766379 0.00472272
61 0.835293 0.767508 0.00478008
62 0.815213 0.768278 0.00476488
63 0.791791 0.768651 0.00470347
64 0.768291 0.768645 0.0046294
65 0.747298 0.768317 0.00456944
66 0.730543 0.767745 0.00453592
67 0.719274 0.767021 0.0045259
68 0.714521 0.766249 0.0045252
69 0.716946 0.765535 0.00451602
70 0.726391 0.764975 0.00448603
71 0.741716 0.764648 0.00443451
72 0.760883 0.764596 0.0043728
73 0.781368 0.764825 0.0043186
74 0.800679 0.76531 0.00428731
75 0.816587 0.765994 0.00428466
76 0.82734 0.766801 0.00430427
77 0.831717 0.767644 0.00433085
78 0.829272 0.768434 0.00434737
79 0.820491 0.769093 0.00434228
80 0.806941 0.769566 0.00431368
81 0.791218 0.769833 0.00426847
82 0.776606 0.769916 0.0042169
83 0.766188 0.769871 0.00416603
84 0.761816 0.769775 0.00411725
85 0.763543 0.769702 0.00406918
86 0.769774 0.769703 0.00402159
87 0.778033 0.769798 0.00397625
88 0.785864 0.769981 0.00393504
89 0.791552 0.770223 0.00389812
90 0.794188 0.77049 0.00386375
91 0.793513 0.770743 0.00382942
92 0.789684 0.770948 0.00379316
93 0.783086 0.771079 0.00375442
94 0.774415 0.771114 0.00371443
95 0.764699 0.771047 0.00367575
96 0.755305 0.770883 0.00364095
97 0.747565 0.770643 0.00361123
98 0.742398 0.770354 0.00358579
99 0.740017 0.770048 0.00356259
100 0.739937 0.769747 0.00353962
1 0.799449 0.799449 0
2 0.79743 0.79844 0.00100949
3 0.793389 0.796756 0.00178171
4 0.787488 0.794439 0.00263748
5 0.780368 0.791625 0.0034776
6 0.772864 0.788498 0.00422361
7 0.76562 0.78523 0.00483979
8 0.758962 0.781946 0.00532436
9 0.75307 0.778738 0.00568716
10 0.748176 0.775682 0.00593425
11 0.744874 0.772881 0.00605444
12 0.743894 0.770465 0.00603175
13 0.745818 0.768569 0.0058634
14 0.750941 0.76731 0.00557258
15 0.759187 0.766769 0.00521598
16 0.770306 0.76699 0.00488411
17 0.784 0.76799 0.00469567
18 0.799921 0.769764 0.0047693
19 0.817367 0.77227 0.00516033
20 0.834999 0.775406 0.00581408
21 0.850778 0.778995 0.00659287
22 0.862368 0.782785 0.00734003
23 0.867639 0.786474 0.00792477
24 0.865168 0.789753 0.00826557
25 0.854513 0.792343 0.00834052
26 0.836281 0.794033 0.00818956
27 0.811917 0.794696 0.00790819
28 0.783541 0.794297 0.00763093
29 0.753573 0.792893 0.00749581
30 0.72463 0.790618 0.00759071
31 0.69934 0.787673 0.0079102
32 0.680304 0.784318 0.00836173
33 0.66987 0.78085 0.00881526
34 0.669603 0.777578 0.00915661
35 0.679571 0.774778 0.00932166
36 0.698217 0.772651 0.00930531
37 0.722835 0.771305 0.00914992
38 0.750514 0.770757 0.00892267
39 0.778718 0.770962 0.00869327
40 0.805666 0.771829 0.00851745
41 0.830308 0.773256 0.00842867
42 0.852093 0.775133 0.008437
43 0.870617 0.777353 0.00853247
44 0.885566 0.779813 0.00869152
45 0.896791 0.782412 0.00888496
46 0.90442 0.785064 0.00908544
47 0.908719 0.787695 0.00927116
48 0.909875 0.790241 0.00942614
49 0.907641 0.792637 0.00953761
50 0.90151 0.794814 0.00959524
51 0.891119 0.796702 0.00959291
52 0.87661 0.798239 0.00953131
53 0.858512 0.799376 0.00941865
54 0.837759 0.800087 0.00926988
55 0.815714 0.800371 0.00910421
56 0.794095 0.800259 0.00894086
57 0.775015 0.799816 0.00879376
58 0.76073 0.799142 0.00866705
59 0.753198 0.798364 0.0085544
60 0.753363 0.797614 0.008444
61 0.760721 0.797009 0.00832641
62 0.773321 0.796627 0.00819992
63 0.788325 0.796495 0.00806979
64 0.802714 0.796592 0.00794329
65 0.814001 0.79686 0.00782472
66 0.820504 0.797218 0.00771357
67 0.821432 0.79758 0.00760616
68 0.816873 0.797863 0.00749884
69 0.807796 0.798007 0.00739076
70 0.795974 0.797978 0.00728447
71 0.783779 0.797778 0.00718393
72 0.773578 0.797442 0.00709142
73 0.767319 0.79703 0.00700576
74 0.766028 0.796611 0.00692313
75 0.76955 0.79625 0.00683972
76 0.776769 0.795994 0.00675399
77 0.785896 0.795862 0.00666699
78 0.794838 0.795849 0.00658097
79 0.801687 0.795923 0.00649756
80 0.805255 0.79604 0.00641688
81 0.805401 0.796155 0.00633822
82 0.802932 0.796238 0.00626099
83 0.799313 0.796275 0.00618521
84 0.796133 0.796273 0.00611113
85 0.794495 0.796252 0.00603885
86 0.794807 0.796236 0.00596824
87 0.796867 0.796243 0.00589924
88 0.800187 0.796288 0.00583199
89 0.804377 0.796379 0.00576681
90 0.809296 0.796522 0.00570418
91 0.814935 0.796724 0.00564478
92 0.821241 0.796991 0.00558944
93 0.828118 0.797326 0.00553913
94 0.835365 0.79773 0.00549481
95 0.84282 0.798205 0.00545734
96 0.850232 0.798747 0.00542732
97 0.857148 0.799349 0.00540472
98 0.862681 0.799995 0.00538818
99 0.865528 0.800657 0.00537439
100 0.864402 0.801295 0.00535843
1 0.793887 0.793887 0
2 0.784561 0.789224 0.00466291
3 0.772691 0.783713 0.00613328
4 0.758808 0.777487 0.00758773
5 0.743459 0.770681 0.00899214
6 0.727378 0.763464 0.0102953
7 0.71175 0.756076 0.0114143
8 0.698281 0.748852 0.0122437
9 0.688983 0.7422 0.0126825
10 0.685535 0.736533 0.0126801
11 0.688744 0.732189 0.0122648
12 0.698392 0.729372 0.011545
13 0.713481 0.72815 0.01069
14 0.732544 0.728464 0.009902
15 0.75401 0.730167 0.00937425
16 0.776239 0.733046 0.0092295
17 0.797461 0.736835 0.00946146
18 0.815771 0.741221 0.00994
19 0.829305 0.745857 0.0104831
20 0.836545 0.750391 0.0109301
21 0.83668 0.7545 0.0111791
22 0.829772 0.757922 0.0111946
23 0.816943 0.760488 0.0110003
24 0.800212 0.762143 0.0106612
25 0.782248 0.762947 0.0102575
26 0.765872 0.76306 0.0098557
27 0.753228 0.762695 0.00949064
28 0.745243 0.762072 0.00916663
29 0.741543 0.761364 0.00887317
30 0.740924 0.760683 0.00859934
31 0.742119 0.760084 0.00833884
32 0.744328 0.759592 0.00808905
33 0.747119 0.759214 0.0078492
34 0.749915 0.75894 0.00761975
35 0.751864 0.758738 0.00740161
36 0.751917 0.758549 0.00719556
37 0.749227 0.758297 0.00700292
38 0.743549 0.757909 0.00682718
39 0.735479 0.757333 0.00667465
40 0.726503 0.756563 0.00655114
41 0.718648 0.755638 0.00645593
42 0.713874 0.754644 0.00637833
43 0.713389 0.753684 0.00630169
44 0.717163 0.752854 0.00621251
45 0.723964 0.752212 0.00610672
46 0.731977 0.751772 0.00598867
47 0.739539 0.751512 0.00586564
48 0.745818 0.751393 0.00574337
49 0.750985 0.751385 0.00562494
50 0.755969 0.751477 0.00551206
51 0.7619 0.751681 0.00540676
52 0.769367 0.752021 0.00531266
53 0.77796 0.752511 0.00523439
54 0.786282 0.753136 0.00517447
55 0.792334 0.753849 0.00512928
56 0.794148 0.754568 0.005088
57 0.790472 0.755198 0.00503747
58 0.781441 0.755651 0.00497049
59 0.768984 0.755877 0.00489075
60 0.756805 0.755892 0.00480857
61 0.749383 0.755785 0.00473029
62 0.750113 0.755694 0.00465426
63 0.759568 0.755755 0.0045802
64 0.775357 0.756062 0.00451846
65 0.793541 0.756638 0.00448562
66 0.810498 0.757454 0.00449188
67 0.824023 0.758448 0.00453452
68 0.833297 0.759549 0.00460094
69 0.838471 0.760692 0.00467583
70 0.840088 0.761827 0.00474607
71 0.83867 0.762909 0.00480229
72 0.834319 0.763901 0.00483788
73 0.826919 0.764764 0.00484862
74 0.81627 0.76546 0.00483303
75 0.802669 0.765956 0.00479389
76 0.787165 0.766235 0.00473862
77 0.771461 0.766303 0.00467717
78 0.757555 0.766191 0.00461817
79 0.747245 0.765951 0.00456564
80 0.741572 0.765646 0.0045185
81 0.740592 0.765337 0.00447308
82 0.743523 0.765071 0.00442619
83 0.749308 0.764881 0.00437666
84 0.756768 0.764784 0.00432532
85 0.764714 0.764784 0.00427413
86 0.771811 0.764865 0.00422493
87 0.776651 0.765001 0.00417828
88 0.777884 0.765147 0.00413312
89 0.774704 0.765255 0.00408783
90 0.767247 0.765277 0.00404222
91 0.756669 0.765182 0.00399867
92 0.744911 0.764962 0.0039611
93 0.734243 0.764632 0.00393217
94 0.726677 0.764228 0.00391101
95 0.723654 0.763801 0.00389312
96 0.7257 0.763404 0.00387275
97 0.732505 0.763085 0.00384583
98 0.743187 0.762882 0.0038118
99 0.756548 0.762818 0.00377364
100 0.771323 0.762903 0.00373668
1 0.813217 0.813217 0
2 0.825537 0.819377 0.0061601
3 0.835208 0.824654 0.00636356
4 0.841237 0.8288 0.00611844
5 0.842853 0.831611 0.00551009
6 0.839639 0.832949 0.00469372
7 0.831766 0.83278 0.00397051
8 0.819975 0.831179 0.00379286
9 0.805298 0.828303 0.00441115
10 0.788968 0.82437 0.00557133
11 0.772182 0.819626 0.00692135
12 0.756056 0.814328 0.00824524
13 0.741406 0.808719 0.00943347
14 0.728646 0.802999 0.0104398
15 0.717879 0.797325 0.0112543
16 0.709151 0.791814 0.0118826
17 0.702729 0.786573 0.0123307
18 0.699075 0.781712 0.0126009
19 0.698703 0.777343 0.0126947
20 0.701833 0.773568 0.0126212
21 0.708128 0.770452 0.012403
22 0.716527 0.768001 0.0120771
23 0.725471 0.766151 0.0116873
24 0.733407 0.764787 0.0112726
25 0.739378 0.763771 0.01086
26 0.743468 0.76299 0.0104631
27 0.746855 0.762392 0.0100858
28 0.75143 0.762001 0.00972685
29 0.75929 0.761907 0.00938591
30 0.771993 0.762243 0.00907388
31 0.789959 0.763138 0.00882172
32 0.812191 0.76467 0.00867805
33 0.83627 0.76684 0.00868631
34 0.858901 0.769548 0.00885128
35 0.876739 0.77261 0.00912402
36 0.887162 0.775792 0.00942062
37 0.888871 0.778849 0.00965873
38 0.88213 0.781567 0.00978613
39 0.868586 0.783798 0.00978957
40 0.850932 0.785476 0.00968818
41 0.832426 0.786621 0.00951806
42 0.816148 0.787324 0.00931524
43 0.804205 0.787717 0.0091045
44 0.797345 0.787936 0.00889786
45 0.794998 0.788093 0.0086993
46 0.795863 0.788262 0.00850976
47 0.798457 0.788478 0.00832956
48 0.801497 0.78875 0.00815869
49 0.803932 0.78906 0.00799646
50 0.804795 0.789374 0.00784121
51 0.803291 0.789647 0.00769077
52 0.799093 0.789829 0.00754361
53 0.792549 0.78988 0.00740008
54 0.784439 0.789779 0.00726245
55 0.775558 0.789521 0.00713387
56 0.766569 0.789111 0.0070173
57 0.757975 0.788565 0.0069147
58 0.750158 0.787902 0.00682663
59 0.743164 0.787144 0.00675263
60 0.736776 0.786305 0.006692
61 0.730804 0.785395 0.00664397
62 0.725322 0.784426 0.00660736
63 0.720651 0.783414 0.00657997
64 0.717289 0.78238 0.00655824
65 0.715704 0.781355 0.00653754
66 0.716433 0.780371 0.00651244
67 0.720075 0.779471 0.00647732
68 0.727193 0.778702 0.0064275
69 0.737979 0.778112 0.0063611
70 0.75195 0.777738 0.0062807
71 0.767974 0.777601 0.00619314
72 0.784469 0.777696 0.00610726
73 0.79971 0.777998 0.00603056
74 0.812069 0.778458 0.0059663
75 0.820204 0.779015 0.00591247
76 0.823445 0.779599 0.00586338
77 0.822042 0.780151 0.00581292
78 0.817377 0.780628 0.00575773
79 0.811494 0.781019 0.00569779
80 0.806227 0.781334 0.00563493
81 0.802378 0.781593 0.00557099
82 0.799618 0.781813 0.00550702
83 0.797209 0.781999 0.00544343
84 0.794642 0.782149 0.00538034
85 0.791716 0.782262 0.00531786
86 0.788265 0.782332 0.00525612
87 0.784083 0.782352 0.00519539
88 0.77905 0.782314 0.00513615
89 0.773436 0.782215 0.0050791
90 0.767808 0.782054 0.00502489
91 0.762765 0.781842 0.00497389
92 0.758762 0.781592 0.00492592
93 0.756298 0.78132 0.00488025
94 0.756069 0.781051 0.00483552
95 0.75873 0.780816 0.00479011
96 0.76449 0.780646 0.004743
97 0.772732 0.780564 0.00469456
98 0.782188 0.780581 0.00464644
99 0.791564 0.780692 0.0046006
100 0.79994 0.780884 0.00455843
1 0.805341 0.805341 0
2 0.809633 0.807487 0.00214608
3 0.812562 0.809179 0.00209695
4 0.813878 0.810353 0.00189185
5 0.813117 0.810906 0.00156616
6 0.80984 0.810728 0.00129105
7 0.803928 0.809757 0.00146099
8 0.795785 0.80801 0.00215665
9 0.786458 0.805616 0.00305813
10 0.777492 0.802803 0.00392316
11 0.770614 0.799877 0.00459955
12 0.767418 0.797172 0.00499463
13 0.769059 0.79501 0.00507789
14 0.775994 0.793651 0.00489348
15 0.787736 0.793257 0.00457262
16 0.80273 0.793849 0.00431808
17 0.818683 0.79531 0.00431117
18 0.833084 0.797408 0.00457439
19 0.843687 0.799844 0.00496538
20 0.84905 0.802304 0.00531436
21 0.848665 0.804512 0.00551601
22 0.843016 0.806262 0.00554288
23 0.833359 0.80744 0.00542585
24 0.821168 0.808012 0.00522625
25 0.807755 0.808002 0.00501285
26 0.79384 0.807457 0.00484689
27 0.779691 0.806429 0.00477596
28 0.76545 0.804965 0.00482934
29 0.751394 0.803118 0.00501264
30 0.738246 0.800956 0.00530354
31 0.727185 0.798576 0.00565472
32 0.719499 0.796105 0.006007
33 0.716064 0.793679 0.00630715
34 0.716869 0.79142 0.00652255
35 0.721153 0.789413 0.00664404
36 0.727867 0.787703 0.00667934
37 0.735972 0.786305 0.00664506
38 0.74462 0.785208 0.00656019
39 0.752964 0.784381 0.00644303
40 0.760203 0.783777 0.00630892
41 0.765803 0.783338 0.00616871
42 0.769655 0.783012 0.00602886
43 0.772087 0.782758 0.00589246
44 0.773651 0.782551 0.0057607
45 0.774781 0.782379 0.00563388
46 0.775585 0.782231 0.00551202
47 0.775712 0.782092 0.00539525
48 0.774663 0.781938 0.00528392
49 0.772033 0.781735 0.00517891
50 0.767752 0.781456 0.00508198
51 0.762126 0.781077 0.00499573
52 0.755647 0.780588 0.00492307
53 0.748803 0.779988 0.00486638
54 0.741824 0.779281 0.00482743
55 0.734846 0.778473 0.00480722
56 0.728092 0.777574 0.00480556
57 0.722295 0.776604 0.00481909
58 0.718696 0.775605 0.00483939
59 0.71888 0.774644 0.00485285
60 0.724257 0.773804 0.00484462
61 0.735533 0.773177 0.00480567
62 0.752358 0.772841 0.00473944
63 0.773267 0.772848 0.00466361
64 0.795984 0.773209 0.00460437
65 0.81794 0.773897 0.00458492
66 0.836931 0.774853 0.00461483
67 0.851674 0.775999 0.00468781
68 0.862005 0.777264 0.00478842
69 0.868367 0.778584 0.00489976
70 0.871258 0.779908 0.00500744
71 0.870837 0.781189 0.00509983
72 0.86699 0.782381 0.00516778
73 0.859603 0.783438 0.00520512
74 0.848764 0.784321 0.00520964
75 0.834809 0.784994 0.00518361
76 0.818353 0.785433 0.00513374
77 0.800298 0.785626 0.00507031
78 0.781837 0.785578 0.00500512
79 0.764456 0.78531 0.00494859
80 0.749701 0.784865 0.00490657
81 0.738983 0.784299 0.00487861
82 0.733384 0.783678 0.00485859
83 0.733256 0.78307 0.00483798
84 0.738006 0.782534 0.00481005
85 0.746071 0.782105 0.00477245
86 0.755282 0.781793 0.00472693
87 0.763396 0.781582 0.00467706
88 0.768647 0.781435 0.00462594
89 0.770017 0.781306 0.00457547
90 0.76754 0.781153 0.00452693
91 0.762308 0.780946 0.0044817
92 0.756241 0.780678 0.00444084
93 0.751595 0.780365 0.00440395
94 0.750279 0.780045 0.00436858
95 0.753251 0.779763 0.00433155
96 0.760165 0.779559 0.00429105
97 0.769836 0.779459 0.00424776
98 0.780808 0.779472 0.00420422
99 0.792047 0.779599 0.00416347
100 0.803257 0.779836 0.00412841
1 0.809889 0.809889 0
2 0.820874 0.815382 0.00549247
3 0.832109 0.820957 0.00641433
4 0.842668 0.826385 0.00707337
5 0.851191 0.831346 0.00739136
6 0.856383 0.835519 0.00733716
7 0.857512 0.838661 0.00695157
8 0.854655 0.84066 0.00634352
9 0.848681 0.841551 0.00566499
10 0.840882 0.841484 0.00506737
11 0.832572 0.840674 0.00465467
12 0.824749 0.839347 0.00445153
13 0.818021 0.837707 0.00441119
14 0.812565 0.835911 0.00446136
15 0.808184 0.834062 0.00454607
16 0.804406 0.832209 0.00463886
17 0.800407 0.830338 0.00474203
18 0.795079 0.828379 0.00488111
19 0.787327 0.826219 0.00509763
20 0.77635 0.823725 0.00544099
21 0.762029 0.820787 0.00595117
22 0.745101 0.817347 0.00663569
23 0.72716 0.813426 0.00745514
24 0.71037 0.809132 0.00832982
25 0.697027 0.804648 0.00916204
26 0.688967 0.800198 0.00986315
27 0.68718 0.796013 0.0103729
28 0.691693 0.792287 0.0106674
29 0.701663 0.789162 0.0107569
30 0.71556 0.786708 0.0106778
31 0.731389 0.784924 0.0104806
32 0.746857 0.783734 0.0102173
33 0.759899 0.783012 0.00992918
34 0.769113 0.782603 0.00964139
35 0.774012 0.782358 0.00936509
36 0.775056 0.782155 0.00910349
37 0.773258 0.781915 0.0088573
38 0.769425 0.781586 0.00862732
39 0.763703 0.781127 0.0084157
40 0.755886 0.780496 0.00822684
41 0.746263 0.779661 0.00806701
42 0.73603 0.778622 0.00794084
43 0.727112 0.777425 0.00784596
44 0.721593 0.776156 0.00776988
45 0.721039 0.774931 0.00769338
46 0.72613 0.77387 0.00759869
47 0.736503 0.773075 0.00747765
48 0.750985 0.772615 0.00733466
49 0.767778 0.772516 0.00718409
50 0.784899 0.772764 0.00704329
51 0.800481 0.773307 0.00692517
52 0.812896 0.774068 0.00683323
53 0.821054 0.774955 0.00676143
54 0.82443 0.775871 0.006698
55 0.823184 0.776731 0.00663112
56 0.818213 0.777472 0.00655363
57 0.811057 0.778061 0.00646453
58 0.803697 0.778503 0.00636746
59 0.798024 0.778834 0.00626734
60 0.795235 0.779108 0.00616806
61 0.795311 0.779373 0.00607192
62 0.796968 0.779657 0.00597992
63 0.79824 0.779952 0.00589162
64 0.797395 0.780224 0.00580523
65 0.79348 0.780428 0.00571886
66 0.786569 0.780521 0.00563231
67 0.777638 0.780478 0.00554778
68 0.768102 0.780296 0.00546862
69 0.759124 0.77999 0.00539751
70 0.751421 0.779581 0.00533547
71 0.745288 0.779098 0.00528192
72 0.741086 0.77857 0.00523473
73 0.739459 0.778035 0.00519026
74 0.740978 0.777534 0.00514407
75 0.745674 0.777109 0.00509277
76 0.752718 0.776788 0.00503555
77 0.760762 0.77658 0.00497408
78 0.76858 0.776478 0.00491096
79 0.775616 0.776467 0.00484841
80 0.782012 0.776536 0.00478793
81 0.78838 0.776682 0.00473071
82 0.795383 0.77691 0.00467822
83 0.803186 0.777227 0.00463234
84 0.811167 0.777631 0.00459466
85 0.818011 0.778106 0.00456507
86 0.822071 0.778617 0.00454055
87 0.821862 0.779114 0.0045155
88 0.816497 0.779539 0.00448406
89 0.806067 0.779837 0.0044434
90 0.79192 0.779971 0.0043958
91 0.776665 0.779935 0.00434738
92 0.763714 0.779759 0.00430348
93 0.756214 0.779506 0.00426447
94 0.755887 0.779254 0.00422634
95 0.762496 0.779078 0.00418533
96 0.774299 0.779028 0.00414181
97 0.788838 0.779129 0.00410013
98 0.803584 0.779379 0.00406574
99 0.816276 0.779751 0.00404169
100 0.824977 0.780204 0.00402654
1 0.801742 0.801742 0
2 0.798448 0.800095 0.00164745
3 0.789889 0.796693 0.00353233
4 0.776592 0.791668 0.00561182
5 0.759439 0.785222 0.00777456
6 0.739565 0.777613 0.00990955
7 0.718304 0.76914 0.0119133
8 0.697348 0.760166 0.013674
9 0.678807 0.751126 0.0150714
10 0.665174 0.742531 0.0159874
11 0.658859 0.734924 0.0163396
12 0.661796 0.72883 0.0161128
13 0.674974 0.724687 0.0153897
14 0.69788 0.722773 0.0143762
15 0.728408 0.723148 0.0133888
16 0.763164 0.725649 0.0127714
17 0.798386 0.729928 0.0127368
18 0.830829 0.735534 0.0132523
19 0.858092 0.741984 0.0140977
20 0.878728 0.748821 0.0150206
21 0.89193 0.755636 0.0158294
22 0.897337 0.762077 0.0164097
23 0.894999 0.767856 0.0167111
24 0.885375 0.772753 0.0167322
25 0.869363 0.776617 0.0165077
26 0.848249 0.779372 0.0160976
27 0.823617 0.781011 0.0155763
28 0.797196 0.781589 0.0150209
29 0.770538 0.781208 0.0144986
30 0.745092 0.780004 0.0140587
31 0.722494 0.778149 0.0137236
32 0.704982 0.775862 0.0134831
33 0.695291 0.773421 0.0132942
34 0.695727 0.771136 0.0130982
35 0.706822 0.769298 0.0128505
36 0.726565 0.768111 0.0125447
37 0.750806 0.767643 0.0122099
38 0.77474 0.76783 0.0118857
39 0.794418 0.768512 0.011597
40 0.80763 0.76949 0.0113456
41 0.814064 0.770577 0.0111187
42 0.814812 0.77163 0.0109017
43 0.811471 0.772557 0.0106854
44 0.80536 0.773302 0.0104663
45 0.797152 0.773832 0.0102448
46 0.787102 0.774121 0.0100238
47 0.775364 0.774147 0.00980824
48 0.762327 0.773901 0.00960488
49 0.748631 0.773385 0.00942095
50 0.735056 0.772619 0.00926238
51 0.722313 0.771632 0.00913238
52 0.711039 0.770467 0.00903053
53 0.701777 0.769171 0.00895281
54 0.694953 0.767797 0.00889231
55 0.690906 0.766399 0.00884037
56 0.689895 0.765032 0.00878791
57 0.692262 0.763756 0.00872625
58 0.698358 0.762628 0.0086483
59 0.708454 0.76171 0.00854991
60 0.722393 0.761055 0.0084317
61 0.739323 0.760698 0.00829997
62 0.757571 0.760648 0.00816516
63 0.77489 0.760874 0.00803769
64 0.789133 0.761316 0.00792342
65 0.798863 0.761893 0.00782193
66 0.803526 0.762524 0.00772829
67 0.803532 0.763136 0.00763663
68 0.799895 0.763677 0.00754289
69 0.793826 0.764114 0.0074456
70 0.786354 0.764431 0.00734533
71 0.778215 0.764626 0.00724374
72 0.769901 0.764699 0.0071428
73 0.761834 0.76466 0.00704439
74 0.754363 0.76452 0.00694993
75 0.747734 0.764297 0.00686029
76 0.741859 0.764001 0.00677586
77 0.73665 0.763646 0.00669671
78 0.732192 0.763243 0.00662258
79 0.728933 0.762809 0.00655263
80 0.72794 0.762373 0.00648486
81 0.730781 0.761983 0.00641617
82 0.739269 0.761706 0.00634349
83 0.754463 0.761618 0.0062672
84 0.775613 0.761785 0.00619439
85 0.799773 0.762232 0.00613737
86 0.822752 0.762936 0.00610627
87 0.840493 0.763827 0.00610116
88 0.850081 0.764807 0.00611055
89 0.850142 0.765766 0.00611711
90 0.84094 0.766601 0.00610616
91 0.824269 0.767235 0.00607185
92 0.803091 0.767625 0.00601812
93 0.781019 0.767769 0.0059548
94 0.761575 0.767703 0.00589148
95 0.747388 0.767489 0.00583305
96 0.739777 0.7672 0.00577919
97 0.738501 0.766905 0.00572694
98 0.742393 0.766654 0.00567372
99 0.749832 0.766485 0.00561869
100 0.759229 0.766412 0.00556269
1 0.807941 0.807941 0
2 0.814293 0.811117 0.00317584
3 0.817365 0.813199 0.0027748
4 0.816083 0.81392 0.00209036
5 0.809959 0.813128 0.00180259
6 0.799313 0.810826 0.0027328
7 0.785269 0.807175 0.00432018
8 0.769718 0.802493 0.00599327
9 0.755071 0.797224 0.00746325
10 0.744114 0.791913 0.00853034
11 0.73942 0.787141 0.00907243
12 0.742446 0.783416 0.00908091
13 0.752848 0.781065 0.00867788
14 0.768741 0.780184 0.00808223
15 0.787517 0.780673 0.00754001
16 0.806641 0.782296 0.00723735
17 0.824084 0.784754 0.00722905
18 0.838315 0.78773 0.00743685
19 0.84818 0.790911 0.0077206
20 0.852925 0.794012 0.00795367
21 0.85211 0.796779 0.00805543
22 0.845647 0.799 0.00799531
23 0.833709 0.800509 0.0077874
24 0.816948 0.801194 0.00748727
25 0.796587 0.80101 0.0071839
26 0.774618 0.799995 0.0069763
27 0.753575 0.798275 0.00692961
28 0.736011 0.796052 0.00703807
29 0.723767 0.793559 0.00723404
30 0.717471 0.791023 0.00743473
31 0.716694 0.788625 0.00758011
32 0.720386 0.786493 0.00764293
33 0.727357 0.784701 0.00762137
34 0.736341 0.783278 0.00752938
35 0.746139 0.782217 0.0073877
36 0.755626 0.781479 0.00721745
37 0.763884 0.781003 0.00703576
38 0.770407 0.780724 0.00685378
39 0.775176 0.780582 0.00667724
40 0.778575 0.780532 0.00650837
41 0.781265 0.78055 0.00634767
42 0.783877 0.780629 0.00619519
43 0.78693 0.780775 0.00605118
44 0.790636 0.780999 0.0059163
45 0.795018 0.781311 0.00579172
46 0.799932 0.781716 0.00567886
47 0.805117 0.782214 0.00557898
48 0.810228 0.782797 0.00549261
49 0.814907 0.783453 0.00541911
50 0.818947 0.784163 0.00535687
51 0.822312 0.784911 0.0053038
52 0.825249 0.785686 0.00525834
53 0.828059 0.786486 0.00521976
54 0.83086 0.787308 0.00518768
55 0.833379 0.788145 0.00516092
56 0.835142 0.788984 0.00513694
57 0.835667 0.789803 0.00511204
58 0.834645 0.790577 0.00508228
59 0.831942 0.791278 0.00504436
60 0.82761 0.791883 0.0049964
61 0.821773 0.792373 0.00493818
62 0.814714 0.792734 0.00487123
63 0.8069 0.792958 0.00479855
64 0.798917 0.793051 0.0047239
65 0.791364 0.793026 0.00465073
66 0.784689 0.792899 0.00458146
67 0.779179 0.792694 0.00451721
68 0.77501 0.792434 0.00445788
69 0.772443 0.792145 0.00440234
70 0.77174 0.791853 0.00434877
71 0.772912 0.791586 0.00429538
72 0.775554 0.791364 0.00424115
73 0.778871 0.791193 0.00418615
74 0.782083 0.791069 0.00413103
75 0.784509 0.790982 0.00407651
76 0.785548 0.79091 0.00402315
77 0.784675 0.790829 0.00397138
78 0.781441 0.790709 0.00392199
79 0.775742 0.79052 0.00387665
80 0.768117 0.79024 0.00383812
81 0.759814 0.789864 0.003809
82 0.752588 0.789409 0.00378963
83 0.748255 0.788914 0.00377639
84 0.748223 0.788429 0.00376247
85 0.753002 0.788012 0.00374123
86 0.762022 0.78771 0.00370981
87 0.773765 0.78755 0.00367042
88 0.786295 0.787536 0.0036285
89 0.797691 0.78765 0.00358931
90 0.806319 0.787857 0.00355526
91 0.811016 0.788112 0.00352517
92 0.811336 0.788364 0.00349577
93 0.807614 0.788571 0.00346417
94 0.800988 0.788703 0.00342966
95 0.793077 0.788749 0.00339368
96 0.785863 0.788719 0.00335828
97 0.78126 0.788642 0.00332437
98 0.780765 0.788562 0.00329125
99 0.785093 0.788527 0.00325803
100 0.793964 0.788581 0.00322574
1 0.810753 0.810753 0
2 0.823262 0.817008 0.00625458
3 0.834803 0.822939 0.00694441
4 0.843132 0.827988 0.0070425
5 0.846134 0.831617 0.00655208
6 0.842132 0.833369 0.0056295
7 0.830401 0.832945 0.00477666
8 0.81157 0.830273 0.00492459
9 0.787988 0.825575 0.0063982
10 0.763487 0.819366 0.00844389
11 0.742623 0.81239 0.0103445
12 0.729421 0.805476 0.0117038
13 0.725798 0.799347 0.0123883
14 0.731093 0.794471 0.0124625
15 0.742626 0.791015 0.0121059
16 0.757218 0.788903 0.0115193
17 0.772315 0.787927 0.0108644
18 0.786198 0.787831 0.0102435
19 0.797888 0.78836 0.00970385
20 0.80696 0.78929 0.00925274
21 0.813522 0.790444 0.00887643
22 0.818247 0.791708 0.00855718
23 0.822148 0.793031 0.00828308
24 0.826012 0.794405 0.00804863
25 0.829911 0.795826 0.00784952
26 0.833247 0.797265 0.00767769
27 0.835151 0.798668 0.00751993
28 0.834864 0.799961 0.00736079
29 0.831964 0.801064 0.00718766
30 0.826407 0.801909 0.00699514
31 0.818606 0.802448 0.00678713
32 0.809298 0.802662 0.0065751
33 0.79932 0.802561 0.00637354
34 0.789478 0.802176 0.0061952
35 0.780472 0.801556 0.00604747
36 0.772891 0.800759 0.00593078
37 0.76721 0.799853 0.00583909
38 0.763568 0.798898 0.00576301
39 0.761585 0.797941 0.00569425
40 0.760352 0.797001 0.00562906
41 0.758757 0.796069 0.00556873
42 0.755984 0.795114 0.00551769
43 0.751795 0.794107 0.00548122
44 0.746555 0.793026 0.00546316
45 0.741052 0.791871 0.00546384
46 0.736253 0.790662 0.00547882
47 0.733162 0.789439 0.00549881
48 0.732878 0.78826 0.00551049
49 0.736497 0.787204 0.00549928
50 0.744773 0.786355 0.00545459
51 0.757348 0.785786 0.00537673
52 0.772617 0.785533 0.0052784
53 0.788154 0.785583 0.00517809
54 0.80149 0.785877 0.00508982
55 0.810746 0.786329 0.00501684
56 0.814923 0.78684 0.00495283
57 0.814081 0.787318 0.00488858
58 0.809114 0.787694 0.00481823
59 0.80142 0.787926 0.00474157
60 0.792555 0.788003 0.00466252
61 0.783701 0.787933 0.00458599
62 0.775499 0.787732 0.00451587
63 0.768188 0.787422 0.00445443
64 0.762007 0.787025 0.00440222
65 0.757331 0.786568 0.00435798
66 0.754496 0.786082 0.00431886
67 0.753521 0.785596 0.00428159
68 0.754138 0.785134 0.00424344
69 0.755993 0.784711 0.00420277
70 0.758921 0.784343 0.00415864
71 0.762894 0.784041 0.00411077
72 0.767824 0.783816 0.00405953
73 0.773376 0.783673 0.00400608
74 0.778903 0.783608 0.0039521
75 0.783685 0.783609 0.00389905
76 0.787214 0.783657 0.0038477
77 0.789456 0.783732 0.00379815
78 0.79088 0.783824 0.00375026
79 0.792114 0.783928 0.00370397
80 0.793696 0.784051 0.00365941
81 0.795907 0.784197 0.00361691
82 0.798652 0.784373 0.00357688
83 0.801607 0.784581 0.00353962
84 0.804315 0.784816 0.00350511
85 0.806242 0.785068 0.00347279
86 0.806707 0.785319 0.00344138
87 0.805021 0.785546 0.00340912
88 0.80068 0.785718 0.00337454
89 0.793649 0.785807 0.0033376
90 0.784605 0.785794 0.00330034
91 0.775051 0.785676 0.003266
92 0.767106 0.785474 0.00323661
93 0.762946 0.785232 0.00321076
94 0.763989 0.785006 0.00318445
95 0.770161 0.784849 0.00315463
96 0.779833 0.784797 0.00312203
97 0.790445 0.784855 0.00309023
98 0.799589 0.785006 0.00306222
99 0.805877 0.785216 0.00303846
100 0.8091 0.785455 0.00301739
1 0.799402 0.799402 0
2 0.797446 0.798424 0.000978318
3 0.79483 0.797226 0.00132453
4 0.79209 0.795942 0.00158925
5 0.789592 0.794672 0.00176864
6 0.787573 0.793489 0.00186687
7 0.78613 0.792438 0.00189597
8 0.785437 0.791563 0.00186058
9 0.785803 0.790923 0.00176124
10 0.787365 0.790567 0.00161498
11 0.789747 0.790492 0.00146271
12 0.792092 0.790626 0.0013419
13 0.793085 0.790815 0.00124879
14 0.791109 0.790836 0.00115635
15 0.784766 0.790431 0.00115004
16 0.773727 0.789387 0.00149907
17 0.759872 0.787651 0.00223543
18 0.747531 0.785422 0.00306756
19 0.741613 0.783116 0.0037062
20 0.744435 0.781182 0.00401286
21 0.754775 0.779925 0.00401878
22 0.76942 0.779447 0.0038614
23 0.785222 0.779698 0.00369823
24 0.79983 0.780537 0.00363879
25 0.811672 0.781783 0.00370574
26 0.81978 0.783244 0.00384863
27 0.823602 0.784739 0.00399362
28 0.823001 0.786105 0.00408376
29 0.8183 0.787215 0.00409383
30 0.810315 0.787985 0.00402926
31 0.800524 0.78839 0.00391805
32 0.791024 0.788472 0.00379453
33 0.784172 0.788342 0.00368006
34 0.781964 0.788154 0.0035751
35 0.785459 0.788077 0.00347231
36 0.794429 0.788254 0.00337909
37 0.807403 0.788771 0.00332699
38 0.821933 0.789644 0.00335379
39 0.835103 0.79081 0.00346839
40 0.84417 0.792144 0.00363426
41 0.847069 0.793483 0.00378923
42 0.8428 0.794657 0.00387986
43 0.831482 0.795514 0.00388414
44 0.81433 0.795941 0.00381886
45 0.793357 0.795884 0.00373347
46 0.771006 0.795343 0.00369124
47 0.749599 0.79437 0.00374069
48 0.73082 0.793046 0.00389392
49 0.715488 0.791463 0.00412904
50 0.703778 0.789709 0.00440937
51 0.695639 0.787865 0.00469918
52 0.691124 0.786005 0.00496932
53 0.690501 0.784203 0.00519705
54 0.694055 0.782533 0.00536618
55 0.701848 0.781066 0.00546817
56 0.713529 0.77986 0.0055034
57 0.728368 0.778957 0.00548095
58 0.7454 0.778378 0.00541661
59 0.763679 0.778129 0.00532984
60 0.782307 0.778199 0.00524072
61 0.80026 0.77856 0.00516676
62 0.816282 0.779169 0.00511903
63 0.828957 0.779959 0.00509874
64 0.837102 0.780852 0.00509725
65 0.840105 0.781764 0.00510034
66 0.838414 0.782622 0.00509528
67 0.833467 0.783381 0.00507571
68 0.827318 0.784027 0.00504208
69 0.821898 0.784576 0.00499869
70 0.818268 0.785057 0.00495022
71 0.816168 0.785495 0.00489964
72 0.814195 0.785894 0.00484752
73 0.810496 0.786231 0.00479252
74 0.80369 0.786467 0.0047332
75 0.79337 0.786559 0.00467057
76 0.780165 0.786475 0.00460947
77 0.765476 0.786202 0.00455738
78 0.751056 0.785751 0.00452108
79 0.738616 0.785155 0.00450319
80 0.729593 0.78446 0.00450046
81 0.724965 0.783726 0.00450483
82 0.725323 0.783013 0.0045062
83 0.730711 0.782383 0.00449596
84 0.740671 0.781887 0.00446978
85 0.75418 0.781561 0.00442889
86 0.769774 0.781424 0.00437924
87 0.785713 0.781473 0.00432889
88 0.800298 0.781687 0.00428476
89 0.812057 0.782028 0.00425006
90 0.819996 0.78245 0.00422369
91 0.82375 0.782904 0.00420161
92 0.823774 0.783348 0.00417936
93 0.82138 0.783757 0.00415436
94 0.818251 0.784124 0.00412627
95 0.815886 0.784458 0.00409627
96 0.814865 0.784775 0.00406574
97 0.814635 0.785083 0.00403536
98 0.813877 0.785377 0.00400476
99 0.81126 0.785638 0.00397272
100 0.806048 0.785842 0.00393808
