1 -4.71475 -4.71475 0
2 -4.71475 -4.71475 8.42937e-08
3 -4.71475 -4.71475 1.68587e-07
4 -4.71475 -4.71475 2.2302e-07
5 -4.71369 -4.71454 0.000211299
6 -4.71112 -4.71397 0.00059447
7 -4.70825 -4.71315 0.000958539
8 -4.70538 -4.71218 0.00127741
9 -4.70342 -4.71121 0.00148878
10 -4.70176 -4.71026 0.00163271
11 -4.69979 -4.70931 0.00175684
12 -4.69738 -4.70832 0.00188704
13 -4.69707 -4.70745 0.00193929
14 -4.69722 -4.70672 0.00193836
15 -4.69571 -4.70599 0.00194808
16 -4.69631 -4.70538 0.00191995
17 -4.69646 -4.70486 0.00187827
18 -4.69797 -4.70447 0.00181171
19 -4.69827 -4.70415 0.00174452
20 -4.69888 -4.70388 0.00167586
21 -4.69888 -4.70365 0.00161179
22 -4.69979 -4.70347 0.00154676
23 -4.69994 -4.70332 0.00148594
24 -4.70024 -4.70319 0.00142843
25 -4.70055 -4.70308 0.00137417
26 -4.70025 -4.70297 0.00132477
27 -4.7007 -4.70289 0.00127754
28 -4.70115 -4.70283 0.00123263
29 -4.7013 -4.70278 0.00119053
30 -4.70161 -4.70274 0.00115082
31 -4.70115 -4.70268 0.00111425
32 -4.70175 -4.70266 0.00107926
33 -4.70175 -4.70263 0.0010464
34 -4.70191 -4.70261 0.00101538
35 -4.7016 -4.70258 0.000986361
36 -4.70221 -4.70257 0.000958626
37 -4.70281 -4.70257 0.000932381
38 -4.70266 -4.70258 0.000907516
39 -4.70266 -4.70258 0.000883943
40 -4.70236 -4.70257 0.000861578
41 -4.701 -4.70254 0.000841181
42 -4.70085 -4.7025 0.000821894
43 -4.70054 -4.70245 0.000803835
44 -4.7007 -4.70241 0.000786365
45 -4.70054 -4.70237 0.000769809
46 -4.70145 -4.70235 0.000753152
47 -4.7019 -4.70234 0.000737014
48 -4.70236 -4.70234 0.000721496
49 -4.70145 -4.70232 0.000706851
50 -4.70236 -4.70232 0.00069257
51 -4.70175 -4.70231 0.000678946
52 -4.70221 -4.70231 0.000665764
53 -4.70266 -4.70232 0.000653116
54 -4.70251 -4.70232 0.000640917
55 -4.70205 -4.70231 0.000629174
56 -4.70266 -4.70232 0.000617867
57 -4.70281 -4.70233 0.000606991
58 -4.70266 -4.70233 0.000596461
59 -4.70296 -4.70235 0.000586361
60 -4.70251 -4.70235 0.000576511
61 -4.70221 -4.70235 0.000566986
62 -4.70175 -4.70234 0.000557848
63 -4.7013 -4.70232 0.000549168
64 -4.7016 -4.70231 0.000540635
65 -4.70236 -4.70231 0.000532253
66 -4.70251 -4.70231 0.000524136
67 -4.70266 -4.70232 0.000516279
68 -4.70311 -4.70233 0.000508765
69 -4.70266 -4.70233 0.00050136
70 -4.7022 -4.70233 0.000494149
71 -4.7013 -4.70232 0.000487357
72 -4.7019 -4.70231 0.000480575
73 -4.70221 -4.70231 0.000473948
74 -4.70251 -4.70231 0.000467507
75 -4.70296 -4.70232 0.000461313
76 -4.70251 -4.70232 0.000455209
77 -4.70206 -4.70232 0.000449272
78 -4.701 -4.7023 0.000443799
79 -4.70145 -4.70229 0.000438279
80 -4.70205 -4.70229 0.000432776
81 -4.7013 -4.70228 0.000427575
82 -4.70115 -4.70226 0.000422554
83 -4.7013 -4.70225 0.000417595
84 -4.7019 -4.70225 0.000412615
85 -4.70251 -4.70225 0.000407743
86 -4.70341 -4.70226 0.000403201
87 -4.70281 -4.70227 0.000398588
88 -4.70296 -4.70228 0.000394111
89 -4.70387 -4.7023 0.000390067
90 -4.70402 -4.70232 0.000386184
91 -4.70417 -4.70234 0.00038246
92 -4.70432 -4.70236 0.000378896
93 -4.70432 -4.70238 0.000375394
94 -4.70432 -4.7024 0.000371954
95 -4.70417 -4.70242 0.00036849
96 -4.70432 -4.70244 0.000365171
97 -4.70462 -4.70246 0.000362088
98 -4.70553 -4.70249 0.000359741
99 -4.70538 -4.70252 0.000357281
100 -4.70508 -4.70255 0.000354613
1 -3.99413 -3.99413 0
2 -3.99459 -3.99436 0.000226711
3 -3.99489 -3.99454 0.000219384
4 -3.99504 -3.99466 0.000199516
5 -3.99504 -3.99474 0.000171749
6 -3.99519 -3.99481 0.000158943
7 -3.99534 -3.99489 0.000153769
8 -3.99609 -3.99504 0.000200874
9 -3.99503 -3.99504 0.000177155
10 -3.99624 -3.99516 0.000198981
11 -3.99624 -3.99526 0.000205136
12 -3.99639 -3.99535 0.000209798
13 -3.99624 -3.99542 0.000204745
14 -3.99533 -3.99541 0.000189658
15 -3.99458 -3.99536 0.00018511
16 -3.99473 -3.99532 0.000177519
17 -3.99564 -3.99534 0.000167817
18 -3.99594 -3.99537 0.000161764
19 -3.99685 -3.99545 0.000171706
20 -3.99806 -3.99558 0.000208757
21 -3.99761 -3.99568 0.00022081
22 -3.99685 -3.99573 0.000217224
23 -3.9961 -3.99575 0.000208181
24 -3.9967 -3.99579 0.000203257
25 -3.99564 -3.99578 0.000195041
26 -3.99549 -3.99577 0.000187717
27 -3.99458 -3.99572 0.000185875
28 -3.99549 -3.99572 0.000179307
29 -3.99564 -3.99571 0.000173033
30 -3.99549 -3.99571 0.00016733
31 -3.99564 -3.9957 0.000161855
32 -3.99489 -3.99568 0.000158785
33 -3.99458 -3.99565 0.000157438
34 -3.99458 -3.99561 0.000155914
35 -3.99322 -3.99555 0.000166145
36 -3.99428 -3.99551 0.000165275
37 -3.99352 -3.99546 0.000169503
38 -3.99398 -3.99542 0.000169523
39 -3.99398 -3.99538 0.000169193
40 -3.99338 -3.99533 0.00017236
41 -3.99323 -3.99528 0.000175771
42 -3.99413 -3.99525 0.000173692
43 -3.99459 -3.99524 0.000170309
44 -3.99474 -3.99523 0.00016678
45 -3.99474 -3.99521 0.000163392
46 -3.99413 -3.99519 0.000161519
47 -3.99398 -3.99517 0.000160122
48 -3.99398 -3.99514 0.000158678
49 -3.99398 -3.99512 0.000157195
50 -3.99262 -3.99507 0.000161903
51 -3.99217 -3.99501 0.000168568
52 -3.99262 -3.99496 0.000171559
53 -3.99307 -3.99493 0.000172027
54 -3.99322 -3.9949 0.000171736
55 -3.99383 -3.99488 0.000169703
56 -3.99352 -3.99485 0.000168391
57 -3.99382 -3.99484 0.000166393
58 -3.99382 -3.99482 0.000164427
59 -3.99352 -3.9948 0.000163101
60 -3.99337 -3.99477 0.000162106
61 -3.99398 -3.99476 0.000159957
62 -3.99322 -3.99473 0.000159293
63 -3.99383 -3.99472 0.000157402
64 -3.99353 -3.9947 0.000156042
65 -3.99383 -3.99469 0.000154208
66 -3.99353 -3.99467 0.000152869
67 -3.99262 -3.99464 0.000153645
68 -3.99262 -3.99461 0.000154253
69 -3.99353 -3.99459 0.000152809
70 -3.99262 -3.99457 0.000153226
71 -3.99217 -3.99453 0.000154783
72 -3.99126 -3.99449 0.000159236
73 -3.99126 -3.99444 0.00016314
74 -3.99096 -3.9944 0.000167671
75 -3.99156 -3.99436 0.000169683
76 -3.99141 -3.99432 0.000171874
77 -3.99126 -3.99428 0.000174228
78 -3.99126 -3.99424 0.000176292
79 -3.99141 -3.9942 0.000177702
80 -3.99126 -3.99417 0.000179294
81 -3.99126 -3.99413 0.000180678
82 -3.99111 -3.9941 0.000182237
83 -3.9902 -3.99405 0.000186042
84 -3.99005 -3.994 0.000189876
85 -3.99005 -3.99395 0.000193294
86 -3.9902 -3.99391 0.000195946
87 -3.99005 -3.99387 0.00019869
88 -3.9899 -3.99382 0.000201515
89 -3.99005 -3.99378 0.000203683
90 -3.9896 -3.99373 0.000206687
91 -3.98885 -3.99368 0.000211338
92 -3.98945 -3.99363 0.000214021
93 -3.9893 -3.99359 0.000216774
94 -3.989 -3.99354 0.000219945
95 -3.98915 -3.99349 0.000222472
96 -3.9893 -3.99345 0.000224439
97 -3.9896 -3.99341 0.000225634
98 -3.98944 -3.99337 0.000226952
99 -3.98914 -3.99332 0.000228664
100 -3.98884 -3.99328 0.000230763
1 -3.59039 -3.59039 0
2 -3.59024 -3.59031 7.53984e-05
3 -3.58963 -3.59009 0.000230849
4 -3.58933 -3.5899 0.000249728
5 -3.58857 -3.58963 0.000327801
6 -3.58857 -3.58946 0.000320649
7 -3.58918 -3.58942 0.000273899
8 -3.58887 -3.58935 0.000246674
9 -3.58767 -3.58916 0.000286785
10 -3.58903 -3.58915 0.000256864
11 -3.58948 -3.58918 0.000234292
12 -3.58933 -3.58919 0.000214245
13 -3.58857 -3.58914 0.000202744
14 -3.58827 -3.58908 0.000197815
15 -3.58767 -3.58899 0.000206932
16 -3.58721 -3.58888 0.000223093
17 -3.58691 -3.58876 0.000239351
18 -3.58691 -3.58866 0.000247958
19 -3.58797 -3.58862 0.000237331
20 -3.58842 -3.58861 0.00022537
21 -3.58782 -3.58857 0.000217654
22 -3.58918 -3.5886 0.000209354
23 -3.58948 -3.58864 0.000203692
24 -3.58918 -3.58866 0.000196327
25 -3.58933 -3.58869 0.000190214
26 -3.59039 -3.58875 0.000194113
27 -3.59084 -3.58883 0.000202154
28 -3.59144 -3.58892 0.000215995
29 -3.59174 -3.58902 0.000229983
30 -3.5925 -3.58914 0.000250618
31 -3.59265 -3.58925 0.000267608
32 -3.59235 -3.58935 0.000276637
33 -3.59205 -3.58943 0.000280355
34 -3.59266 -3.58953 0.000288065
35 -3.59205 -3.5896 0.000288886
36 -3.5919 -3.58966 0.000287948
37 -3.5913 -3.58971 0.000283521
38 -3.5916 -3.58976 0.000280411
39 -3.59265 -3.58983 0.00028305
40 -3.5928 -3.5899 0.000285727
41 -3.59371 -3.59 0.000293742
42 -3.59447 -3.5901 0.00030581
43 -3.59402 -3.59019 0.000312187
44 -3.59447 -3.59029 0.000320137
45 -3.59553 -3.59041 0.000333901
46 -3.59538 -3.59052 0.000343978
47 -3.59447 -3.5906 0.00034694
48 -3.59462 -3.59068 0.00034982
49 -3.59583 -3.59079 0.000358349
50 -3.59523 -3.59088 0.000362149
51 -3.59583 -3.59098 0.000368026
52 -3.59553 -3.59106 0.000371358
53 -3.59628 -3.59116 0.000377372
54 -3.59583 -3.59125 0.000380277
55 -3.59613 -3.59134 0.000383712
56 -3.59553 -3.59141 0.00038415
57 -3.59492 -3.59147 0.000382344
58 -3.59568 -3.59155 0.000382626
59 -3.59387 -3.59158 0.000378135
60 -3.59311 -3.59161 0.000372648
61 -3.59266 -3.59163 0.000366891
62 -3.59236 -3.59164 0.000361116
63 -3.59221 -3.59165 0.000355452
64 -3.59205 -3.59165 0.000349911
65 -3.591 -3.59164 0.000344634
66 -3.591 -3.59163 0.000339514
67 -3.59024 -3.59161 0.000335055
68 -3.59024 -3.59159 0.000330707
69 -3.59024 -3.59157 0.000326467
70 -3.59024 -3.59155 0.000322329
71 -3.59115 -3.59155 0.000317808
72 -3.59085 -3.59154 0.000313514
73 -3.5916 -3.59154 0.00030919
74 -3.59069 -3.59153 0.000305199
75 -3.59039 -3.59151 0.000301488
76 -3.59084 -3.5915 0.000297627
77 -3.59114 -3.5915 0.000293774
78 -3.5913 -3.5915 0.000289995
79 -3.59085 -3.59149 0.000286418
80 -3.5913 -3.59149 0.000282825
81 -3.59085 -3.59148 0.000279422
82 -3.59009 -3.59146 0.00027651
83 -3.5907 -3.59145 0.000273313
84 -3.59024 -3.59144 0.000270423
85 -3.5907 -3.59143 0.000267365
86 -3.5916 -3.59143 0.000264246
87 -3.59115 -3.59143 0.000261211
88 -3.59009 -3.59141 0.000258673
89 -3.59054 -3.5914 0.000255937
90 -3.59054 -3.59139 0.000253259
91 -3.58963 -3.59137 0.000251206
92 -3.58994 -3.59136 0.000248953
93 -3.58994 -3.59134 0.000246736
94 -3.58933 -3.59132 0.000245032
95 -3.58918 -3.5913 0.000243482
96 -3.5907 -3.59129 0.000241015
97 -3.5916 -3.5913 0.000238539
98 -3.591 -3.59129 0.000236112
99 -3.59115 -3.59129 0.000233719
100 -3.5916 -3.5913 0.000231391
1 -3.45782 -3.45782 0
2 -3.45873 -3.45828 0.000453796
3 -3.45858 -3.45838 0.00028086
4 -3.45858 -3.45843 0.000204949
5 -3.45828 -3.4584 0.000161537
6 -3.45873 -3.45845 0.000143209
7 -3.45949 -3.4586 0.000191232
8 -3.45919 -3.45868 0.000181079
9 -3.45873 -3.45868 0.000159828
10 -3.45873 -3.45869 0.000143048
11 -3.45828 -3.45865 0.000134585
12 -3.45813 -3.45861 0.000130344
13 -3.45768 -3.45854 0.000139688
14 -3.45768 -3.45847 0.000143141
15 -3.45828 -3.45846 0.000133873
16 -3.45813 -3.45844 0.000126913
17 -3.45798 -3.45841 0.000122244
18 -3.45798 -3.45839 0.000117733
19 -3.45768 -3.45835 0.000117469
20 -3.45768 -3.45832 0.00011641
21 -3.45783 -3.4583 0.000113155
22 -3.45752 -3.45826 0.000113435
23 -3.45752 -3.45823 0.000113058
24 -3.45676 -3.45817 0.000124271
25 -3.45873 -3.45819 0.000121274
26 -3.45903 -3.45822 0.000120908
27 -3.45888 -3.45825 0.000118875
28 -3.45919 -3.45828 0.000119364
29 -3.45904 -3.45831 0.000118102
30 -3.46025 -3.45837 0.000131195
31 -3.46025 -3.45843 0.000140623
32 -3.4604 -3.45849 0.000149425
33 -3.46161 -3.45859 0.000172884
34 -3.461 -3.45866 0.000182166
35 -3.46085 -3.45872 0.000187675
36 -3.4604 -3.45877 0.000188264
37 -3.4604 -3.45881 0.000188353
38 -3.46055 -3.45886 0.000188969
39 -3.46025 -3.45889 0.00018749
40 -3.4601 -3.45892 0.000185209
41 -3.4601 -3.45895 0.000182894
42 -3.45919 -3.45896 0.000178577
43 -3.45828 -3.45894 0.000175078
44 -3.45904 -3.45894 0.000171066
45 -3.45948 -3.45896 0.000167653
46 -3.45948 -3.45897 0.000164367
47 -3.46024 -3.45899 0.000163091
48 -3.45994 -3.45901 0.000160868
49 -3.4601 -3.45904 0.000159088
50 -3.4598 -3.45905 0.000156615
51 -3.45965 -3.45906 0.00015396
52 -3.46041 -3.45909 0.000153162
53 -3.46041 -3.45911 0.000152284
54 -3.45995 -3.45913 0.000150238
55 -3.4601 -3.45915 0.000148532
56 -3.45828 -3.45913 0.000146666
57 -3.45828 -3.45912 0.000144838
58 -3.45889 -3.45911 0.000142374
59 -3.45919 -3.45911 0.000139946
60 -3.45873 -3.45911 0.00013774
61 -3.45843 -3.4591 0.000135916
62 -3.45904 -3.4591 0.00013371
63 -3.45904 -3.45909 0.000131574
64 -3.45904 -3.45909 0.000129505
65 -3.45979 -3.4591 0.00012795
66 -3.45859 -3.4591 0.000126241
67 -3.45874 -3.45909 0.000124458
68 -3.45859 -3.45908 0.000122837
69 -3.45738 -3.45906 0.000123538
70 -3.45753 -3.45904 0.000123701
71 -3.45647 -3.459 0.000127177
72 -3.45753 -3.45898 0.000127051
73 -3.45828 -3.45897 0.000125662
74 -3.45828 -3.45896 0.000124301
75 -3.45813 -3.45895 0.000123133
76 -3.45828 -3.45894 0.000121821
77 -3.45692 -3.45892 0.000123054
78 -3.45632 -3.45888 0.000125941
79 -3.45602 -3.45885 0.000129513
80 -3.45602 -3.45881 0.000132673
81 -3.45783 -3.4588 0.00013158
82 -3.45874 -3.4588 0.000129967
83 -3.45738 -3.45878 0.000129525
84 -3.45798 -3.45877 0.000128325
85 -3.45768 -3.45876 0.000127454
86 -3.45768 -3.45875 0.000126586
87 -3.45723 -3.45873 0.000126336
88 -3.45753 -3.45872 0.000125635
89 -3.45768 -3.4587 0.000124758
90 -3.45783 -3.45869 0.000123743
91 -3.45874 -3.45869 0.000122377
92 -3.45904 -3.4587 0.000121098
93 -3.45859 -3.4587 0.000119795
94 -3.45829 -3.45869 0.000118594
95 -3.45904 -3.4587 0.000117396
96 -3.45828 -3.45869 0.000116246
97 -3.45904 -3.4587 0.000115097
98 -3.45858 -3.45869 0.000113922
99 -3.45828 -3.45869 0.000112842
100 -3.45844 -3.45869 0.000111736
1 -3.49202 -3.49202 0
2 -3.49172 -3.49187 0.00015121
3 -3.49156 -3.49177 0.000133261
4 -3.49051 -3.49145 0.000328482
5 -3.48975 -3.49111 0.000424723
6 -3.48884 -3.49073 0.000512851
7 -3.48824 -3.49038 0.000561059
8 -3.48748 -3.49002 0.000605752
9 -3.48794 -3.48978 0.000581988
10 -3.48748 -3.48955 0.000569097
11 -3.48839 -3.48945 0.000525512
12 -3.48764 -3.4893 0.000502929
13 -3.48718 -3.48914 0.000490385
14 -3.48703 -3.48899 0.000478221
15 -3.48718 -3.48886 0.000461135
16 -3.48688 -3.48874 0.000448859
17 -3.48688 -3.48863 0.000435642
18 -3.48703 -3.48854 0.00042028
19 -3.48657 -3.48844 0.000410817
20 -3.48612 -3.48832 0.000406595
21 -3.48567 -3.4882 0.000406865
22 -3.48492 -3.48805 0.000415608
23 -3.48492 -3.48791 0.000419807
24 -3.48507 -3.48779 0.000419021
25 -3.48446 -3.48766 0.000423388
26 -3.48431 -3.48753 0.000426659
27 -3.48386 -3.48739 0.000432491
28 -3.4831 -3.48724 0.000444053
29 -3.48325 -3.4871 0.000449988
30 -3.48386 -3.487 0.000447985
31 -3.48522 -3.48694 0.000437064
32 -3.48522 -3.48688 0.000426575
33 -3.48447 -3.48681 0.000419893
34 -3.48341 -3.48671 0.000419473
35 -3.48356 -3.48662 0.000417157
36 -3.48401 -3.48655 0.000411844
37 -3.48446 -3.48649 0.000404512
38 -3.48537 -3.48646 0.000394835
39 -3.48597 -3.48645 0.000384784
40 -3.48733 -3.48647 0.000375689
41 -3.48612 -3.48646 0.000366509
42 -3.48673 -3.48647 0.000357733
43 -3.48734 -3.48649 0.000349894
44 -3.48809 -3.48653 0.000343783
45 -3.48839 -3.48657 0.000338612
46 -3.48779 -3.48659 0.000332232
47 -3.48764 -3.48662 0.000325845
48 -3.48764 -3.48664 0.000319696
49 -3.48794 -3.48666 0.000314231
50 -3.48779 -3.48669 0.000308702
51 -3.48839 -3.48672 0.000304428
52 -3.48794 -3.48674 0.000299429
53 -3.48718 -3.48675 0.00029384
54 -3.48763 -3.48677 0.000288808
55 -3.48884 -3.48681 0.000286002
56 -3.48809 -3.48683 0.000281778
57 -3.48763 -3.48684 0.000277151
58 -3.48794 -3.48686 0.000272983
59 -3.48748 -3.48687 0.000268523
60 -3.48643 -3.48687 0.000264115
61 -3.48673 -3.48686 0.000259759
62 -3.48552 -3.48684 0.000256451
63 -3.48628 -3.48683 0.000252507
64 -3.48643 -3.48683 0.00024861
65 -3.48704 -3.48683 0.000244777
66 -3.48809 -3.48685 0.0002418
67 -3.48764 -3.48686 0.000238457
68 -3.48719 -3.48687 0.000234974
69 -3.48749 -3.48687 0.000231719
70 -3.48764 -3.48689 0.000228644
71 -3.48733 -3.48689 0.000225488
72 -3.48657 -3.48689 0.000222379
73 -3.48657 -3.48688 0.000219354
74 -3.48702 -3.48688 0.000216378
75 -3.48672 -3.48688 0.000213484
76 -3.48823 -3.4869 0.000211405
77 -3.48869 -3.48692 0.000209931
78 -3.48915 -3.48695 0.00020917
79 -3.48975 -3.48699 0.000209525
80 -3.4899 -3.48702 0.000210076
81 -3.49051 -3.48707 0.000211876
82 -3.49096 -3.48711 0.000214593
83 -3.49141 -3.48717 0.00021822
84 -3.4905 -3.48721 0.000219237
85 -3.4899 -3.48724 0.000218944
86 -3.48974 -3.48727 0.000218339
87 -3.4905 -3.4873 0.00021899
88 -3.48974 -3.48733 0.000218257
89 -3.4902 -3.48736 0.000218181
90 -3.48975 -3.48739 0.000217362
91 -3.48914 -3.48741 0.000215821
92 -3.48869 -3.48742 0.000213917
93 -3.48869 -3.48744 0.000212044
94 -3.48839 -3.48745 0.000210021
95 -3.48854 -3.48746 0.000208116
96 -3.48914 -3.48748 0.00020668
97 -3.48944 -3.4875 0.000205538
98 -3.48883 -3.48751 0.000203887
99 -3.48778 -3.48751 0.000201835
100 -3.48718 -3.48751 0.000199835
1 -3.36289 -3.36289 0
2 -3.36228 -3.36258 0.000300986
3 -3.36228 -3.36248 0.000200635
4 -3.36213 -3.3624 0.000167083
5 -3.36228 -3.36237 0.000131469
6 -3.36228 -3.36236 0.000108509
7 -3.36303 -3.36245 0.000133125
8 -3.36288 -3.36251 0.00012711
9 -3.36409 -3.36268 0.000208825
10 -3.36409 -3.36282 0.000234136
11 -3.3644 -3.36297 0.00025561
12 -3.36394 -3.36305 0.000247157
13 -3.36394 -3.36312 0.000237559
14 -3.36349 -3.36314 0.000221535
15 -3.36319 -3.36315 0.000206256
16 -3.36394 -3.3632 0.000199195
17 -3.36394 -3.36324 0.000192153
18 -3.36424 -3.3633 0.000189526
19 -3.3653 -3.3634 0.000207999
20 -3.36439 -3.36345 0.000203472
21 -3.36379 -3.36347 0.00019421
22 -3.36334 -3.36346 0.000185268
23 -3.36243 -3.36342 0.000182631
24 -3.36318 -3.36341 0.000175125
25 -3.36197 -3.36335 0.000177471
26 -3.36182 -3.36329 0.000180327
27 -3.36182 -3.36324 0.00018182
28 -3.36167 -3.36318 0.000183891
29 -3.36077 -3.3631 0.000195993
30 -3.36107 -3.36303 0.000201062
31 -3.36061 -3.36295 0.000209492
32 -3.36107 -3.36289 0.000211214
33 -3.36076 -3.36283 0.000214632
34 -3.36061 -3.36276 0.000218183
35 -3.36167 -3.36273 0.000214146
36 -3.36167 -3.3627 0.000210187
37 -3.36228 -3.36269 0.000204751
38 -3.36213 -3.36268 0.00019984
39 -3.36183 -3.36265 0.000195862
40 -3.36032 -3.3626 0.000199642
41 -3.36032 -3.36254 0.000202488
42 -3.36062 -3.36249 0.000202837
43 -3.36077 -3.36245 0.000202093
44 -3.36001 -3.3624 0.000205104
45 -3.35971 -3.36234 0.000209221
46 -3.35956 -3.36228 0.000213367
47 -3.35911 -3.36221 0.000219412
48 -3.35986 -3.36216 0.000220288
49 -3.35926 -3.3621 0.000223726
50 -3.36017 -3.36206 0.000222598
51 -3.35896 -3.362 0.000226532
52 -3.35926 -3.36195 0.000228317
53 -3.35941 -3.3619 0.000229045
54 -3.35986 -3.36186 0.00022792
55 -3.36107 -3.36185 0.000224205
56 -3.36228 -3.36186 0.000220297
57 -3.36318 -3.36188 0.000217643
58 -3.36303 -3.3619 0.000214777
59 -3.36258 -3.36191 0.000211417
60 -3.36303 -3.36193 0.000208701
61 -3.36379 -3.36196 0.000207502
62 -3.36455 -3.362 0.000208339
63 -3.365 -3.36205 0.00021045
64 -3.36515 -3.3621 0.000212721
65 -3.36575 -3.36216 0.000216842
66 -3.3656 -3.36221 0.000219833
67 -3.3656 -3.36226 0.000222383
68 -3.36545 -3.36231 0.000224071
69 -3.365 -3.36234 0.000224228
70 -3.3653 -3.36239 0.00022501
71 -3.36591 -3.36244 0.000227302
72 -3.36531 -3.36248 0.000227643
73 -3.36531 -3.36252 0.000227828
74 -3.36712 -3.36258 0.000233182
75 -3.36621 -3.36263 0.000235097
76 -3.36742 -3.36269 0.000240401
77 -3.36712 -3.36275 0.000244124
78 -3.36742 -3.36281 0.000248306
79 -3.36727 -3.36286 0.000251565
80 -3.36742 -3.36292 0.00025485
81 -3.36591 -3.36296 0.000254377
82 -3.36576 -3.36299 0.000253567
83 -3.36621 -3.36303 0.000253478
84 -3.36546 -3.36306 0.000252102
85 -3.36515 -3.36308 0.000250336
86 -3.36501 -3.36311 0.000248416
87 -3.365 -3.36313 0.000246513
88 -3.36545 -3.36315 0.000245126
89 -3.365 -3.36317 0.000243238
90 -3.36545 -3.3632 0.00024184
91 -3.3656 -3.36323 0.000240617
92 -3.36545 -3.36325 0.000239216
93 -3.36515 -3.36327 0.000237514
94 -3.36455 -3.36328 0.000235367
95 -3.36485 -3.3633 0.000233461
96 -3.36515 -3.36332 0.000231822
97 -3.36485 -3.36334 0.000229962
98 -3.36561 -3.36336 0.00022878
99 -3.36606 -3.36339 0.00022809
100 -3.36515 -3.3634 0.000226485
1 -3.4416 -3.4416 0
2 -3.44115 -3.44137 0.000226546
3 -3.44069 -3.44115 0.000261532
4 -3.44069 -3.44103 0.000216708
5 -3.44145 -3.44112 0.00018748
6 -3.44115 -3.44112 0.000153169
7 -3.44085 -3.44108 0.000135325
8 -3.441 -3.44107 0.000117693
9 -3.44054 -3.44101 0.000119302
10 -3.44145 -3.44106 0.000115215
11 -3.44145 -3.44109 0.000110095
12 -3.44099 -3.44108 0.00010083
13 -3.44069 -3.44105 9.74699e-05
14 -3.4407 -3.44103 9.37877e-05
15 -3.44221 -3.44111 0.000117499
16 -3.44175 -3.44115 0.000117137
17 -3.44115 -3.44115 0.000110031
18 -3.44115 -3.44115 0.000103738
19 -3.44069 -3.44112 0.000101001
20 -3.44084 -3.44111 9.68365e-05
21 -3.43903 -3.44101 0.000135255
22 -3.43843 -3.44089 0.000174434
23 -3.43828 -3.44078 0.000201785
24 -3.43798 -3.44066 0.000225728
25 -3.43934 -3.44061 0.000222889
26 -3.44009 -3.44059 0.000215058
27 -3.4407 -3.44059 0.000206979
28 -3.441 -3.44061 0.000199977
29 -3.44145 -3.44064 0.000195138
30 -3.4416 -3.44067 0.000191248
31 -3.4407 -3.44067 0.000184978
32 -3.44085 -3.44068 0.000179191
33 -3.441 -3.44069 0.000173955
34 -3.44161 -3.44071 0.000170916
35 -3.44085 -3.44072 0.000166008
36 -3.441 -3.44072 0.000161525
37 -3.44145 -3.44074 0.000158333
38 -3.44191 -3.44077 0.000157114
39 -3.44024 -3.44076 0.000153641
40 -3.43933 -3.44073 0.000153944
41 -3.43918 -3.44069 0.000154792
42 -3.43948 -3.44066 0.000153757
43 -3.43903 -3.44062 0.000154841
44 -3.43873 -3.44058 0.00015727
45 -3.43888 -3.44054 0.000158283
46 -3.43858 -3.4405 0.000160555
47 -3.43843 -3.44045 0.000163139
48 -3.43888 -3.44042 0.000163019
49 -3.43813 -3.44037 0.000166374
50 -3.43873 -3.44034 0.000166287
51 -3.43964 -3.44033 0.000163575
52 -3.43919 -3.44031 0.000161895
53 -3.44009 -3.4403 0.000158862
54 -3.4413 -3.44032 0.000156987
55 -3.4407 -3.44033 0.000154259
56 -3.43979 -3.44032 0.000151781
57 -3.4407 -3.44032 0.000149244
58 -3.44176 -3.44035 0.000148712
59 -3.44191 -3.44038 0.000148537
60 -3.44221 -3.44041 0.000149203
61 -3.44251 -3.44044 0.000150736
62 -3.4419 -3.44046 0.000150152
63 -3.44296 -3.4405 0.000152973
64 -3.44221 -3.44053 0.000152893
65 -3.44115 -3.44054 0.000150823
66 -3.441 -3.44055 0.000148682
67 -3.4413 -3.44056 0.000146876
68 -3.4419 -3.44058 0.000146047
69 -3.44206 -3.4406 0.000145499
70 -3.44236 -3.44062 0.000145592
71 -3.44221 -3.44065 0.00014525
72 -3.44281 -3.44068 0.00014634
73 -3.44266 -3.4407 0.000146853
74 -3.44251 -3.44073 0.000146892
75 -3.44175 -3.44074 0.000145563
76 -3.441 -3.44075 0.000143674
77 -3.441 -3.44075 0.000141834
78 -3.4407 -3.44075 0.000140006
79 -3.441 -3.44075 0.000138258
80 -3.44039 -3.44075 0.000136593
81 -3.43978 -3.44073 0.000135417
82 -3.43994 -3.44072 0.000134111
83 -3.44069 -3.44072 0.000132486
84 -3.44039 -3.44072 0.000130959
85 -3.44024 -3.44071 0.000129532
86 -3.4407 -3.44071 0.000128017
87 -3.43979 -3.4407 0.000126981
88 -3.43994 -3.4407 0.000125827
89 -3.43934 -3.44068 0.000125337
90 -3.43934 -3.44067 0.000124832
91 -3.44054 -3.44066 0.00012346
92 -3.44039 -3.44066 0.000122146
93 -3.44114 -3.44067 0.000120938
94 -3.4422 -3.44068 0.000120753
95 -3.44175 -3.44069 0.000120001
96 -3.4419 -3.44071 0.000119406
97 -3.44205 -3.44072 0.000118979
98 -3.44235 -3.44074 0.000118933
99 -3.44266 -3.44076 0.000119313
100 -3.44432 -3.44079 0.000123371
1 -3.45282 -3.45282 0
2 -3.45267 -3.45274 7.56583e-05
3 -3.45237 -3.45262 0.00013302
4 -3.45237 -3.45255 0.000113028
5 -3.45267 -3.45258 9.05199e-05
6 -3.45237 -3.45254 8.17873e-05
7 -3.45222 -3.4525 8.33398e-05
8 -3.45237 -3.45248 7.3939e-05
9 -3.45222 -3.45245 7.1498e-05
10 -3.45101 -3.45231 0.000157936
11 -3.45131 -3.45222 0.000169255
12 -3.45101 -3.45211 0.000184469
13 -3.4501 -3.45196 0.000229748
14 -3.45101 -3.45189 0.000223311
15 -3.45131 -3.45185 0.000211468
16 -3.45101 -3.4518 0.000204726
17 -3.4504 -3.45172 0.000209122
18 -3.4501 -3.45163 0.00021665
19 -3.4495 -3.45152 0.000233611
20 -3.45025 -3.45145 0.000230454
21 -3.45101 -3.45143 0.000220226
22 -3.45131 -3.45143 0.000210049
23 -3.45131 -3.45142 0.00020077
24 -3.45207 -3.45145 0.000194101
25 -3.45177 -3.45146 0.000186607
26 -3.45116 -3.45145 0.00017966
27 -3.4504 -3.45141 0.000177159
28 -3.45071 -3.45139 0.000172553
29 -3.45177 -3.4514 0.000167013
30 -3.45192 -3.45142 0.000162279
31 -3.45086 -3.4514 0.000157972
32 -3.44905 -3.45132 0.000169656
33 -3.44844 -3.45124 0.000186164
34 -3.44799 -3.45114 0.000204304
35 -3.44693 -3.45102 0.000231985
36 -3.44693 -3.45091 0.000252436
37 -3.44633 -3.45078 0.000274958
38 -3.44678 -3.45068 0.00028762
39 -3.44663 -3.45057 0.000298787
40 -3.44723 -3.45049 0.000302983
41 -3.44829 -3.45044 0.000300353
42 -3.44798 -3.45038 0.000298877
43 -3.44798 -3.45032 0.00029711
44 -3.44889 -3.45029 0.000292097
45 -3.44799 -3.45024 0.000290088
46 -3.44859 -3.4502 0.000285964
47 -3.44799 -3.45016 0.000283755
48 -3.44678 -3.45009 0.000286545
49 -3.44693 -3.45002 0.00028792
50 -3.44754 -3.44997 0.000286441
51 -3.44769 -3.44993 0.000284312
52 -3.44693 -3.44987 0.000284671
53 -3.44799 -3.44983 0.000281488
54 -3.44829 -3.44981 0.000277698
55 -3.44784 -3.44977 0.000274939
56 -3.44723 -3.44972 0.000273759
57 -3.44633 -3.44967 0.000275438
58 -3.44618 -3.44961 0.000277243
59 -3.44663 -3.44955 0.000277119
60 -3.44739 -3.44952 0.00027484
61 -3.44709 -3.44948 0.000273222
62 -3.44784 -3.44945 0.000270073
63 -3.4486 -3.44944 0.000266099
64 -3.4489 -3.44943 0.000262045
65 -3.44829 -3.44941 0.000258574
66 -3.44814 -3.44939 0.000255352
67 -3.4489 -3.44939 0.000251621
68 -3.44799 -3.44937 0.000248739
69 -3.44784 -3.44934 0.0002461
70 -3.44799 -3.44932 0.000243325
71 -3.44815 -3.44931 0.000240446
72 -3.44785 -3.44929 0.000237951
73 -3.44754 -3.44926 0.00023588
74 -3.4477 -3.44924 0.000233633
75 -3.44815 -3.44923 0.000230956
76 -3.448 -3.44921 0.000228471
77 -3.44905 -3.44921 0.000225494
78 -3.44935 -3.44921 0.000222591
79 -3.44905 -3.44921 0.000219766
80 -3.44859 -3.4492 0.000217138
81 -3.44754 -3.44918 0.000215421
82 -3.44739 -3.44916 0.000213894
83 -3.44815 -3.44915 0.000211652
84 -3.44755 -3.44913 0.000209983
85 -3.448 -3.44911 0.000207922
86 -3.4477 -3.4491 0.000206152
87 -3.44739 -3.44908 0.000204709
88 -3.44739 -3.44906 0.000203272
89 -3.44709 -3.44904 0.000202185
90 -3.44664 -3.44901 0.000201691
91 -3.44573 -3.44897 0.000202687
92 -3.44649 -3.44895 0.000202286
93 -3.4477 -3.44893 0.000200552
94 -3.44815 -3.44893 0.000198583
95 -3.4486 -3.44892 0.000196511
96 -3.4489 -3.44892 0.000194454
97 -3.44845 -3.44892 0.000192501
98 -3.4483 -3.44891 0.000190632
99 -3.4486 -3.44891 0.000188723
100 -3.44905 -3.44891 0.000186832
1 -3.42583 -3.42583 0
2 -3.42658 -3.42621 0.000378575
3 -3.42583 -3.42608 0.00025184
4 -3.42477 -3.42575 0.000372305
5 -3.42507 -3.42562 0.00031881
6 -3.42507 -3.42553 0.000275682
7 -3.42462 -3.4254 0.000266757
8 -3.42431 -3.42526 0.000267832
9 -3.42446 -3.42517 0.000252318
10 -3.42431 -3.42509 0.000241546
11 -3.42386 -3.42498 0.000245319
12 -3.42401 -3.4249 0.000237877
13 -3.42432 -3.42485 0.000223297
14 -3.42432 -3.42481 0.000210226
15 -3.42477 -3.42481 0.000195732
16 -3.42446 -3.42479 0.000184361
17 -3.42386 -3.42473 0.000181616
18 -3.42461 -3.42473 0.000171357
19 -3.42522 -3.42475 0.000164174
20 -3.42644 -3.42484 0.000177008
21 -3.42629 -3.42491 0.000181955
22 -3.42674 -3.42499 0.000192464
23 -3.42659 -3.42506 0.000196607
24 -3.42644 -3.42512 0.000196806
25 -3.42583 -3.42515 0.000190934
26 -3.42614 -3.42518 0.00018736
27 -3.42432 -3.42515 0.00018309
28 -3.42417 -3.42512 0.00017989
29 -3.42416 -3.42508 0.00017665
30 -3.42522 -3.42509 0.00017072
31 -3.42522 -3.42509 0.000165174
32 -3.42476 -3.42508 0.000160256
33 -3.42507 -3.42508 0.000155324
34 -3.42613 -3.42511 0.000153836
35 -3.42689 -3.42516 0.000157813
36 -3.42644 -3.4252 0.00015743
37 -3.42614 -3.42522 0.000155219
38 -3.42614 -3.42525 0.000152985
39 -3.42508 -3.42524 0.000149075
40 -3.42522 -3.42524 0.000145301
41 -3.42477 -3.42523 0.00014219
42 -3.42431 -3.42521 0.000140481
43 -3.42431 -3.42519 0.000138755
44 -3.42552 -3.4252 0.000135779
45 -3.42583 -3.42521 0.000133473
46 -3.42584 -3.42522 0.000131244
47 -3.42614 -3.42524 0.000129889
48 -3.42478 -3.42523 0.000127523
49 -3.42402 -3.42521 0.000127321
50 -3.42342 -3.42517 0.000129803
51 -3.42266 -3.42512 0.000136448
52 -3.42236 -3.42507 0.00014399
53 -3.42145 -3.425 0.000156897
54 -3.4213 -3.42493 0.000168547
55 -3.42054 -3.42485 0.000183698
56 -3.42115 -3.42479 0.000192143
57 -3.42145 -3.42473 0.000197624
58 -3.4216 -3.42468 0.000201553
59 -3.42175 -3.42463 0.000204227
60 -3.42235 -3.42459 0.000204338
61 -3.42281 -3.42456 0.000203069
62 -3.42281 -3.42453 0.00020175
63 -3.42251 -3.4245 0.000201099
64 -3.42342 -3.42448 0.000198651
65 -3.42432 -3.42448 0.000195586
66 -3.42463 -3.42448 0.000192613
67 -3.42387 -3.42447 0.000189935
68 -3.42553 -3.42449 0.00018777
69 -3.42538 -3.4245 0.000185481
70 -3.42553 -3.42452 0.000183403
71 -3.42568 -3.42453 0.000181544
72 -3.42447 -3.42453 0.000179007
73 -3.42447 -3.42453 0.00017654
74 -3.42462 -3.42453 0.000174142
75 -3.42507 -3.42454 0.000171957
76 -3.42462 -3.42454 0.000169682
77 -3.42507 -3.42455 0.000167608
78 -3.42538 -3.42456 0.000165787
79 -3.42568 -3.42457 0.000164289
80 -3.42492 -3.42458 0.000162282
81 -3.42508 -3.42458 0.000160385
82 -3.42462 -3.42458 0.000158417
83 -3.42432 -3.42458 0.000156529
84 -3.42523 -3.42459 0.000154846
85 -3.42568 -3.4246 0.000153554
86 -3.42583 -3.42461 0.000152434
87 -3.42629 -3.42463 0.000151894
88 -3.42704 -3.42466 0.000152628
89 -3.42719 -3.42469 0.000153557
90 -3.42628 -3.42471 0.000152869
91 -3.42643 -3.42473 0.000152366
92 -3.42674 -3.42475 0.00015228
93 -3.42689 -3.42477 0.000152388
94 -3.4275 -3.4248 0.000153525
95 -3.4272 -3.42483 0.000153981
96 -3.42674 -3.42485 0.000153671
97 -3.42689 -3.42487 0.000153533
98 -3.42538 -3.42487 0.000152047
99 -3.42507 -3.42487 0.000150517
100 -3.42416 -3.42487 0.000149173
1 -3.37145 -3.37145 0
2 -3.37161 -3.37153 7.68032e-05
3 -3.37282 -3.37196 0.000431798
4 -3.37237 -3.37206 0.000321915
5 -3.37237 -3.37212 0.000256882
6 -3.37252 -3.37219 0.000219986
7 -3.37237 -3.37221 0.000187699
8 -3.37176 -3.37216 0.000172075
9 -3.37131 -3.37206 0.000178788
10 -3.37131 -3.37199 0.000176948
11 -3.37206 -3.37199 0.000160191
12 -3.37327 -3.3721 0.000180704
13 -3.37297 -3.37217 0.000179131
14 -3.37176 -3.37214 0.00016833
15 -3.37192 -3.37212 0.0001574
16 -3.37237 -3.37214 0.000148041
17 -3.37192 -3.37213 0.000139684
18 -3.37161 -3.3721 0.000134764
19 -3.37312 -3.37215 0.000138417
20 -3.37282 -3.37218 0.000135516
21 -3.37327 -3.37224 0.000138958
22 -3.37282 -3.37226 0.000135131
23 -3.37343 -3.37231 0.000138672
24 -3.37358 -3.37237 0.000142833
25 -3.37328 -3.3724 0.00014174
26 -3.37358 -3.37245 0.000143468
27 -3.37358 -3.37249 0.000144244
28 -3.37297 -3.37251 0.000140063
29 -3.37191 -3.37249 0.00013668
30 -3.37131 -3.37245 0.00013774
31 -3.37161 -3.37242 0.000135918
32 -3.37146 -3.37239 0.000134981
33 -3.37025 -3.37233 0.000146011
34 -3.37025 -3.37226 0.00015423
35 -3.36995 -3.3722 0.000163719
36 -3.3695 -3.37212 0.000175919
37 -3.36935 -3.37205 0.000186849
38 -3.3698 -3.37199 0.000191259
39 -3.37055 -3.37195 0.0001899
40 -3.37085 -3.37192 0.00018712
41 -3.37176 -3.37192 0.000182543
42 -3.37191 -3.37192 0.000178144
43 -3.37176 -3.37192 0.000173991
44 -3.37161 -3.37191 0.000170132
45 -3.37161 -3.3719 0.000166438
46 -3.37252 -3.37192 0.000163335
47 -3.37267 -3.37193 0.000160631
48 -3.37373 -3.37197 0.000161648
49 -3.37494 -3.37203 0.000169504
50 -3.37463 -3.37208 0.000174044
51 -3.37493 -3.37214 0.00017951
52 -3.37478 -3.37219 0.0001832
53 -3.37463 -3.37224 0.000185498
54 -3.37463 -3.37228 0.000187334
55 -3.37463 -3.37232 0.000188777
56 -3.37584 -3.37239 0.0001957
57 -3.37553 -3.37244 0.000200018
58 -3.37538 -3.37249 0.000202988
59 -3.37433 -3.37252 0.000201931
60 -3.37418 -3.37255 0.000200439
61 -3.37387 -3.37257 0.000198315
62 -3.37342 -3.37259 0.000195569
63 -3.37327 -3.3726 0.000192746
64 -3.37493 -3.37263 0.00019319
65 -3.37584 -3.37268 0.000196491
66 -3.37614 -3.37273 0.000200465
67 -3.37599 -3.37278 0.000203341
68 -3.37644 -3.37284 0.000207429
69 -3.3769 -3.3729 0.000212695
70 -3.37735 -3.37296 0.000219074
71 -3.3778 -3.37303 0.000226485
72 -3.37901 -3.37311 0.000238281
73 -3.38083 -3.37322 0.000257663
74 -3.38037 -3.37331 0.000271931
75 -3.38037 -3.37341 0.000284309
76 -3.38067 -3.3735 0.000296387
77 -3.38007 -3.37359 0.000304686
78 -3.37992 -3.37367 0.000311507
79 -3.37931 -3.37374 0.000315721
80 -3.37916 -3.37381 0.000319022
81 -3.37886 -3.37387 0.000321163
82 -3.3778 -3.37392 0.000320819
83 -3.3775 -3.37396 0.000319853
84 -3.37871 -3.37402 0.000321038
85 -3.37856 -3.37407 0.000321707
86 -3.37901 -3.37413 0.000323095
87 -3.37931 -3.37419 0.000324873
88 -3.37856 -3.37424 0.000324975
89 -3.3778 -3.37428 0.000323789
90 -3.37735 -3.37431 0.000321987
91 -3.37811 -3.37435 0.000321152
92 -3.37781 -3.37439 0.000319854
93 -3.37736 -3.37442 0.000317997
94 -3.37614 -3.37444 0.000315128
95 -3.37448 -3.37444 0.000311793
96 -3.37402 -3.37444 0.000308559
97 -3.37523 -3.37445 0.000305471
98 -3.37599 -3.37446 0.000302748
99 -3.37569 -3.37447 0.00029993
100 -3.37584 -3.37449 0.000297228
1 -3.28227 -3.28227 0
2 -3.28151 -3.28189 0.000377686
3 -3.28106 -3.28161 0.000352336
4 -3.28031 -3.28129 0.000411061
5 -3.27925 -3.28088 0.000517238
6 -3.2791 -3.28058 0.000516168
7 -3.2791 -3.28037 0.000485005
8 -3.28001 -3.28033 0.000422506
9 -3.27925 -3.28021 0.000391327
10 -3.27955 -3.28014 0.000356077
11 -3.27895 -3.28003 0.000339861
12 -3.27955 -3.27999 0.000312817
13 -3.2797 -3.27997 0.000288598
14 -3.2797 -3.27995 0.000267862
15 -3.2797 -3.27993 0.000249906
16 -3.28076 -3.27999 0.000239417
17 -3.27986 -3.27998 0.000225024
18 -3.28001 -3.27998 0.000212161
19 -3.28061 -3.28001 0.000203402
20 -3.28106 -3.28007 0.000199972
21 -3.28106 -3.28011 0.000196041
22 -3.28046 -3.28013 0.000187575
23 -3.28091 -3.28016 0.000182446
24 -3.28076 -3.28019 0.000176456
25 -3.28107 -3.28022 0.000172855
26 -3.28031 -3.28023 0.000166109
27 -3.28031 -3.28023 0.000159871
28 -3.28137 -3.28027 0.000159367
29 -3.28107 -3.2803 0.000156226
30 -3.28152 -3.28034 0.000156354
31 -3.28273 -3.28042 0.00016975
32 -3.28288 -3.28049 0.000181451
33 -3.28212 -3.28054 0.00018262
34 -3.28136 -3.28057 0.000178792
35 -3.28106 -3.28058 0.000174177
36 -3.28091 -3.28059 0.000169516
37 -3.28121 -3.28061 0.000165729
38 -3.28046 -3.2806 0.000161355
39 -3.28107 -3.28061 0.000157612
40 -3.28076 -3.28062 0.000153667
41 -3.28091 -3.28062 0.000150045
42 -3.28136 -3.28064 0.000147482
43 -3.28181 -3.28067 0.000146566
44 -3.2809 -3.28067 0.000143295
45 -3.2806 -3.28067 0.000140084
46 -3.27985 -3.28066 0.000138176
47 -3.2791 -3.28062 0.00013922
48 -3.27955 -3.2806 0.000138101
49 -3.27895 -3.28057 0.000139382
50 -3.2788 -3.28053 0.000141062
51 -3.2794 -3.28051 0.000140021
52 -3.27835 -3.28047 0.000143463
53 -3.2788 -3.28044 0.000144211
54 -3.28015 -3.28043 0.000141611
55 -3.28091 -3.28044 0.000139282
56 -3.28106 -3.28045 0.000137217
57 -3.27955 -3.28043 0.000135717
58 -3.27909 -3.28041 0.000135343
59 -3.28 -3.2804 0.000133212
60 -3.27955 -3.28039 0.000131751
61 -3.27924 -3.28037 0.000130934
62 -3.28015 -3.28037 0.000128855
63 -3.28136 -3.28038 0.000127763
64 -3.28166 -3.2804 0.000127325
65 -3.2806 -3.28041 0.000125389
66 -3.28106 -3.28042 0.00012387
67 -3.28121 -3.28043 0.000122585
68 -3.28137 -3.28044 0.000121556
69 -3.28152 -3.28046 0.000120797
70 -3.28212 -3.28048 0.000121417
71 -3.28107 -3.28049 0.000119977
72 -3.28212 -3.28051 0.000120451
73 -3.28333 -3.28055 0.000124902
74 -3.28348 -3.28059 0.000129406
75 -3.28318 -3.28062 0.000132244
76 -3.28303 -3.28066 0.00013426
77 -3.28272 -3.28068 0.000135192
78 -3.28287 -3.28071 0.000136364
79 -3.28363 -3.28075 0.000139599
80 -3.28348 -3.28078 0.00014201
81 -3.28288 -3.28081 0.000142614
82 -3.28379 -3.28084 0.000145471
83 -3.28258 -3.28087 0.000145212
84 -3.28121 -3.28087 0.000143532
85 -3.27985 -3.28086 0.000142341
86 -3.2794 -3.28084 0.0001417
87 -3.2797 -3.28083 0.000140676
88 -3.27849 -3.2808 0.000141576
89 -3.28001 -3.28079 0.000140261
90 -3.28016 -3.28078 0.000138871
91 -3.27956 -3.28077 0.000137998
92 -3.27971 -3.28076 0.000136978
93 -3.27956 -3.28075 0.000136111
94 -3.27926 -3.28073 0.000135588
95 -3.2791 -3.28071 0.000135243
96 -3.2794 -3.2807 0.000134521
97 -3.28016 -3.28069 0.000133245
98 -3.28076 -3.2807 0.00013188
99 -3.28091 -3.2807 0.000130559
100 -3.28151 -3.28071 0.000129503
1 -3.34499 -3.34499 0
2 -3.34424 -3.34462 0.000377514
3 -3.34439 -3.34454 0.000230533
4 -3.34379 -3.34435 0.000248909
5 -3.34304 -3.34409 0.000326561
6 -3.34334 -3.34396 0.000294456
7 -3.34259 -3.34377 0.000317357
8 -3.34289 -3.34366 0.000296007
9 -3.34364 -3.34366 0.00026106
10 -3.34485 -3.34377 0.000262162
11 -3.34454 -3.34384 0.000247193
12 -3.34515 -3.34395 0.00025039
13 -3.34545 -3.34407 0.000257537
14 -3.34621 -3.34422 0.000283226
15 -3.34621 -3.34435 0.000295091
16 -3.34621 -3.34447 0.000299373
17 -3.34681 -3.34461 0.000313109
18 -3.34666 -3.34472 0.000316466
19 -3.34727 -3.34486 0.000327974
20 -3.34787 -3.34501 0.000345803
21 -3.34727 -3.34511 0.000346129
22 -3.34651 -3.34518 0.000336093
23 -3.34697 -3.34526 0.000330421
24 -3.34697 -3.34533 0.000324286
25 -3.34682 -3.34539 0.000316703
26 -3.34606 -3.34541 0.000305389
27 -3.34546 -3.34541 0.000293866
28 -3.3447 -3.34539 0.000284311
29 -3.3444 -3.34535 0.000276444
30 -3.34485 -3.34534 0.000267595
31 -3.34455 -3.34531 0.000260067
32 -3.34485 -3.3453 0.000252221
33 -3.34515 -3.34529 0.000244498
34 -3.34455 -3.34527 0.000238216
35 -3.34424 -3.34524 0.000233181
36 -3.34454 -3.34522 0.000227453
37 -3.34333 -3.34517 0.000227072
38 -3.34333 -3.34512 0.000226271
39 -3.34273 -3.34506 0.000228796
40 -3.34107 -3.34496 0.000244351
41 -3.34107 -3.34487 0.000256543
42 -3.34137 -3.34478 0.000263822
43 -3.34183 -3.34471 0.000266626
44 -3.34243 -3.34466 0.000265603
45 -3.34289 -3.34462 0.000262608
46 -3.34349 -3.3446 0.000258007
47 -3.34349 -3.34458 0.000253549
48 -3.34334 -3.34455 0.000249535
49 -3.34319 -3.34452 0.000245953
50 -3.34229 -3.34448 0.000245094
51 -3.34229 -3.34443 0.00024405
52 -3.34153 -3.34438 0.000245749
53 -3.34152 -3.34432 0.000247015
54 -3.34242 -3.34429 0.000244939
55 -3.34197 -3.34425 0.000244122
56 -3.34272 -3.34422 0.000241262
57 -3.34348 -3.34421 0.000237344
58 -3.34394 -3.3442 0.000233261
59 -3.3447 -3.34421 0.00022943
60 -3.3444 -3.34421 0.000225597
61 -3.34516 -3.34423 0.000222411
62 -3.34501 -3.34424 0.000219157
63 -3.34456 -3.34425 0.000215709
64 -3.34395 -3.34424 0.000212362
65 -3.3441 -3.34424 0.000209081
66 -3.34379 -3.34423 0.000206001
67 -3.34319 -3.34422 0.000203505
68 -3.34439 -3.34422 0.000200507
69 -3.34439 -3.34422 0.000197595
70 -3.34394 -3.34422 0.000194794
71 -3.34455 -3.34422 0.000192086
72 -3.34379 -3.34422 0.000189494
73 -3.3438 -3.34421 0.00018697
74 -3.34364 -3.3442 0.000184585
75 -3.34304 -3.34419 0.000182766
76 -3.34214 -3.34416 0.000182358
77 -3.34244 -3.34414 0.000181361
78 -3.34274 -3.34412 0.000179919
79 -3.34244 -3.3441 0.000178903
80 -3.34213 -3.34408 0.000178358
81 -3.34258 -3.34406 0.000177104
82 -3.34183 -3.34403 0.000177032
83 -3.34167 -3.344 0.000177173
84 -3.34198 -3.34398 0.000176704
85 -3.34258 -3.34396 0.000175384
86 -3.34288 -3.34395 0.000173785
87 -3.34288 -3.34394 0.00017221
88 -3.34289 -3.34392 0.000170661
89 -3.34304 -3.34391 0.000169027
90 -3.34289 -3.3439 0.000167529
91 -3.34364 -3.3439 0.000165702
92 -3.34395 -3.3439 0.000163892
93 -3.34425 -3.3439 0.000162164
94 -3.3435 -3.3439 0.000160488
95 -3.34441 -3.34391 0.000158879
96 -3.3438 -3.3439 0.000157219
97 -3.3441 -3.34391 0.000155603
98 -3.34334 -3.3439 0.000154114
99 -3.3441 -3.3439 0.000152562
100 -3.34334 -3.3439 0.000151134
1 -3.34423 -3.34423 0
2 -3.34378 -3.344 0.000226358
3 -3.34378 -3.34393 0.000150599
4 -3.34348 -3.34382 0.000154843
5 -3.34272 -3.3436 0.000249111
6 -3.34227 -3.34338 0.000300344
7 -3.34303 -3.34333 0.000258712
8 -3.34348 -3.34335 0.000224862
9 -3.34363 -3.34338 0.000200837
10 -3.34333 -3.34337 0.000179695
11 -3.34333 -3.34337 0.000162584
12 -3.34243 -3.34329 0.000167977
13 -3.34303 -3.34327 0.000155817
14 -3.34363 -3.3433 0.000146566
15 -3.34318 -3.34329 0.00013667
16 -3.34272 -3.34325 0.000132615
17 -3.34242 -3.3432 0.00013383
18 -3.34197 -3.34314 0.000143639
19 -3.34197 -3.34307 0.000149071
20 -3.34152 -3.343 0.000161389
21 -3.34167 -3.34293 0.000165953
22 -3.34183 -3.34288 0.000166047
23 -3.34107 -3.3428 0.000177129
24 -3.34198 -3.34277 0.000173038
25 -3.34273 -3.34277 0.000165979
26 -3.34243 -3.34276 0.000159997
27 -3.34273 -3.34275 0.00015396
28 -3.34318 -3.34277 0.000149131
29 -3.34181 -3.34274 0.00014762
30 -3.34302 -3.34275 0.000142929
31 -3.34227 -3.34273 0.000139106
32 -3.34167 -3.3427 0.000138742
33 -3.34152 -3.34266 0.000139132
34 -3.34092 -3.34261 0.00014438
35 -3.34107 -3.34257 0.000146912
36 -3.34153 -3.34254 0.000145657
37 -3.34228 -3.34253 0.000141833
38 -3.34274 -3.34254 0.000138155
39 -3.34288 -3.34255 0.000134862
40 -3.34258 -3.34255 0.00013145
41 -3.34258 -3.34255 0.000128206
42 -3.34227 -3.34254 0.000125285
43 -3.34288 -3.34255 0.000122587
44 -3.34273 -3.34255 0.000119836
45 -3.34393 -3.34258 0.000121099
46 -3.34318 -3.3426 0.000119144
47 -3.34303 -3.34261 0.000116944
48 -3.34363 -3.34263 0.00011647
49 -3.34409 -3.34266 0.000117905
50 -3.34333 -3.34267 0.000116313
51 -3.34364 -3.34269 0.000115573
52 -3.34394 -3.34271 0.000115848
53 -3.34409 -3.34274 0.000116572
54 -3.34409 -3.34276 0.000117101
55 -3.34394 -3.34279 0.000116925
56 -3.3453 -3.34283 0.000123291
57 -3.3456 -3.34288 0.000130513
58 -3.3453 -3.34292 0.000134873
59 -3.34455 -3.34295 0.000135398
60 -3.34379 -3.34296 0.000133859
61 -3.34333 -3.34297 0.000131787
62 -3.34378 -3.34298 0.000130307
63 -3.34393 -3.343 0.000129105
64 -3.34318 -3.343 0.000127102
65 -3.34378 -3.34301 0.000125711
66 -3.34499 -3.34304 0.000127382
67 -3.3453 -3.34308 0.000129899
68 -3.34545 -3.34311 0.000132644
69 -3.34484 -3.34314 0.000133097
70 -3.34394 -3.34315 0.00013168
71 -3.34394 -3.34316 0.000130289
72 -3.34454 -3.34318 0.000129899
73 -3.34439 -3.34319 0.000129186
74 -3.34439 -3.34321 0.000128455
75 -3.3453 -3.34324 0.000129755
76 -3.3456 -3.34327 0.000131754
77 -3.3462 -3.34331 0.000135504
78 -3.34545 -3.34333 0.000136548
79 -3.34636 -3.34337 0.000140129
80 -3.34605 -3.34341 0.000142365
81 -3.34635 -3.34344 0.000145228
82 -3.3456 -3.34347 0.000145834
83 -3.34635 -3.3435 0.000148197
84 -3.3453 -3.34352 0.000147967
85 -3.34499 -3.34354 0.000147233
86 -3.34394 -3.34355 0.000145584
87 -3.34379 -3.34355 0.000143927
88 -3.34424 -3.34356 0.000142498
89 -3.34394 -3.34356 0.000140952
90 -3.34318 -3.34356 0.000139441
91 -3.34273 -3.34355 0.000138197
92 -3.34334 -3.34355 0.000136706
93 -3.34289 -3.34354 0.000135414
94 -3.34319 -3.34354 0.000134019
95 -3.34258 -3.34353 0.000132983
96 -3.34227 -3.34351 0.000132233
97 -3.34227 -3.3435 0.000131485
98 -3.34227 -3.34349 0.000130735
99 -3.34243 -3.34348 0.000129851
100 -3.34182 -3.34346 0.000129607
1 -3.29086 -3.29086 0
2 -3.29146 -3.29116 0.000302925
3 -3.29222 -3.29151 0.000394657
4 -3.29328 -3.29195 0.000522706
5 -3.29373 -3.29231 0.000539123
6 -3.29298 -3.29242 0.000454067
7 -3.29282 -3.29248 0.000388057
8 -3.29207 -3.29243 0.000340014
9 -3.29221 -3.2924 0.000300798
10 -3.29297 -3.29246 0.000274868
11 -3.29281 -3.29249 0.000250705
12 -3.29327 -3.29256 0.00023782
13 -3.29327 -3.29261 0.000225532
14 -3.29282 -3.29263 0.000209327
15 -3.29222 -3.2926 0.000196773
16 -3.29177 -3.29255 0.000191286
17 -3.29086 -3.29245 0.000205246
18 -3.2892 -3.29227 0.000264613
19 -3.28799 -3.29204 0.000336639
20 -3.28708 -3.29179 0.000404339
21 -3.28799 -3.29161 0.000425192
22 -3.28889 -3.29149 0.000423854
23 -3.2895 -3.2914 0.000414185
24 -3.28874 -3.29129 0.000411787
25 -3.28949 -3.29122 0.00040146
26 -3.28889 -3.29113 0.00039598
27 -3.2898 -3.29108 0.000384211
28 -3.2904 -3.29106 0.000371026
29 -3.29071 -3.29104 0.000358207
30 -3.29131 -3.29105 0.000346174
31 -3.29071 -3.29104 0.000335009
32 -3.29101 -3.29104 0.000324373
33 -3.29176 -3.29106 0.00031515
34 -3.29161 -3.29108 0.000306165
35 -3.29116 -3.29108 0.000297298
36 -3.29101 -3.29108 0.000288929
37 -3.29101 -3.29108 0.000281019
38 -3.29101 -3.29108 0.00027353
39 -3.29161 -3.29109 0.000266779
40 -3.29131 -3.2911 0.000260084
41 -3.29177 -3.29111 0.000254189
42 -3.29147 -3.29112 0.000248207
43 -3.29177 -3.29113 0.000242836
44 -3.29116 -3.29114 0.000237253
45 -3.29177 -3.29115 0.000232344
46 -3.29146 -3.29116 0.000227337
47 -3.29131 -3.29116 0.000222472
48 -3.2904 -3.29114 0.000218356
49 -3.29146 -3.29115 0.000213953
50 -3.29101 -3.29115 0.000209648
51 -3.29071 -3.29114 0.000205674
52 -3.29071 -3.29113 0.000201847
53 -3.29101 -3.29113 0.000198015
54 -3.29162 -3.29114 0.000194524
55 -3.29222 -3.29116 0.000191966
56 -3.29222 -3.29118 0.000189461
57 -3.29268 -3.2912 0.000187957
58 -3.29404 -3.29125 0.000191042
59 -3.29298 -3.29128 0.000190049
60 -3.29238 -3.2913 0.000187745
61 -3.29177 -3.29131 0.000184804
62 -3.29222 -3.29132 0.000182399
63 -3.29343 -3.29136 0.000182575
64 -3.29282 -3.29138 0.000181158
65 -3.29312 -3.2914 0.000180359
66 -3.29403 -3.29144 0.000182
67 -3.29342 -3.29147 0.000181681
68 -3.29403 -3.29151 0.000182892
69 -3.29312 -3.29154 0.000181731
70 -3.29282 -3.29155 0.000180061
71 -3.29222 -3.29156 0.000177756
72 -3.29268 -3.29158 0.000175952
73 -3.29283 -3.2916 0.000174367
74 -3.29358 -3.29162 0.000174079
75 -3.29343 -3.29165 0.000173429
76 -3.29388 -3.29168 0.000173647
77 -3.29449 -3.29171 0.000175227
78 -3.29464 -3.29175 0.000176993
79 -3.29479 -3.29179 0.000178932
80 -3.29464 -3.29182 0.000180245
81 -3.2957 -3.29187 0.000184321
82 -3.29524 -3.29191 0.000186648
83 -3.29479 -3.29195 0.000187615
84 -3.29494 -3.29198 0.000188761
85 -3.29434 -3.29201 0.000188567
86 -3.29282 -3.29202 0.000186602
87 -3.29268 -3.29203 0.000184598
88 -3.29313 -3.29204 0.000182917
89 -3.29298 -3.29205 0.000181158
90 -3.29313 -3.29206 0.000179535
91 -3.29268 -3.29207 0.00017768
92 -3.29313 -3.29208 0.000176114
93 -3.29373 -3.2921 0.000175112
94 -3.29388 -3.29212 0.000174273
95 -3.29388 -3.29214 0.000173422
96 -3.29403 -3.29216 0.000172737
97 -3.29449 -3.29218 0.000172625
98 -3.29464 -3.29221 0.000172685
99 -3.29373 -3.29222 0.000171626
100 -3.29419 -3.29224 0.000171035
1 -3.32502 -3.32502 0
2 -3.32457 -3.3248 0.000227356
3 -3.32411 -3.32457 0.000262518
4 -3.32381 -3.32438 0.0002653
5 -3.32411 -3.32433 0.000212332
6 -3.32472 -3.32439 0.000185173
7 -3.32472 -3.32444 0.000163304
8 -3.32472 -3.32447 0.000145708
9 -3.32502 -3.32453 0.000142236
10 -3.32563 -3.32464 0.000167758
11 -3.32442 -3.32462 0.000153105
12 -3.32457 -3.32462 0.000139833
13 -3.32532 -3.32467 0.000139638
14 -3.32396 -3.32462 0.000138848
15 -3.32396 -3.32458 0.000136539
16 -3.32411 -3.32455 0.000131012
17 -3.32426 -3.32453 0.000124228
18 -3.32486 -3.32455 0.000118567
19 -3.32396 -3.32452 0.000116414
20 -3.32441 -3.32451 0.000110571
21 -3.32441 -3.32451 0.000105284
22 -3.32456 -3.32451 0.000100417
23 -3.32381 -3.32448 0.000100681
24 -3.32411 -3.32447 9.75982e-05
25 -3.32411 -3.32445 9.46591e-05
26 -3.32396 -3.32443 9.28653e-05
27 -3.32336 -3.32439 9.78162e-05
28 -3.32336 -3.32436 0.000101257
29 -3.322 -3.32427 0.000127145
30 -3.32185 -3.32419 0.000147128
31 -3.322 -3.32412 0.00015897
32 -3.322 -3.32406 0.000167633
33 -3.32124 -3.32397 0.000183474
34 -3.32004 -3.32386 0.000212318
35 -3.32034 -3.32376 0.000229337
36 -3.32109 -3.32368 0.000234807
37 -3.32049 -3.3236 0.000244117
38 -3.32049 -3.32351 0.000251276
39 -3.32079 -3.32344 0.000254519
40 -3.31988 -3.32335 0.000263563
41 -3.32064 -3.32329 0.000265452
42 -3.32064 -3.32323 0.000266623
43 -3.32094 -3.32317 0.000265705
44 -3.32125 -3.32313 0.000263262
45 -3.32276 -3.32312 0.000257478
46 -3.32321 -3.32312 0.000251826
47 -3.32261 -3.32311 0.000246653
48 -3.32366 -3.32312 0.000241734
49 -3.32261 -3.32311 0.000236984
50 -3.32261 -3.3231 0.000232417
51 -3.3217 -3.32307 0.000229472
52 -3.32169 -3.32305 0.000226574
53 -3.32184 -3.32303 0.000223416
54 -3.32275 -3.32302 0.0002193
55 -3.3232 -3.32302 0.000215301
56 -3.32366 -3.32303 0.000211726
57 -3.32336 -3.32304 0.000208057
58 -3.32397 -3.32306 0.000205064
59 -3.32427 -3.32308 0.000202609
60 -3.32442 -3.3231 0.000200462
61 -3.32472 -3.32313 0.000198934
62 -3.32487 -3.32315 0.000197712
63 -3.32593 -3.3232 0.000199462
64 -3.32623 -3.32325 0.000201947
65 -3.32608 -3.32329 0.00020353
66 -3.32593 -3.32333 0.000204367
67 -3.32532 -3.32336 0.000203479
68 -3.32578 -3.32339 0.000203592
69 -3.32562 -3.32343 0.000203206
70 -3.32502 -3.32345 0.000201572
71 -3.32396 -3.32346 0.000198845
72 -3.32381 -3.32346 0.000196126
73 -3.32366 -3.32346 0.000193439
74 -3.32396 -3.32347 0.000190926
75 -3.32381 -3.32348 0.000188417
76 -3.3229 -3.32347 0.000186074
77 -3.3223 -3.32345 0.00018427
78 -3.32169 -3.32343 0.000183286
79 -3.32245 -3.32342 0.000181377
80 -3.3232 -3.32342 0.000179115
81 -3.32411 -3.32342 0.000177099
82 -3.32426 -3.32343 0.000175225
83 -3.32532 -3.32346 0.000174591
84 -3.32563 -3.32348 0.000174425
85 -3.32653 -3.32352 0.000176062
86 -3.32684 -3.32356 0.00017823
87 -3.32683 -3.32359 0.000180152
88 -3.32623 -3.32362 0.000180589
89 -3.32638 -3.32366 0.000181208
90 -3.32668 -3.32369 0.000182307
91 -3.32698 -3.32373 0.00018389
92 -3.32714 -3.32376 0.000185624
93 -3.32578 -3.32378 0.000184896
94 -3.32533 -3.3238 0.000183655
95 -3.32563 -3.32382 0.000182729
96 -3.32563 -3.32384 0.000181793
97 -3.32653 -3.32387 0.000182036
98 -3.32683 -3.3239 0.000182687
99 -3.32607 -3.32392 0.000182162
100 -3.32622 -3.32394 0.000181797
1 -3.32354 -3.32354 0
2 -3.32294 -3.32324 0.000300557
3 -3.32264 -3.32304 0.000264802
4 -3.32174 -3.32272 0.000376143
5 -3.32174 -3.32252 0.000351031
6 -3.32159 -3.32237 0.000326282
7 -3.32174 -3.32228 0.000290056
8 -3.32053 -3.32206 0.000333064
9 -3.32098 -3.32194 0.000317274
10 -3.32098 -3.32184 0.000299566
11 -3.32204 -3.32186 0.000271542
12 -3.32113 -3.3218 0.000255223
13 -3.32053 -3.3217 0.000254336
14 -3.32053 -3.32162 0.000249921
15 -3.32068 -3.32155 0.000240902
16 -3.32159 -3.32156 0.000225353
17 -3.32174 -3.32157 0.000211959
18 -3.32038 -3.3215 0.000210422
19 -3.31887 -3.32136 0.000242492
20 -3.31887 -3.32124 0.000261699
21 -3.31811 -3.32109 0.000290068
22 -3.31871 -3.32098 0.000296893
23 -3.31871 -3.32088 0.000300346
24 -3.31826 -3.32077 0.00030764
25 -3.31796 -3.32066 0.000315861
26 -3.31796 -3.32056 0.000320795
27 -3.31735 -3.32044 0.000330712
28 -3.3169 -3.32031 0.000342834
29 -3.31795 -3.32023 0.000340633
30 -3.31901 -3.32019 0.000331577
31 -3.31841 -3.32013 0.000325805
32 -3.31796 -3.32006 0.000322689
33 -3.31826 -3.32001 0.000317486
34 -3.31766 -3.31994 0.000315664
35 -3.31706 -3.31986 0.000317401
36 -3.31736 -3.31979 0.000316182
37 -3.31675 -3.31971 0.000318275
38 -3.31721 -3.31964 0.000316701
39 -3.31902 -3.31962 0.00030889
40 -3.31932 -3.31962 0.000301166
41 -3.31826 -3.31958 0.000295591
42 -3.31811 -3.31955 0.000290603
43 -3.31796 -3.31951 0.000286171
44 -3.31826 -3.31948 0.000281038
45 -3.3175 -3.31944 0.00027822
46 -3.3175 -3.3194 0.000275335
47 -3.31766 -3.31936 0.000271947
48 -3.31781 -3.31933 0.000268177
49 -3.31887 -3.31932 0.000262815
50 -3.31781 -3.31929 0.000259265
51 -3.31706 -3.31924 0.00025787
52 -3.31645 -3.31919 0.000258494
53 -3.31766 -3.31916 0.000255201
54 -3.31781 -3.31914 0.00025167
55 -3.31796 -3.31912 0.000247971
56 -3.31781 -3.31909 0.000244616
57 -3.3169 -3.31905 0.000243347
58 -3.3169 -3.31902 0.000241989
59 -3.31735 -3.31899 0.000239526
60 -3.3175 -3.31896 0.000236804
61 -3.31705 -3.31893 0.000235001
62 -3.31705 -3.3189 0.000233169
63 -3.3172 -3.31887 0.000231021
64 -3.3169 -3.31884 0.000229466
65 -3.31675 -3.31881 0.000228194
66 -3.3163 -3.31877 0.000227916
67 -3.31675 -3.31874 0.000226508
68 -3.31736 -3.31872 0.000224081
69 -3.31811 -3.31871 0.000220986
70 -3.31872 -3.31871 0.000217806
71 -3.31796 -3.3187 0.000214977
72 -3.31812 -3.3187 0.000212127
73 -3.31962 -3.31871 0.000209588
74 -3.31932 -3.31872 0.000206903
75 -3.31962 -3.31873 0.000204482
76 -3.32008 -3.31875 0.00020255
77 -3.32098 -3.31878 0.000202
78 -3.32159 -3.31881 0.000202625
79 -3.32204 -3.31885 0.000204177
80 -3.32174 -3.31889 0.000204815
81 -3.32204 -3.31893 0.000205988
82 -3.3225 -3.31897 0.000208069
83 -3.32235 -3.31901 0.000209536
84 -3.3225 -3.31905 0.000211147
85 -3.3225 -3.31909 0.000212547
86 -3.32204 -3.31913 0.000212843
87 -3.32114 -3.31915 0.000211645
88 -3.32189 -3.31918 0.000211534
89 -3.3225 -3.31922 0.000212438
90 -3.32295 -3.31926 0.000214124
91 -3.3228 -3.3193 0.000215305
92 -3.32295 -3.31934 0.00021662
93 -3.32385 -3.31939 0.00021971
94 -3.3234 -3.31943 0.000221509
95 -3.32279 -3.31947 0.000222006
96 -3.32295 -3.3195 0.000222653
97 -3.3225 -3.31953 0.000222497
98 -3.32174 -3.31956 0.000221367
99 -3.32008 -3.31956 0.000219184
100 -3.32008 -3.31957 0.000217044
1 -3.42158 -3.42158 0
2 -3.42098 -3.42128 0.000301876
3 -3.41962 -3.42073 0.000580365
4 -3.42022 -3.4206 0.000429081
5 -3.41977 -3.42043 0.000371396
6 -3.42068 -3.42048 0.000305938
7 -3.42037 -3.42046 0.000258966
8 -3.41992 -3.42039 0.000234322
9 -3.42007 -3.42036 0.000209815
10 -3.41871 -3.42019 0.000249961
11 -3.41961 -3.42014 0.000232141
12 -3.41976 -3.42011 0.000214196
13 -3.42022 -3.42012 0.000197214
14 -3.42113 -3.42019 0.0001963
15 -3.42158 -3.42028 0.00020493
16 -3.42158 -3.42036 0.000208216
17 -3.42113 -3.42041 0.000200743
18 -3.42189 -3.42049 0.000206365
19 -3.42234 -3.42059 0.0002182
20 -3.42249 -3.42068 0.000227895
21 -3.42249 -3.42077 0.00023328
22 -3.42174 -3.42081 0.000226728
23 -3.42143 -3.42084 0.000218319
24 -3.42158 -3.42087 0.000211316
25 -3.42249 -3.42094 0.000212776
26 -3.42279 -3.42101 0.000216532
27 -3.42324 -3.42109 0.000224221
28 -3.424 -3.42119 0.000239749
29 -3.4243 -3.4213 0.000254961
30 -3.42415 -3.4214 0.00026401
31 -3.42476 -3.4215 0.000277398
32 -3.42506 -3.42162 0.000290632
33 -3.42596 -3.42175 0.000310982
34 -3.42642 -3.42188 0.000331487
35 -3.42672 -3.42202 0.000350269
36 -3.42702 -3.42216 0.000367613
37 -3.42807 -3.42232 0.000391631
38 -3.42822 -3.42248 0.000411629
39 -3.42792 -3.42262 0.000424559
40 -3.42792 -3.42275 0.00043457
41 -3.42808 -3.42288 0.000443313
42 -3.42793 -3.423 0.000449015
43 -3.42687 -3.42309 0.000447596
44 -3.42642 -3.42316 0.000443803
45 -3.42642 -3.42324 0.000439819
46 -3.42733 -3.42333 0.000439249
47 -3.42763 -3.42342 0.000439457
48 -3.42642 -3.42348 0.000434738
49 -3.42673 -3.42355 0.000430896
50 -3.42567 -3.42359 0.000424315
51 -3.42642 -3.42364 0.0004196
52 -3.42687 -3.42371 0.000416102
53 -3.42566 -3.42374 0.000409836
54 -3.42475 -3.42376 0.000402606
55 -3.42475 -3.42378 0.000395627
56 -3.42475 -3.4238 0.000388886
57 -3.42566 -3.42383 0.0003834
58 -3.42536 -3.42386 0.000377652
59 -3.42626 -3.4239 0.000373432
60 -3.42626 -3.42394 0.000369266
61 -3.42581 -3.42397 0.000364456
62 -3.42521 -3.42399 0.000359086
63 -3.4249 -3.424 0.00035364
64 -3.42506 -3.42402 0.000348461
65 -3.4243 -3.42402 0.000343086
66 -3.4246 -3.42403 0.000337962
67 -3.42475 -3.42404 0.000333054
68 -3.4246 -3.42405 0.000328223
69 -3.42445 -3.42406 0.000323484
70 -3.42385 -3.42405 0.000318843
71 -3.4237 -3.42405 0.00031436
72 -3.424 -3.42405 0.000309963
73 -3.4237 -3.42404 0.000305725
74 -3.42369 -3.42404 0.000301603
75 -3.42369 -3.42403 0.000297591
76 -3.42353 -3.42403 0.000293722
77 -3.42384 -3.42402 0.000289893
78 -3.42385 -3.42402 0.000286161
79 -3.42385 -3.42402 0.000282524
80 -3.42295 -3.42401 0.000279292
81 -3.4231 -3.424 0.00027605
82 -3.4234 -3.42399 0.000272759
83 -3.42264 -3.42397 0.000269942
84 -3.42324 -3.42396 0.00026685
85 -3.42369 -3.42396 0.000263711
86 -3.42369 -3.42396 0.000260645
87 -3.42445 -3.42396 0.000257694
88 -3.424 -3.42396 0.000254749
89 -3.42385 -3.42396 0.000251874
90 -3.42415 -3.42396 0.000249068
91 -3.42385 -3.42396 0.000246319
92 -3.42294 -3.42395 0.000243879
93 -3.42294 -3.42394 0.000241485
94 -3.4234 -3.42393 0.000238972
95 -3.4234 -3.42393 0.00023651
96 -3.42279 -3.42392 0.000234333
97 -3.42294 -3.42391 0.000232123
98 -3.42294 -3.4239 0.000229954
99 -3.42173 -3.42388 0.000228672
100 -3.42188 -3.42386 0.000227253
1 -3.34688 -3.34688 0
2 -3.34688 -3.34688 2.14908e-07
3 -3.34764 -3.34714 0.000252123
4 -3.34719 -3.34715 0.000178757
5 -3.34734 -3.34719 0.000143656
6 -3.34628 -3.34704 0.000190788
7 -3.34644 -3.34695 0.000182684
8 -3.34568 -3.34679 0.000224178
9 -3.34492 -3.34658 0.000286653
10 -3.34417 -3.34634 0.000352354
11 -3.34462 -3.34619 0.000355112
12 -3.34613 -3.34618 0.000324203
13 -3.34583 -3.34616 0.000299442
14 -3.34553 -3.34611 0.000280787
15 -3.34523 -3.34605 0.000267887
16 -3.34478 -3.34597 0.00026289
17 -3.34403 -3.34586 0.000272196
18 -3.34433 -3.34577 0.000270347
19 -3.34312 -3.34563 0.000291407
20 -3.34312 -3.34551 0.000303735
21 -3.34251 -3.34536 0.000322237
22 -3.34145 -3.34519 0.000355005
23 -3.34191 -3.34504 0.000367997
24 -3.34236 -3.34493 0.000369656
25 -3.34221 -3.34482 0.000370931
26 -3.34236 -3.34473 0.000368798
27 -3.3419 -3.34462 0.000370013
28 -3.3422 -3.34454 0.000366877
29 -3.34175 -3.34444 0.000366772
30 -3.34221 -3.34437 0.000362053
31 -3.34146 -3.34427 0.000362554
32 -3.34161 -3.34419 0.000360803
33 -3.34191 -3.34412 0.00035647
34 -3.34251 -3.34407 0.000349048
35 -3.34236 -3.34402 0.000342442
36 -3.34281 -3.34399 0.00033449
37 -3.34311 -3.34397 0.000326184
38 -3.34296 -3.34394 0.00031858
39 -3.34357 -3.34393 0.00031045
40 -3.34433 -3.34394 0.00030275
41 -3.34538 -3.34398 0.000297362
42 -3.34523 -3.34401 0.000291732
43 -3.34508 -3.34403 0.000285957
44 -3.34477 -3.34405 0.000279892
45 -3.34553 -3.34408 0.00027557
46 -3.34568 -3.34412 0.000271737
47 -3.34628 -3.34416 0.000269854
48 -3.34553 -3.34419 0.000265695
49 -3.34553 -3.34422 0.000261642
50 -3.34598 -3.34425 0.00025877
51 -3.34659 -3.3443 0.000257736
52 -3.34583 -3.34433 0.000254443
53 -3.34568 -3.34435 0.000250893
54 -3.34643 -3.34439 0.000249199
55 -3.34719 -3.34444 0.000249856
56 -3.34749 -3.3445 0.000251319
57 -3.34719 -3.34454 0.000251348
58 -3.34704 -3.34459 0.000250695
59 -3.34719 -3.34463 0.000250332
60 -3.34553 -3.34465 0.000246581
61 -3.34553 -3.34466 0.000242938
62 -3.34538 -3.34467 0.000239268
63 -3.34477 -3.34467 0.000235445
64 -3.34553 -3.34469 0.000232122
65 -3.34553 -3.3447 0.000228889
66 -3.34538 -3.34471 0.000225628
67 -3.34493 -3.34471 0.000222258
68 -3.34568 -3.34473 0.000219426
69 -3.34568 -3.34474 0.000216662
70 -3.34628 -3.34476 0.000214677
71 -3.34613 -3.34478 0.000212507
72 -3.34689 -3.34481 0.000211561
73 -3.34673 -3.34484 0.000210296
74 -3.34583 -3.34485 0.000207864
75 -3.34613 -3.34487 0.00020578
76 -3.34538 -3.34488 0.000203163
77 -3.34583 -3.34489 0.00020089
78 -3.34674 -3.34491 0.000199711
79 -3.34659 -3.34493 0.000198305
80 -3.34674 -3.34496 0.000197107
81 -3.34613 -3.34497 0.0001952
82 -3.34507 -3.34497 0.000192809
83 -3.34537 -3.34498 0.000190534
84 -3.34477 -3.34497 0.000188268
85 -3.34462 -3.34497 0.000186086
86 -3.34508 -3.34497 0.000183914
87 -3.34508 -3.34497 0.000181792
88 -3.34523 -3.34498 0.000179739
89 -3.34463 -3.34497 0.000177751
90 -3.34523 -3.34497 0.000175788
91 -3.34613 -3.34499 0.000174312
92 -3.34659 -3.345 0.000173281
93 -3.34674 -3.34502 0.000172417
94 -3.34689 -3.34504 0.000171725
95 -3.34674 -3.34506 0.000170844
96 -3.34719 -3.34508 0.000170508
97 -3.34734 -3.34511 0.000170343
98 -3.34749 -3.34513 0.000170347
99 -3.34658 -3.34515 0.000169255
100 -3.34522 -3.34515 0.000167556
1 -3.29264 -3.29264 0
2 -3.2934 -3.29302 0.000378343
3 -3.29431 -3.29345 0.000481274
4 -3.29491 -3.29382 0.00049968
5 -3.29476 -3.29401 0.000431028
6 -3.29371 -3.29396 0.000355443
7 -3.29386 -3.29394 0.000300726
8 -3.29386 -3.29393 0.000260639
9 -3.29416 -3.29396 0.000231298
10 -3.29462 -3.29402 0.000217154
11 -3.29492 -3.29411 0.000212668
12 -3.29432 -3.29412 0.00019493
13 -3.29386 -3.2941 0.000180436
14 -3.29386 -3.29409 0.000167954
15 -3.29355 -3.29405 0.000160314
16 -3.29355 -3.29402 0.000153142
17 -3.29325 -3.29397 0.000150766
18 -3.29371 -3.29396 0.000142914
19 -3.29326 -3.29392 0.000140153
20 -3.29401 -3.29393 0.000133038
21 -3.29447 -3.29395 0.000129121
22 -3.29431 -3.29397 0.000124208
23 -3.29371 -3.29396 0.000119221
24 -3.29325 -3.29393 0.000117837
25 -3.29371 -3.29392 0.000113366
26 -3.29326 -3.29389 0.000111873
27 -3.2931 -3.29386 0.000111542
28 -3.29356 -3.29385 0.000108039
29 -3.29341 -3.29384 0.000105376
30 -3.29326 -3.29382 0.000103637
31 -3.2931 -3.2938 0.000102864
32 -3.29174 -3.29373 0.000118498
33 -3.29189 -3.29368 0.000127687
34 -3.29159 -3.29361 0.00013827
35 -3.29219 -3.29357 0.000140282
36 -3.2928 -3.29355 0.000138024
37 -3.29355 -3.29355 0.000134242
38 -3.29446 -3.29358 0.000132841
39 -3.29598 -3.29364 0.000143274
40 -3.29552 -3.29368 0.000147389
41 -3.29537 -3.29373 0.000149533
42 -3.29613 -3.29378 0.000156743
43 -3.29568 -3.29383 0.000159254
44 -3.29613 -3.29388 0.000164146
45 -3.29537 -3.29391 0.000163845
46 -3.29537 -3.29394 0.000163343
47 -3.29612 -3.29399 0.000166416
48 -3.29522 -3.29402 0.000164899
49 -3.29461 -3.29403 0.000161953
50 -3.2934 -3.29402 0.000159173
51 -3.2928 -3.29399 0.00015783
52 -3.2931 -3.29397 0.000155708
53 -3.29265 -3.29395 0.000154778
54 -3.29265 -3.29393 0.000153784
55 -3.2934 -3.29392 0.000151259
56 -3.29295 -3.2939 0.000149532
57 -3.2931 -3.29388 0.000147551
58 -3.2931 -3.29387 0.000145615
59 -3.29521 -3.29389 0.000144924
60 -3.29431 -3.2939 0.000142655
61 -3.29416 -3.29391 0.00014036
62 -3.29386 -3.2939 0.00013808
63 -3.29461 -3.29392 0.000136337
64 -3.29326 -3.29391 0.000134582
65 -3.29341 -3.2939 0.000132714
66 -3.29235 -3.29387 0.000132766
67 -3.29311 -3.29386 0.00013127
68 -3.29371 -3.29386 0.000129345
69 -3.29386 -3.29386 0.000127457
70 -3.29431 -3.29387 0.000125785
71 -3.29537 -3.29389 0.000125787
72 -3.29537 -3.29391 0.000125719
73 -3.29582 -3.29393 0.000126732
74 -3.29643 -3.29397 0.000129476
75 -3.29688 -3.29401 0.000133516
76 -3.29733 -3.29405 0.000138826
77 -3.29673 -3.29409 0.000141345
78 -3.29582 -3.29411 0.000141277
79 -3.29703 -3.29415 0.000144289
80 -3.29688 -3.29418 0.000146516
81 -3.29673 -3.29421 0.000148081
82 -3.29613 -3.29423 0.000148119
83 -3.29673 -3.29426 0.000149388
84 -3.29734 -3.2943 0.000152063
85 -3.29764 -3.29434 0.000155311
86 -3.29824 -3.29439 0.000160064
87 -3.29839 -3.29443 0.000164786
88 -3.29885 -3.29448 0.000170454
89 -3.299 -3.29453 0.000175999
90 -3.29869 -3.29458 0.000180067
91 -3.29854 -3.29462 0.000183325
92 -3.29869 -3.29467 0.000186641
93 -3.29794 -3.2947 0.000187948
94 -3.29704 -3.29473 0.00018759
95 -3.29704 -3.29475 0.000187193
96 -3.29613 -3.29477 0.000185788
97 -3.29552 -3.29477 0.000184028
98 -3.29461 -3.29477 0.000182147
99 -3.29431 -3.29477 0.000180357
100 -3.29538 -3.29477 0.000178649
1 -3.34348 -3.34348 0
2 -3.34347 -3.34347 8.83075e-07
3 -3.34347 -3.34347 1.28979e-06
4 -3.34301 -3.34336 0.00011459
5 -3.34301 -3.34329 0.000112301
6 -3.34332 -3.34329 9.18074e-05
7 -3.34422 -3.34343 0.00015385
8 -3.34407 -3.34351 0.000155852
9 -3.34438 -3.3436 0.000167922
10 -3.34377 -3.34362 0.000151127
11 -3.34377 -3.34364 0.00013739
12 -3.34438 -3.3437 0.000139846
13 -3.34347 -3.34368 0.00012981
14 -3.34392 -3.3437 0.00012144
15 -3.34377 -3.3437 0.000113169
16 -3.34408 -3.34373 0.00010841
17 -3.34423 -3.34376 0.000106061
18 -3.34317 -3.34372 0.000105096
19 -3.34393 -3.34373 0.000100005
20 -3.34378 -3.34374 9.48998e-05
21 -3.34408 -3.34375 9.17465e-05
22 -3.34408 -3.34377 8.87273e-05
23 -3.34332 -3.34375 8.69671e-05
24 -3.34347 -3.34374 8.40613e-05
25 -3.34332 -3.34372 8.23281e-05
26 -3.34347 -3.34371 7.96662e-05
27 -3.34347 -3.3437 7.71555e-05
28 -3.34378 -3.3437 7.43979e-05
29 -3.34408 -3.34372 7.29284e-05
30 -3.34362 -3.34371 7.0527e-05
31 -3.34332 -3.3437 6.93914e-05
32 -3.34347 -3.34369 6.75702e-05
33 -3.34287 -3.34367 7.00892e-05
34 -3.34227 -3.34363 7.94945e-05
35 -3.34257 -3.3436 8.28698e-05
36 -3.34212 -3.34356 9.04202e-05
37 -3.34196 -3.34351 9.7909e-05
38 -3.34151 -3.34346 0.000108935
39 -3.3412 -3.3434 0.000120851
40 -3.3406 -3.34333 0.000137037
41 -3.34015 -3.34326 0.000154549
42 -3.34076 -3.3432 0.000162121
43 -3.3403 -3.34313 0.000171989
44 -3.34106 -3.34308 0.000174495
45 -3.34091 -3.34303 0.000177288
46 -3.34121 -3.34299 0.000177865
47 -3.34046 -3.34294 0.000182217
48 -3.34091 -3.3429 0.000183316
49 -3.34031 -3.34284 0.000187151
50 -3.34061 -3.3428 0.000188733
51 -3.33985 -3.34274 0.000193797
52 -3.34015 -3.34269 0.000196438
53 -3.33894 -3.34262 0.00020526
54 -3.33909 -3.34256 0.000211753
55 -3.33879 -3.34249 0.000218853
56 -3.33894 -3.34242 0.000224044
57 -3.33879 -3.34236 0.000229121
58 -3.3397 -3.34231 0.000229768
59 -3.3394 -3.34227 0.000231192
60 -3.3397 -3.34222 0.000231292
61 -3.33955 -3.34218 0.00023165
62 -3.3394 -3.34213 0.000232251
63 -3.33895 -3.34208 0.000234072
64 -3.3394 -3.34204 0.000234172
65 -3.3391 -3.342 0.000234952
66 -3.3394 -3.34196 0.000234692
67 -3.33955 -3.34192 0.000233942
68 -3.33849 -3.34187 0.000235935
69 -3.33819 -3.34182 0.000238539
70 -3.33849 -3.34177 0.000239864
71 -3.33955 -3.34174 0.000238523
72 -3.33879 -3.3417 0.000238716
73 -3.33834 -3.34165 0.00023987
74 -3.33683 -3.34159 0.000245416
75 -3.33653 -3.34152 0.000251346
76 -3.33683 -3.34146 0.000255586
77 -3.33698 -3.3414 0.000258869
78 -3.33834 -3.34136 0.000258527
79 -3.33894 -3.34133 0.000257061
80 -3.33955 -3.34131 0.0002548
81 -3.33985 -3.34129 0.000252274
82 -3.34015 -3.34127 0.000249562
83 -3.34121 -3.34127 0.000246538
84 -3.34136 -3.34127 0.000243588
85 -3.34121 -3.34127 0.000240706
86 -3.34076 -3.34127 0.000237966
87 -3.3394 -3.34125 0.000236194
88 -3.3397 -3.34123 0.000234154
89 -3.33955 -3.34121 0.000232276
90 -3.33895 -3.34119 0.000231053
91 -3.3391 -3.34116 0.000229648
92 -3.3394 -3.34114 0.000227943
93 -3.3397 -3.34113 0.000226009
94 -3.3391 -3.34111 0.000224628
95 -3.3394 -3.34109 0.000222973
96 -3.3388 -3.34106 0.000221924
97 -3.33895 -3.34104 0.000220706
98 -3.3394 -3.34103 0.000219087
99 -3.33909 -3.34101 0.000217741
100 -3.33894 -3.34099 0.000216543
