1 -6.65046 -6.65046 0
2 -6.64754 -6.649 0.00145674
3 -6.62974 -6.64258 0.00647608
4 -6.61937 -6.63678 0.00739091
5 -6.60933 -6.63129 0.00793111
6 -6.59929 -6.62595 0.00838883
7 -6.59314 -6.62127 0.00849988
8 -6.58957 -6.6173 0.00835971
9 -6.5873 -6.61397 0.0080914
10 -6.58567 -6.61114 0.00777065
11 -6.58276 -6.60856 0.00748746
12 -6.58179 -6.60633 0.00719003
13 -6.58049 -6.60434 0.00690602
14 -6.57888 -6.60252 0.00664742
15 -6.57953 -6.60099 0.00637546
16 -6.57986 -6.59967 0.00610822
17 -6.57954 -6.59848 0.00585862
18 -6.57792 -6.59734 0.00564049
19 -6.57857 -6.59635 0.00542609
20 -6.57857 -6.59546 0.00522389
21 -6.57663 -6.59457 0.00504923
22 -6.5763 -6.59374 0.00488532
23 -6.57922 -6.59311 0.00471059
24 -6.58019 -6.59257 0.00454207
25 -6.57986 -6.59206 0.00438614
26 -6.57824 -6.59153 0.00424745
27 -6.57792 -6.59102 0.00411808
28 -6.57889 -6.59059 0.00399188
29 -6.58115 -6.59027 0.00386549
30 -6.58245 -6.59 0.00374349
31 -6.58407 -6.58981 0.00362578
32 -6.58342 -6.58961 0.00351633
33 -6.58342 -6.58943 0.00341327
34 -6.58213 -6.58921 0.00331831
35 -6.58051 -6.58896 0.00323169
36 -6.58051 -6.58873 0.0031494
37 -6.58083 -6.58851 0.00307052
38 -6.58148 -6.58833 0.00299435
39 -6.58051 -6.58813 0.00292344
40 -6.57986 -6.58792 0.0028569
41 -6.58083 -6.58775 0.00279171
42 -6.58083 -6.58758 0.0027294
43 -6.58245 -6.58747 0.00266784
44 -6.58537 -6.58742 0.00260694
45 -6.58537 -6.58737 0.00254875
46 -6.58569 -6.58734 0.002493
47 -6.58537 -6.58729 0.00243974
48 -6.58537 -6.58725 0.00238871
49 -6.58602 -6.58723 0.00233959
50 -6.58666 -6.58722 0.00229235
51 -6.58602 -6.58719 0.00224707
52 -6.58342 -6.58712 0.00220463
53 -6.58375 -6.58706 0.00216357
54 -6.58245 -6.58697 0.00212483
55 -6.5844 -6.58693 0.00208637
56 -6.58569 -6.5869 0.00204889
57 -6.58796 -6.58692 0.00201271
58 -6.58504 -6.58689 0.00197797
59 -6.58602 -6.58687 0.00194421
60 -6.58634 -6.58687 0.00191155
61 -6.58602 -6.58685 0.00188001
62 -6.58764 -6.58686 0.00184948
63 -6.58537 -6.58684 0.00182004
64 -6.5844 -6.5868 0.00179178
65 -6.58408 -6.58676 0.0017645
66 -6.58634 -6.58675 0.00173757
67 -6.58505 -6.58673 0.00171163
68 -6.58375 -6.58668 0.00168684
69 -6.58343 -6.58664 0.00166288
70 -6.58213 -6.58657 0.00164022
71 -6.58342 -6.58653 0.00161756
72 -6.58181 -6.58646 0.00159629
73 -6.58181 -6.5864 0.00157556
74 -6.58278 -6.58635 0.00155489
75 -6.58278 -6.5863 0.00153476
76 -6.58148 -6.58624 0.00151576
77 -6.58148 -6.58618 0.00149722
78 -6.58083 -6.58611 0.00147949
79 -6.58083 -6.58604 0.00146216
80 -6.58245 -6.586 0.00144447
81 -6.58213 -6.58595 0.00142732
82 -6.58213 -6.5859 0.00141058
83 -6.58472 -6.58589 0.00139355
84 -6.58246 -6.58585 0.00137747
85 -6.58408 -6.58583 0.00136132
86 -6.5844 -6.58581 0.0013455
87 -6.58343 -6.58578 0.00133023
88 -6.58375 -6.58576 0.00131523
89 -6.58472 -6.58575 0.00130042
90 -6.58278 -6.58572 0.00128631
91 -6.5844 -6.5857 0.00127218
92 -6.58376 -6.58568 0.00125845
93 -6.58343 -6.58566 0.00124508
94 -6.58117 -6.58561 0.00123269
95 -6.58246 -6.58558 0.0012201
96 -6.58214 -6.58554 0.00120785
97 -6.58084 -6.58549 0.00119632
98 -6.58343 -6.58547 0.00118423
99 -6.58246 -6.58544 0.0011726
100 -6.58473 -6.58543 0.00116084
1 -5.95412 -5.95412 0
2 -5.95283 -5.95348 0.000648015
3 -5.9525 -5.95315 0.000495472
4 -5.95056 -5.9525 0.00073722
5 -5.94861 -5.95172 0.000965175
6 -5.94699 -5.95094 0.00111506
7 -5.9457 -5.95019 0.00120354
8 -5.9457 -5.94963 0.0011839
9 -5.94764 -5.9494 0.00106723
10 -5.94667 -5.94913 0.000993071
11 -5.94505 -5.94876 0.000971918
12 -5.94634 -5.94856 0.000909782
13 -5.94796 -5.94851 0.00083813
14 -5.94537 -5.94829 0.00080771
15 -5.94699 -5.9482 0.000756881
16 -5.94732 -5.94815 0.00071015
17 -5.94894 -5.94819 0.000668689
18 -5.94926 -5.94825 0.00063323
19 -5.94926 -5.94831 0.000601329
20 -5.94959 -5.94837 0.00057405
21 -5.95088 -5.94849 0.000558975
22 -5.94991 -5.94855 0.000536853
23 -5.95153 -5.94868 0.000529013
24 -5.95023 -5.94875 0.000510575
25 -5.95152 -5.94886 0.000502157
26 -5.94958 -5.94889 0.000483254
27 -5.95055 -5.94895 0.000469085
28 -5.95023 -5.94899 0.000454324
29 -5.94861 -5.94898 0.000438579
30 -5.94893 -5.94898 0.00042371
31 -5.94861 -5.94897 0.000409987
32 -5.94764 -5.94893 0.000399132
33 -5.94893 -5.94893 0.000386848
34 -5.94829 -5.94891 0.00037577
35 -5.94893 -5.94891 0.000364876
36 -5.94926 -5.94892 0.000354727
37 -5.94796 -5.94889 0.000345978
38 -5.94634 -5.94882 0.000343377
39 -5.94828 -5.94881 0.000334745
40 -5.94828 -5.9488 0.000326535
41 -5.94829 -5.94878 0.000318715
42 -5.94861 -5.94878 0.000311061
43 -5.94894 -5.94878 0.000303762
44 -5.94893 -5.94879 0.000296798
45 -5.94958 -5.94881 0.000290664
46 -5.94958 -5.94882 0.000284774
47 -5.95023 -5.94885 0.000280245
48 -5.94958 -5.94887 0.00027476
49 -5.94861 -5.94886 0.000269148
50 -5.94796 -5.94884 0.00026433
51 -5.94699 -5.94881 0.000261644
52 -5.94601 -5.94875 0.000262122
53 -5.94472 -5.94868 0.000268151
54 -5.94504 -5.94861 0.000271605
55 -5.9431 -5.94851 0.000284815
56 -5.94278 -5.94841 0.00029783
57 -5.94083 -5.94827 0.00032133
58 -5.94051 -5.94814 0.000342963
59 -5.94051 -5.94801 0.000361076
60 -5.94148 -5.9479 0.000371323
61 -5.94277 -5.94782 0.000374737
62 -5.94116 -5.94771 0.000383984
63 -5.94278 -5.94763 0.000385874
64 -5.9431 -5.94756 0.000386342
65 -5.9431 -5.94749 0.000386491
66 -5.94375 -5.94744 0.000384792
67 -5.94407 -5.94739 0.000382313
68 -5.94408 -5.94734 0.000379784
69 -5.94375 -5.94729 0.000377831
70 -5.94375 -5.94724 0.0003758
71 -5.94407 -5.94719 0.000373134
72 -5.94925 -5.94722 0.00036903
73 -5.94893 -5.94724 0.000364693
74 -5.94828 -5.94726 0.000360005
75 -5.94699 -5.94725 0.00035519
76 -5.94861 -5.94727 0.000350939
77 -5.94829 -5.94728 0.000346601
78 -5.94861 -5.9473 0.00034255
79 -5.94958 -5.94733 0.000339415
80 -5.95055 -5.94737 0.00033756
81 -5.9525 -5.94743 0.000339322
82 -5.95347 -5.94751 0.000343142
83 -5.95185 -5.94756 0.000342993
84 -5.9499 -5.94759 0.000340032
85 -5.95055 -5.94762 0.000337811
86 -5.95055 -5.94766 0.000335591
87 -5.94861 -5.94767 0.000331891
88 -5.94828 -5.94767 0.000328173
89 -5.94958 -5.9477 0.000325171
90 -5.95088 -5.94773 0.000323474
91 -5.95088 -5.94777 0.000321762
92 -5.95023 -5.94779 0.00031937
93 -5.9512 -5.94783 0.000318034
94 -5.9512 -5.94786 0.000316668
95 -5.9512 -5.9479 0.000315275
96 -5.95152 -5.94794 0.000314248
97 -5.95152 -5.94797 0.00031318
98 -5.9512 -5.94801 0.00031171
99 -5.95152 -5.94804 0.000310581
100 -5.9512 -5.94807 0.000309076
1 -5.66685 -5.66685 0
2 -5.66588 -5.66636 0.000486056
3 -5.66523 -5.66598 0.00047156
4 -5.66458 -5.66563 0.000484744
5 -5.6649 -5.66548 0.000403091
6 -5.66425 -5.66528 0.000388229
7 -5.66457 -5.66518 0.0003433
8 -5.66619 -5.6653 0.000323246
9 -5.6662 -5.6654 0.000301752
10 -5.6649 -5.66535 0.000274526
11 -5.66555 -5.66537 0.000248969
12 -5.66394 -5.66525 0.000256871
13 -5.66426 -5.66518 0.000248326
14 -5.66491 -5.66516 0.000230709
15 -5.66458 -5.66512 0.000218163
16 -5.66555 -5.66514 0.000205868
17 -5.66717 -5.66526 0.000227102
18 -5.66522 -5.66526 0.000214125
19 -5.66393 -5.66519 0.000214369
20 -5.66263 -5.66506 0.000240297
21 -5.66263 -5.66495 0.000256258
22 -5.66231 -5.66483 0.000272247
23 -5.66295 -5.66475 0.000272599
24 -5.66393 -5.66471 0.000263227
25 -5.66263 -5.66463 0.000265865
26 -5.66328 -5.66458 0.00026066
27 -5.66295 -5.66452 0.000257919
28 -5.66393 -5.6645 0.000249428
29 -5.66425 -5.66449 0.000240821
30 -5.66425 -5.66448 0.000232787
31 -5.66296 -5.66443 0.000230445
32 -5.66425 -5.66442 0.000223197
33 -5.66393 -5.66441 0.000216846
34 -5.6649 -5.66442 0.000210872
35 -5.66652 -5.66448 0.000213366
36 -5.66199 -5.66441 0.000218615
37 -5.66329 -5.66438 0.000214802
38 -5.66296 -5.66435 0.000212393
39 -5.66199 -5.66429 0.00021552
40 -5.66264 -5.66425 0.000214066
41 -5.66231 -5.6642 0.000214028
42 -5.66328 -5.66418 0.000210002
43 -5.66393 -5.66417 0.00020514
44 -5.66328 -5.66415 0.000201443
45 -5.66295 -5.66412 0.000198702
46 -5.66295 -5.6641 0.000195998
47 -5.6636 -5.66409 0.000192077
48 -5.66425 -5.66409 0.000188062
49 -5.66328 -5.66407 0.00018493
50 -5.66522 -5.6641 0.000182645
51 -5.66458 -5.66411 0.000179276
52 -5.66523 -5.66413 0.000177109
53 -5.66458 -5.66414 0.000173946
54 -5.66556 -5.66416 0.000172705
55 -5.66491 -5.66418 0.000170076
56 -5.66394 -5.66417 0.000167066
57 -5.66361 -5.66416 0.000164403
58 -5.66296 -5.66414 0.000162861
59 -5.66393 -5.66414 0.000160116
60 -5.66523 -5.66416 0.000158466
61 -5.66328 -5.66414 0.000156503
62 -5.66328 -5.66413 0.000154583
63 -5.66361 -5.66412 0.000152335
64 -5.66264 -5.6641 0.00015172
65 -5.66166 -5.66406 0.000153984
66 -5.66102 -5.66401 0.000158489
67 -5.66231 -5.66399 0.000158155
68 -5.66555 -5.66401 0.0001575
69 -5.66458 -5.66402 0.000155422
70 -5.66555 -5.66404 0.000154748
71 -5.6675 -5.66409 0.000160129
72 -5.66912 -5.66416 0.000172637
73 -5.66782 -5.66421 0.000177494
74 -5.66685 -5.66425 0.000178677
75 -5.66685 -5.66428 0.000179669
76 -5.66588 -5.6643 0.000178532
77 -5.66394 -5.6643 0.000176262
78 -5.66231 -5.66427 0.000175833
79 -5.66426 -5.66427 0.000173593
80 -5.66458 -5.66427 0.000171453
81 -5.66555 -5.66429 0.000170054
82 -5.6649 -5.6643 0.000168132
83 -5.66425 -5.6643 0.000166095
84 -5.66426 -5.6643 0.000164107
85 -5.66393 -5.66429 0.000162221
86 -5.66555 -5.66431 0.000160993
87 -5.66394 -5.6643 0.000159188
88 -5.66621 -5.66432 0.000158847
89 -5.66653 -5.66435 0.000158995
90 -5.66621 -5.66437 0.000158566
91 -5.6662 -5.66439 0.000158104
92 -5.66685 -5.66442 0.000158646
93 -5.66879 -5.66446 0.000163827
94 -5.66911 -5.66451 0.000169457
95 -5.66879 -5.66456 0.000173601
96 -5.66653 -5.66458 0.000173
97 -5.66523 -5.66459 0.000171339
98 -5.66685 -5.66461 0.000171147
99 -5.66685 -5.66463 0.000170917
100 -5.6675 -5.66466 0.000171611
1 -5.56484 -5.56484 0
2 -5.56387 -5.56436 0.000485525
3 -5.56225 -5.56366 0.000755375
4 -5.5616 -5.56314 0.000740612
5 -5.5616 -5.56283 0.000651146
6 -5.55998 -5.56236 0.000713316
7 -5.55998 -5.56202 0.000691941
8 -5.56063 -5.56184 0.000623944
9 -5.55933 -5.56157 0.000616947
10 -5.55707 -5.56112 0.000711909
11 -5.55836 -5.56087 0.000690879
12 -5.55642 -5.5605 0.000731443
13 -5.55545 -5.56011 0.000776682
14 -5.55286 -5.55959 0.000885904
15 -5.55578 -5.55934 0.000862974
16 -5.55772 -5.55923 0.000813519
17 -5.55902 -5.55922 0.000764276
18 -5.55902 -5.55921 0.000720657
19 -5.55966 -5.55923 0.000682089
20 -5.55837 -5.55919 0.000648529
21 -5.55999 -5.55923 0.000618042
22 -5.56193 -5.55935 0.000601944
23 -5.56161 -5.55945 0.000583477
24 -5.55966 -5.55946 0.000558708
25 -5.55804 -5.5594 0.000538879
26 -5.55869 -5.55938 0.000518458
27 -5.55966 -5.55939 0.000499002
28 -5.56096 -5.55944 0.000484137
29 -5.56096 -5.55949 0.000470082
30 -5.56161 -5.55957 0.000459603
31 -5.56161 -5.55963 0.000449416
32 -5.56097 -5.55967 0.000437139
33 -5.56129 -5.55972 0.000426509
34 -5.56291 -5.55982 0.000424265
35 -5.56388 -5.55993 0.000428033
36 -5.56453 -5.56006 0.000435127
37 -5.56485 -5.56019 0.000442564
38 -5.56355 -5.56028 0.000439762
39 -5.5642 -5.56038 0.000439987
40 -5.56388 -5.56047 0.000437666
41 -5.56258 -5.56052 0.000429962
42 -5.56096 -5.56053 0.000419733
43 -5.56226 -5.56057 0.000411828
44 -5.55935 -5.56054 0.000403314
45 -5.55903 -5.56051 0.000395685
46 -5.5587 -5.56047 0.000388972
47 -5.56032 -5.56046 0.000380619
48 -5.56129 -5.56048 0.000373003
49 -5.56032 -5.56048 0.000365327
50 -5.55967 -5.56046 0.00035831
51 -5.55805 -5.56041 0.000354386
52 -5.55611 -5.56033 0.000357247
53 -5.55772 -5.56028 0.000353878
54 -5.55772 -5.56024 0.000350479
55 -5.5587 -5.56021 0.000345182
56 -5.55838 -5.56017 0.000340537
57 -5.55837 -5.56014 0.000335997
58 -5.56064 -5.56015 0.000330265
59 -5.56031 -5.56015 0.00032463
60 -5.56096 -5.56017 0.000319457
61 -5.55999 -5.56016 0.00031419
62 -5.55934 -5.56015 0.000309366
63 -5.55967 -5.56014 0.000304514
64 -5.55934 -5.56013 0.000299978
65 -5.55838 -5.5601 0.00029656
66 -5.5587 -5.56008 0.000292806
67 -5.55773 -5.56005 0.000290533
68 -5.55935 -5.56004 0.000286414
69 -5.55935 -5.56003 0.000282409
70 -5.56032 -5.56003 0.000278376
71 -5.56032 -5.56004 0.000274458
72 -5.56097 -5.56005 0.00027093
73 -5.56162 -5.56007 0.000268057
74 -5.5613 -5.56009 0.000264928
75 -5.56389 -5.56014 0.000266235
76 -5.5668 -5.56023 0.000276946
77 -5.56647 -5.56031 0.000285118
78 -5.56583 -5.56038 0.000290201
79 -5.56486 -5.56043 0.000292064
80 -5.56551 -5.5605 0.000295281
81 -5.56454 -5.56055 0.000295845
82 -5.56518 -5.5606 0.000297635
83 -5.56324 -5.56064 0.00029574
84 -5.56097 -5.56064 0.000292226
85 -5.56065 -5.56064 0.000288767
86 -5.5613 -5.56065 0.000285491
87 -5.56032 -5.56064 0.000282216
88 -5.56 -5.56064 0.000279087
89 -5.56097 -5.56064 0.000275959
90 -5.56064 -5.56064 0.000272875
91 -5.56 -5.56063 0.000269953
92 -5.56162 -5.56064 0.000267216
93 -5.56129 -5.56065 0.000264419
94 -5.56097 -5.56065 0.000261614
95 -5.56033 -5.56065 0.000258868
96 -5.56194 -5.56066 0.000256512
97 -5.56097 -5.56067 0.000253874
98 -5.5613 -5.56067 0.000251352
99 -5.56259 -5.56069 0.000249554
100 -5.56194 -5.56071 0.000247363
1 -5.52355 -5.52355 0
2 -5.52096 -5.52225 0.00129574
3 -5.52354 -5.52268 0.000863448
4 -5.52419 -5.52306 0.000717766
5 -5.52387 -5.52322 0.000578957
6 -5.52354 -5.52328 0.000475758
7 -5.52322 -5.52327 0.000402163
8 -5.5229 -5.52322 0.000351345
9 -5.52193 -5.52308 0.000341581
10 -5.51869 -5.52264 0.000534586
11 -5.51966 -5.52237 0.000554072
12 -5.51643 -5.52187 0.000707893
13 -5.51869 -5.52163 0.000695617
14 -5.51966 -5.52149 0.00065914
15 -5.51999 -5.52139 0.000621744
16 -5.52063 -5.52134 0.0005835
17 -5.52063 -5.5213 0.000549695
18 -5.5203 -5.52124 0.000521195
19 -5.52062 -5.52121 0.000494077
20 -5.52257 -5.52128 0.000473592
21 -5.52451 -5.52143 0.000475998
22 -5.52321 -5.52151 0.000461005
23 -5.52127 -5.5215 0.000440631
24 -5.52289 -5.52156 0.00042582
25 -5.52192 -5.52158 0.000408686
26 -5.52127 -5.52156 0.000392823
27 -5.5216 -5.52156 0.000377996
28 -5.52095 -5.52154 0.000364898
29 -5.52096 -5.52152 0.000352671
30 -5.51934 -5.52145 0.000348414
31 -5.51934 -5.52138 0.000343798
32 -5.51869 -5.5213 0.000343331
33 -5.51966 -5.52125 0.000336432
34 -5.52096 -5.52124 0.0003265
35 -5.52225 -5.52127 0.000318348
36 -5.52322 -5.52132 0.000314105
37 -5.52258 -5.52136 0.000307369
38 -5.52161 -5.52136 0.000299242
39 -5.52258 -5.52139 0.000293128
40 -5.52323 -5.52144 0.000289352
41 -5.52258 -5.52147 0.000283564
42 -5.52031 -5.52144 0.000278099
43 -5.51934 -5.52139 0.000275919
44 -5.51966 -5.52135 0.00027243
45 -5.51966 -5.52131 0.000268958
46 -5.51901 -5.52126 0.000267781
47 -5.51868 -5.52121 0.000267719
48 -5.51901 -5.52116 0.000266074
49 -5.51997 -5.52114 0.000261714
50 -5.519 -5.5211 0.00025996
51 -5.51965 -5.52107 0.000256382
52 -5.51933 -5.52103 0.000253619
53 -5.51933 -5.521 0.000250858
54 -5.52192 -5.52102 0.000246756
55 -5.52289 -5.52105 0.00024461
56 -5.52224 -5.52107 0.000241139
57 -5.5203 -5.52106 0.000237262
58 -5.52192 -5.52108 0.000233604
59 -5.52289 -5.52111 0.000231665
60 -5.5216 -5.52112 0.000227917
61 -5.5216 -5.52112 0.000224289
62 -5.5203 -5.52111 0.000221039
63 -5.52225 -5.52113 0.000218248
64 -5.52322 -5.52116 0.000217278
65 -5.52225 -5.52118 0.000214561
66 -5.52192 -5.52119 0.000211589
67 -5.52128 -5.52119 0.000208411
68 -5.52063 -5.52118 0.000205486
69 -5.51901 -5.52115 0.000204907
70 -5.51934 -5.52112 0.000203609
71 -5.51901 -5.52109 0.000202909
72 -5.51772 -5.52105 0.000205491
73 -5.51934 -5.52102 0.000204009
74 -5.51966 -5.52101 0.000202079
75 -5.51771 -5.52096 0.000204138
76 -5.51804 -5.52092 0.000205073
77 -5.51707 -5.52087 0.000208496
78 -5.51868 -5.52085 0.000207709
79 -5.51771 -5.52081 0.000208859
80 -5.51933 -5.52079 0.000207051
81 -5.52063 -5.52079 0.000204488
82 -5.51869 -5.52076 0.000203593
83 -5.51933 -5.52074 0.000201856
84 -5.51966 -5.52073 0.000199856
85 -5.52128 -5.52074 0.000197595
86 -5.52192 -5.52075 0.00019577
87 -5.52354 -5.52078 0.000196148
88 -5.52483 -5.52083 0.000199298
89 -5.52289 -5.52085 0.000198404
90 -5.52321 -5.52088 0.000197936
91 -5.52289 -5.5209 0.000196994
92 -5.52289 -5.52092 0.000196041
93 -5.52354 -5.52095 0.000195952
94 -5.52192 -5.52096 0.00019413
95 -5.5216 -5.52097 0.000192192
96 -5.52159 -5.52097 0.000190292
97 -5.52321 -5.521 0.000189731
98 -5.52418 -5.52103 0.000190581
99 -5.52354 -5.52105 0.000190339
100 -5.52257 -5.52107 0.000189032
1 -5.47887 -5.47887 0
2 -5.47984 -5.47936 0.000485071
3 -5.48081 -5.47984 0.000560052
4 -5.48049 -5.48001 0.000427596
5 -5.48114 -5.48023 0.000400996
6 -5.48178 -5.48049 0.000417195
7 -5.48016 -5.48044 0.000355684
8 -5.47887 -5.48025 0.000365727
9 -5.47725 -5.47991 0.000463928
10 -5.4766 -5.47958 0.000531153
11 -5.48048 -5.47966 0.000487379
12 -5.48113 -5.47979 0.00046141
13 -5.47822 -5.47967 0.000441196
14 -5.47725 -5.47949 0.000443413
15 -5.4779 -5.47939 0.00042623
16 -5.47985 -5.47942 0.000399732
17 -5.47952 -5.47942 0.000375535
18 -5.4779 -5.47934 0.000363958
19 -5.47725 -5.47923 0.000361298
20 -5.47725 -5.47913 0.000356668
21 -5.47628 -5.47899 0.000365354
22 -5.47693 -5.4789 0.000360762
23 -5.47466 -5.47872 0.00039087
24 -5.47369 -5.47851 0.000428833
25 -5.47498 -5.47837 0.000434778
26 -5.47531 -5.47825 0.000433983
27 -5.47563 -5.47815 0.000428725
28 -5.47595 -5.47807 0.000420542
29 -5.47498 -5.47797 0.000419563
30 -5.47692 -5.47793 0.000406826
31 -5.4766 -5.47789 0.000395821
32 -5.4766 -5.47785 0.000385363
33 -5.47725 -5.47783 0.000373945
34 -5.4779 -5.47783 0.000362786
35 -5.47887 -5.47786 0.000353515
36 -5.47952 -5.47791 0.000346629
37 -5.47984 -5.47796 0.000341174
38 -5.48082 -5.47803 0.000340483
39 -5.48179 -5.47813 0.000345333
40 -5.48017 -5.47818 0.000340432
41 -5.47888 -5.4782 0.000332456
42 -5.47855 -5.47821 0.000324553
43 -5.47887 -5.47822 0.000317294
44 -5.48243 -5.47832 0.000324442
45 -5.48211 -5.4784 0.000328148
46 -5.48081 -5.47845 0.000325187
47 -5.48114 -5.47851 0.000323265
48 -5.48178 -5.47858 0.000323708
49 -5.48211 -5.47865 0.000325101
50 -5.48211 -5.47872 0.000325942
51 -5.48146 -5.47877 0.00032397
52 -5.48114 -5.47882 0.000320912
53 -5.47952 -5.47883 0.000315075
54 -5.47823 -5.47882 0.000309389
55 -5.47758 -5.4788 0.000304549
56 -5.47888 -5.4788 0.000299064
57 -5.47726 -5.47877 0.000295006
58 -5.47694 -5.47874 0.000291595
59 -5.47726 -5.47872 0.000287706
60 -5.47629 -5.47868 0.000285753
61 -5.47725 -5.47865 0.000281995
62 -5.47822 -5.47865 0.000277496
63 -5.47822 -5.47864 0.000273138
64 -5.47693 -5.47861 0.000270168
65 -5.47692 -5.47859 0.000267244
66 -5.47563 -5.47854 0.000266946
67 -5.47563 -5.4785 0.000266495
68 -5.47725 -5.47848 0.000263183
69 -5.48049 -5.47851 0.000260977
70 -5.47985 -5.47853 0.000257931
71 -5.48049 -5.47856 0.000255775
72 -5.47855 -5.47856 0.000252198
73 -5.4779 -5.47855 0.00024888
74 -5.47629 -5.47852 0.000247387
75 -5.47629 -5.47849 0.000245872
76 -5.47726 -5.47847 0.000243154
77 -5.47823 -5.47847 0.000239996
78 -5.47855 -5.47847 0.000236902
79 -5.47629 -5.47844 0.000235507
80 -5.47531 -5.4784 0.000235807
81 -5.47531 -5.47836 0.00023598
82 -5.4766 -5.47834 0.000234072
83 -5.47725 -5.47833 0.000231609
84 -5.47822 -5.47833 0.000228838
85 -5.47661 -5.47831 0.000227033
86 -5.47693 -5.47829 0.000224945
87 -5.47791 -5.47829 0.000222389
88 -5.47888 -5.47829 0.00021995
89 -5.47629 -5.47827 0.000218626
90 -5.47726 -5.47826 0.000216475
91 -5.47759 -5.47825 0.000214211
92 -5.47758 -5.47825 0.000211996
93 -5.47984 -5.47826 0.000210407
94 -5.48017 -5.47828 0.000209139
95 -5.48114 -5.47831 0.000209094
96 -5.48114 -5.47834 0.000208984
97 -5.48017 -5.47836 0.00020767
98 -5.48049 -5.47838 0.000206687
99 -5.4792 -5.47839 0.000204754
100 -5.47855 -5.47839 0.000202702
1 -5.50994 -5.50994 0
2 -5.5093 -5.50962 0.000324124
3 -5.50573 -5.50833 0.00130924
4 -5.50735 -5.50808 0.000957112
5 -5.50994 -5.50845 0.000829557
6 -5.50962 -5.50865 0.000704561
7 -5.51059 -5.50893 0.000656879
8 -5.50994 -5.50905 0.000582905
9 -5.51092 -5.50926 0.000554185
10 -5.51189 -5.50952 0.000560957
11 -5.50962 -5.50953 0.000507482
12 -5.50865 -5.50946 0.000469075
13 -5.508 -5.50935 0.000445786
14 -5.50638 -5.50913 0.00046385
15 -5.50703 -5.50899 0.000454067
16 -5.50865 -5.50897 0.000425296
17 -5.50962 -5.50901 0.000401289
18 -5.50897 -5.50901 0.000378346
19 -5.51058 -5.50909 0.000367385
20 -5.5122 -5.50925 0.000381725
21 -5.51415 -5.50948 0.000431666
22 -5.51318 -5.50965 0.000444585
23 -5.51285 -5.50979 0.000447119
24 -5.51156 -5.50986 0.000434417
25 -5.51091 -5.5099 0.000418802
26 -5.51221 -5.50999 0.000412052
27 -5.51448 -5.51016 0.000429912
28 -5.51319 -5.51027 0.000428152
29 -5.51189 -5.51032 0.000416906
30 -5.51221 -5.51039 0.000407676
31 -5.51156 -5.51042 0.000396135
32 -5.50962 -5.5104 0.000384377
33 -5.51156 -5.51043 0.00037421
34 -5.51124 -5.51046 0.000363805
35 -5.50994 -5.51044 0.000353566
36 -5.50897 -5.5104 0.000346035
37 -5.51026 -5.5104 0.000336573
38 -5.51027 -5.51039 0.000327615
39 -5.51059 -5.5104 0.000319143
40 -5.50897 -5.51036 0.000313108
41 -5.50929 -5.51034 0.000306488
42 -5.50897 -5.5103 0.000300872
43 -5.51026 -5.5103 0.000293793
44 -5.51026 -5.5103 0.00028704
45 -5.50961 -5.51029 0.000281006
46 -5.50961 -5.51027 0.00027522
47 -5.51188 -5.51031 0.000271457
48 -5.51123 -5.51033 0.000266437
49 -5.51091 -5.51034 0.00026121
50 -5.51026 -5.51034 0.000255938
51 -5.51156 -5.51036 0.000252005
52 -5.51026 -5.51036 0.000247118
53 -5.51188 -5.51039 0.00024411
54 -5.51091 -5.5104 0.000239745
55 -5.51318 -5.51045 0.000240728
56 -5.51253 -5.51048 0.000239305
57 -5.51091 -5.51049 0.000235188
58 -5.51026 -5.51049 0.000231132
59 -5.50929 -5.51047 0.000228083
60 -5.50994 -5.51046 0.000224423
61 -5.50864 -5.51043 0.000222714
62 -5.50767 -5.51038 0.000223562
63 -5.5067 -5.51033 0.000227631
64 -5.5067 -5.51027 0.000231097
65 -5.50541 -5.51019 0.000239507
66 -5.50638 -5.51014 0.000242841
67 -5.508 -5.51011 0.000241313
68 -5.508 -5.51007 0.000239752
69 -5.50735 -5.51003 0.000239529
70 -5.50605 -5.50998 0.00024284
71 -5.50735 -5.50994 0.000242243
72 -5.50476 -5.50987 0.000249473
73 -5.50605 -5.50982 0.000251533
74 -5.5067 -5.50977 0.000251669
75 -5.50799 -5.50975 0.000249429
76 -5.51058 -5.50976 0.000246365
77 -5.51025 -5.50977 0.000243229
78 -5.50864 -5.50975 0.000240527
79 -5.50702 -5.50972 0.000239971
80 -5.50734 -5.50969 0.000238803
81 -5.5067 -5.50965 0.000238709
82 -5.50735 -5.50962 0.000237451
83 -5.50994 -5.50963 0.000234603
84 -5.51123 -5.50965 0.000232578
85 -5.51123 -5.50967 0.000230581
86 -5.51058 -5.50968 0.000228134
87 -5.5122 -5.50971 0.00022736
88 -5.5135 -5.50975 0.000228858
89 -5.51609 -5.50982 0.000237219
90 -5.51415 -5.50987 0.000239444
91 -5.51447 -5.50992 0.000242138
92 -5.51382 -5.50996 0.000243218
93 -5.51317 -5.51 0.000243051
94 -5.51252 -5.51002 0.000241947
95 -5.51122 -5.51003 0.000239721
96 -5.5109 -5.51004 0.000237382
97 -5.50831 -5.51003 0.0002356
98 -5.50799 -5.51 0.000234109
99 -5.50734 -5.50998 0.000233285
100 -5.50929 -5.50997 0.000231042
1 -5.48599 -5.48599 0
2 -5.48535 -5.48567 0.000323847
3 -5.48535 -5.48556 0.00021589
4 -5.48534 -5.48551 0.000162002
5 -5.48632 -5.48567 0.000204652
6 -5.48534 -5.48561 0.000175644
7 -5.4847 -5.48548 0.000198106
8 -5.4847 -5.48539 0.000197743
9 -5.48373 -5.4852 0.00025364
10 -5.48567 -5.48525 0.000231644
11 -5.48534 -5.48526 0.000209709
12 -5.48567 -5.48529 0.00019444
13 -5.48858 -5.48554 0.000309684
14 -5.49149 -5.48597 0.00051254
15 -5.4902 -5.48625 0.000554217
16 -5.4902 -5.4865 0.000574139
17 -5.4889 -5.48664 0.000557572
18 -5.48729 -5.48667 0.000526913
19 -5.48696 -5.48669 0.000498643
20 -5.48632 -5.48667 0.000473421
21 -5.48664 -5.48667 0.000450316
22 -5.48567 -5.48662 0.000431775
23 -5.48825 -5.48669 0.000418612
24 -5.48825 -5.48676 0.000405999
25 -5.4876 -5.48679 0.000390882
26 -5.48663 -5.48679 0.000375597
27 -5.48664 -5.48678 0.000361461
28 -5.48567 -5.48674 0.000350575
29 -5.4847 -5.48667 0.000345533
30 -5.48599 -5.48665 0.000334581
31 -5.4847 -5.48659 0.000329676
32 -5.48534 -5.48655 0.000321566
33 -5.48664 -5.48655 0.00031168
34 -5.48696 -5.48656 0.000302613
35 -5.48599 -5.48655 0.000294297
36 -5.48631 -5.48654 0.000286078
37 -5.48534 -5.48651 0.00028011
38 -5.48696 -5.48652 0.000272904
39 -5.48696 -5.48653 0.000266059
40 -5.48664 -5.48653 0.000259338
41 -5.48665 -5.48654 0.000252949
42 -5.48729 -5.48655 0.000247511
43 -5.48956 -5.48662 0.000251591
44 -5.48826 -5.48666 0.000248618
45 -5.48859 -5.4867 0.000246772
46 -5.48956 -5.48677 0.00024919
47 -5.49053 -5.48685 0.000256636
48 -5.4902 -5.48692 0.000260793
49 -5.48891 -5.48696 0.000258638
50 -5.49085 -5.48703 0.000265117
51 -5.48923 -5.48708 0.000263422
52 -5.48729 -5.48708 0.000258339
53 -5.48956 -5.48713 0.000257693
54 -5.48891 -5.48716 0.00025502
55 -5.48923 -5.4872 0.000253161
56 -5.48794 -5.48721 0.000248948
57 -5.48664 -5.4872 0.000244745
58 -5.48826 -5.48722 0.000241179
59 -5.48761 -5.48723 0.000237149
60 -5.48728 -5.48723 0.000233165
61 -5.48793 -5.48724 0.000229599
62 -5.48955 -5.48728 0.000228918
63 -5.48923 -5.48731 0.000227375
64 -5.48858 -5.48733 0.000224677
65 -5.48955 -5.48736 0.000223831
66 -5.48826 -5.48738 0.000220834
67 -5.49053 -5.48742 0.000222547
68 -5.48891 -5.48744 0.000220337
69 -5.48858 -5.48746 0.000217747
70 -5.48891 -5.48748 0.000215608
71 -5.48891 -5.4875 0.000213498
72 -5.48826 -5.48751 0.000210776
73 -5.48891 -5.48753 0.000208751
74 -5.48827 -5.48754 0.000206149
75 -5.48729 -5.48754 0.000203408
76 -5.4873 -5.48753 0.000200739
77 -5.48762 -5.48754 0.000198118
78 -5.49021 -5.48757 0.000198543
79 -5.48859 -5.48758 0.000196437
80 -5.48924 -5.4876 0.000195064
81 -5.48923 -5.48762 0.000193689
82 -5.48891 -5.48764 0.00019195
83 -5.49052 -5.48767 0.000192779
84 -5.48987 -5.4877 0.00019226
85 -5.4902 -5.48773 0.000192241
86 -5.49149 -5.48777 0.000194968
87 -5.48955 -5.48779 0.000193796
88 -5.4915 -5.48784 0.000196149
89 -5.49182 -5.48788 0.000199037
90 -5.4902 -5.48791 0.000198498
91 -5.4902 -5.48793 0.000197921
92 -5.48891 -5.48794 0.000196044
93 -5.48696 -5.48793 0.000194211
94 -5.48534 -5.4879 0.000194097
95 -5.48567 -5.48788 0.000193483
96 -5.48567 -5.48786 0.000192841
97 -5.48502 -5.48783 0.000193073
98 -5.48405 -5.48779 0.00019495
99 -5.48437 -5.48776 0.000196039
100 -5.48307 -5.48771 0.000199636
1 -5.45738 -5.45738 0
2 -5.45835 -5.45786 0.000485315
3 -5.459 -5.45824 0.000470525
4 -5.459 -5.45843 0.000382769
5 -5.46094 -5.45893 0.000583235
6 -5.45997 -5.4591 0.000506713
7 -5.459 -5.45909 0.000428516
8 -5.4577 -5.45892 0.00040956
9 -5.45997 -5.45903 0.000379677
10 -5.46029 -5.45916 0.000362202
11 -5.45867 -5.45911 0.00033058
12 -5.45932 -5.45913 0.000302267
13 -5.45835 -5.45907 0.000284484
14 -5.459 -5.45907 0.000263436
15 -5.46094 -5.45919 0.000275172
16 -5.45964 -5.45922 0.000258934
17 -5.46191 -5.45938 0.000290131
18 -5.46061 -5.45945 0.000282025
19 -5.45965 -5.45946 0.000266975
20 -5.46159 -5.45956 0.000274788
21 -5.46256 -5.45971 0.000297843
22 -5.46127 -5.45978 0.000292713
23 -5.46256 -5.4599 0.000304782
24 -5.46224 -5.46 0.000307665
25 -5.46094 -5.46003 0.00029752
26 -5.46029 -5.46004 0.000286022
27 -5.46062 -5.46006 0.000276039
28 -5.45932 -5.46004 0.000267319
29 -5.45932 -5.46001 0.000259114
30 -5.45803 -5.45995 0.000258937
31 -5.459 -5.45992 0.000252314
32 -5.45705 -5.45983 0.000260173
33 -5.4577 -5.45976 0.000260278
34 -5.45867 -5.45973 0.000254539
35 -5.46126 -5.45977 0.000251001
36 -5.46353 -5.45988 0.00026526
37 -5.46385 -5.45999 0.000279442
38 -5.46418 -5.4601 0.000293487
39 -5.46256 -5.46016 0.000292749
40 -5.46256 -5.46022 0.000291577
41 -5.46094 -5.46024 0.000284921
42 -5.46224 -5.46028 0.000282102
43 -5.46224 -5.46033 0.000279179
44 -5.46062 -5.46034 0.000272838
45 -5.46159 -5.46036 0.000268152
46 -5.46062 -5.46037 0.000262315
47 -5.45932 -5.46035 0.000257647
48 -5.45899 -5.46032 0.000253793
49 -5.45867 -5.46029 0.000250824
50 -5.45673 -5.46021 0.000255844
51 -5.45738 -5.46016 0.000256873
52 -5.45835 -5.46012 0.000254282
53 -5.46094 -5.46014 0.000249909
54 -5.46061 -5.46015 0.000245394
55 -5.46158 -5.46017 0.0002423
56 -5.46417 -5.46025 0.000248419
57 -5.46288 -5.46029 0.000248357
58 -5.46288 -5.46034 0.000248086
59 -5.46126 -5.46035 0.00024435
60 -5.46288 -5.46039 0.000243916
61 -5.46256 -5.46043 0.000242495
62 -5.46029 -5.46043 0.000238562
63 -5.46062 -5.46043 0.000234764
64 -5.45997 -5.46042 0.000231179
65 -5.46191 -5.46045 0.000228738
66 -5.46093 -5.46045 0.000225367
67 -5.46028 -5.46045 0.000221992
68 -5.4619 -5.46047 0.000219743
69 -5.46061 -5.46047 0.000216544
70 -5.46093 -5.46048 0.000213528
71 -5.46255 -5.46051 0.000212515
72 -5.46223 -5.46053 0.000210904
73 -5.4645 -5.46059 0.000214977
74 -5.46386 -5.46063 0.000216605
75 -5.46224 -5.46065 0.000214772
76 -5.46192 -5.46067 0.000212579
77 -5.46289 -5.4607 0.000211769
78 -5.46062 -5.4607 0.000209039
79 -5.45997 -5.46069 0.000206584
80 -5.45932 -5.46067 0.000204706
81 -5.46126 -5.46068 0.000202292
82 -5.46061 -5.46068 0.000199811
83 -5.46126 -5.46069 0.000197512
84 -5.46029 -5.46068 0.000195205
85 -5.46093 -5.46068 0.000192918
86 -5.46126 -5.46069 0.000190779
87 -5.46158 -5.4607 0.000188853
88 -5.46385 -5.46074 0.000190092
89 -5.46126 -5.46074 0.000188035
90 -5.46061 -5.46074 0.00018594
91 -5.46028 -5.46074 0.000183954
92 -5.45834 -5.46071 0.000183799
93 -5.45931 -5.46069 0.000182433
94 -5.45963 -5.46068 0.000180833
95 -5.4606 -5.46068 0.000178921
96 -5.46157 -5.46069 0.000177292
97 -5.46125 -5.4607 0.000175549
98 -5.4619 -5.46071 0.000174182
99 -5.46223 -5.46072 0.000173092
100 -5.46125 -5.46073 0.000171434
1 -5.35762 -5.35762 0
2 -5.3573 -5.35746 0.000161402
3 -5.35827 -5.35773 0.000285376
4 -5.35859 -5.35794 0.000295536
5 -5.35665 -5.35769 0.000345781
6 -5.35827 -5.35778 0.000298518
7 -5.35794 -5.35781 0.000253343
8 -5.35924 -5.35798 0.000283165
9 -5.35924 -5.35812 0.000285823
10 -5.35859 -5.35817 0.000259859
11 -5.35827 -5.35818 0.000235216
12 -5.35762 -5.35813 0.000219723
13 -5.35665 -5.35802 0.000232184
14 -5.35859 -5.35806 0.000218798
15 -5.35891 -5.35812 0.000211478
16 -5.35859 -5.35814 0.000200003
17 -5.35729 -5.35809 0.000194471
18 -5.35761 -5.35807 0.000185278
19 -5.35794 -5.35806 0.000175384
20 -5.35988 -5.35815 0.000189703
21 -5.36215 -5.35834 0.00026239
22 -5.36151 -5.35849 0.000288585
23 -5.36183 -5.35863 0.000311804
24 -5.36054 -5.35871 0.000308921
25 -5.36119 -5.35881 0.000312407
26 -5.36054 -5.35888 0.000307414
27 -5.35989 -5.35891 0.000298178
28 -5.35892 -5.35891 0.000287331
29 -5.35859 -5.3589 0.000277468
30 -5.35794 -5.35887 0.000269966
31 -5.35891 -5.35887 0.000261115
32 -5.35956 -5.35889 0.000253725
33 -5.35729 -5.35885 0.000250688
34 -5.35632 -5.35877 0.000254316
35 -5.35664 -5.35871 0.000254321
36 -5.35438 -5.35859 0.000274888
37 -5.35308 -5.35844 0.000305994
38 -5.35438 -5.35833 0.00031647
39 -5.35632 -5.35828 0.000312562
40 -5.35664 -5.35824 0.000307403
41 -5.35988 -5.35828 0.000302458
42 -5.35794 -5.35827 0.000295281
43 -5.35762 -5.35826 0.000288736
44 -5.35568 -5.3582 0.000288128
45 -5.35341 -5.35809 0.000301068
46 -5.35147 -5.35795 0.000327752
47 -5.35147 -5.35781 0.000349061
48 -5.35115 -5.35767 0.000368839
49 -5.35147 -5.35755 0.000382789
50 -5.35438 -5.35748 0.00038037
51 -5.3534 -5.3574 0.000381313
52 -5.35632 -5.35738 0.000374491
53 -5.35729 -5.35738 0.000367362
54 -5.35858 -5.3574 0.000361182
55 -5.35858 -5.35742 0.000355206
56 -5.35761 -5.35743 0.000348822
57 -5.35924 -5.35746 0.000344113
58 -5.35794 -5.35747 0.00033823
59 -5.35827 -5.35748 0.000332723
60 -5.35924 -5.35751 0.000328439
61 -5.35827 -5.35752 0.000323248
62 -5.35632 -5.3575 0.000318579
63 -5.35794 -5.35751 0.000313559
64 -5.35762 -5.35751 0.000308625
65 -5.35762 -5.35751 0.000303845
66 -5.35763 -5.35752 0.000299211
67 -5.3573 -5.35751 0.000294728
68 -5.35503 -5.35748 0.00029264
69 -5.35406 -5.35743 0.000292589
70 -5.35244 -5.35735 0.000297056
71 -5.35211 -5.35728 0.000302019
72 -5.35405 -5.35724 0.000301157
73 -5.35308 -5.35718 0.000302414
74 -5.35308 -5.35712 0.000303397
75 -5.35308 -5.35707 0.000304134
76 -5.35244 -5.35701 0.000306229
77 -5.35244 -5.35695 0.00030799
78 -5.35309 -5.3569 0.000308013
79 -5.35406 -5.35686 0.000306202
80 -5.35406 -5.35683 0.00030437
81 -5.3518 -5.35677 0.000306939
82 -5.35309 -5.35672 0.000306466
83 -5.35342 -5.35668 0.000305361
84 -5.35406 -5.35665 0.000303311
85 -5.35471 -5.35663 0.00030059
86 -5.35374 -5.35659 0.000298972
87 -5.35406 -5.35657 0.000296952
88 -5.35276 -5.35652 0.00029673
89 -5.35405 -5.35649 0.000294687
90 -5.35438 -5.35647 0.000292342
91 -5.35309 -5.35643 0.000291496
92 -5.35406 -5.35641 0.000289462
93 -5.35406 -5.35638 0.000287441
94 -5.35569 -5.35638 0.000284464
95 -5.35828 -5.3564 0.000282164
96 -5.35795 -5.35641 0.000279679
97 -5.36022 -5.35645 0.000279547
98 -5.36054 -5.35649 0.000279805
99 -5.36248 -5.35655 0.000283486
100 -5.36312 -5.35662 0.000288229
1 -5.55058 -5.55058 0
2 -5.55058 -5.55058 6.22291e-07
3 -5.54767 -5.54961 0.000970803
4 -5.54897 -5.54945 0.000705123
5 -5.548 -5.54916 0.000618805
6 -5.54702 -5.54881 0.00061819
7 -5.54735 -5.5486 0.000562457
8 -5.54702 -5.5484 0.000525334
9 -5.54573 -5.5481 0.00055035
10 -5.54476 -5.54777 0.000595272
11 -5.54411 -5.54744 0.000632969
12 -5.54249 -5.54702 0.000709823
13 -5.54378 -5.54677 0.000698921
14 -5.54605 -5.54672 0.000649146
15 -5.54572 -5.54666 0.000607978
16 -5.5454 -5.54658 0.000574098
17 -5.5454 -5.54651 0.000543698
18 -5.54249 -5.54628 0.000559167
19 -5.54216 -5.54607 0.000571675
20 -5.54249 -5.54589 0.00057113
21 -5.54152 -5.54568 0.000581796
22 -5.54217 -5.54552 0.000577271
23 -5.54152 -5.54535 0.000578385
24 -5.54476 -5.54532 0.000554305
25 -5.54605 -5.54535 0.000532476
26 -5.54314 -5.54527 0.0005186
27 -5.54282 -5.54518 0.000507203
28 -5.54314 -5.5451 0.000494138
29 -5.54411 -5.54507 0.000478022
30 -5.54605 -5.5451 0.000462974
31 -5.54476 -5.54509 0.000447929
32 -5.54346 -5.54504 0.000436688
33 -5.54378 -5.545 0.000424957
34 -5.54411 -5.54497 0.000413106
35 -5.54443 -5.54496 0.000401428
36 -5.54475 -5.54495 0.000390159
37 -5.54573 -5.54497 0.000380043
38 -5.5454 -5.54499 0.000370077
39 -5.54443 -5.54497 0.000360745
40 -5.54572 -5.54499 0.000352115
41 -5.54605 -5.54502 0.000344392
42 -5.54444 -5.545 0.000336376
43 -5.54379 -5.54497 0.000329667
44 -5.54509 -5.54498 0.000322097
45 -5.5467 -5.54502 0.000317191
46 -5.54541 -5.54502 0.000310336
47 -5.54476 -5.54502 0.000303714
48 -5.54314 -5.54498 0.000299889
49 -5.54022 -5.54488 0.000309339
50 -5.54054 -5.54479 0.000315265
51 -5.54346 -5.54477 0.000310129
52 -5.54346 -5.54474 0.000305146
53 -5.54119 -5.54468 0.000306731
54 -5.54411 -5.54467 0.000301179
55 -5.54379 -5.54465 0.00029608
56 -5.54153 -5.54459 0.000296046
57 -5.54347 -5.54457 0.000291474
58 -5.54542 -5.54459 0.000286772
59 -5.54607 -5.54461 0.000282977
60 -5.54574 -5.54463 0.000278855
61 -5.54574 -5.54465 0.000274843
62 -5.54703 -5.54469 0.000273083
63 -5.54541 -5.5447 0.000268956
64 -5.54347 -5.54468 0.00026542
65 -5.54509 -5.54469 0.000261379
66 -5.54476 -5.54469 0.000257391
67 -5.54509 -5.5447 0.000253589
68 -5.54476 -5.5447 0.000249834
69 -5.54314 -5.54467 0.000247212
70 -5.54412 -5.54467 0.000243784
71 -5.54509 -5.54467 0.000240401
72 -5.54542 -5.54468 0.000237263
73 -5.54542 -5.54469 0.000234208
74 -5.54769 -5.54473 0.000234539
75 -5.54769 -5.54477 0.000234723
76 -5.54607 -5.54479 0.000232244
77 -5.54607 -5.54481 0.000229812
78 -5.54639 -5.54483 0.000227759
79 -5.54607 -5.54484 0.000225407
80 -5.54736 -5.54487 0.000224788
81 -5.54736 -5.5449 0.000224106
82 -5.54638 -5.54492 0.000222091
83 -5.54638 -5.54494 0.000220104
84 -5.54574 -5.54495 0.000217674
85 -5.54412 -5.54494 0.000215319
86 -5.54412 -5.54493 0.000213013
87 -5.54347 -5.54491 0.000211214
88 -5.5438 -5.5449 0.000209183
89 -5.54542 -5.54491 0.000206901
90 -5.54509 -5.54491 0.000204599
91 -5.54638 -5.54492 0.000202988
92 -5.54541 -5.54493 0.000200839
93 -5.54703 -5.54495 0.000199948
94 -5.54509 -5.54495 0.000197815
95 -5.54282 -5.54493 0.000197006
96 -5.54347 -5.54492 0.000195539
97 -5.54476 -5.54491 0.000193519
98 -5.54541 -5.54492 0.000191601
99 -5.54379 -5.54491 0.00019
100 -5.54347 -5.54489 0.000188643
1 -5.45497 -5.45497 0
2 -5.45465 -5.45481 0.000162331
3 -5.45465 -5.45475 0.00010838
4 -5.45594 -5.45505 0.000306111
5 -5.45659 -5.45536 0.000387994
6 -5.45367 -5.45508 0.000423425
7 -5.45302 -5.45478 0.000462622
8 -5.45205 -5.45444 0.000526351
9 -5.45173 -5.45414 0.000553459
10 -5.45043 -5.45377 0.000618474
11 -5.4514 -5.45356 0.00059938
12 -5.4514 -5.45338 0.000575784
13 -5.44979 -5.4531 0.000597338
14 -5.45108 -5.45296 0.000571538
15 -5.4527 -5.45294 0.000532347
16 -5.45367 -5.45298 0.00050006
17 -5.45529 -5.45312 0.000488896
18 -5.45756 -5.45337 0.000522706
19 -5.45691 -5.45355 0.000528409
20 -5.45691 -5.45372 0.000528655
21 -5.45724 -5.45389 0.000529997
22 -5.45983 -5.45416 0.000572957
23 -5.45918 -5.45438 0.000589474
24 -5.45919 -5.45458 0.000598908
25 -5.45789 -5.45471 0.00058954
26 -5.45627 -5.45477 0.000569581
27 -5.45368 -5.45473 0.000549568
28 -5.45271 -5.45466 0.000534482
29 -5.45303 -5.4546 0.000518771
30 -5.45206 -5.45452 0.000508309
31 -5.4514 -5.45442 0.000501778
32 -5.45237 -5.45435 0.000490016
33 -5.45205 -5.45428 0.000480039
34 -5.45172 -5.45421 0.000471744
35 -5.45173 -5.45414 0.000463517
36 -5.45173 -5.45407 0.000455397
37 -5.45108 -5.45399 0.000450212
38 -5.45173 -5.45393 0.00044221
39 -5.45173 -5.45387 0.000434384
40 -5.45076 -5.45379 0.000430463
41 -5.45141 -5.45374 0.000423836
42 -5.45077 -5.45367 0.000419628
43 -5.45271 -5.45364 0.000410357
44 -5.45368 -5.45364 0.000400923
45 -5.45465 -5.45367 0.000392546
46 -5.45691 -5.45374 0.000390353
47 -5.45821 -5.45383 0.000393627
48 -5.45983 -5.45396 0.000405075
49 -5.46015 -5.45408 0.000416366
50 -5.46145 -5.45423 0.000433713
51 -5.46112 -5.45437 0.000446084
52 -5.46047 -5.45448 0.000452913
53 -5.45918 -5.45457 0.000453028
54 -5.4582 -5.45464 0.000449621
55 -5.45626 -5.45467 0.000442352
56 -5.45658 -5.4547 0.000435721
57 -5.45755 -5.45475 0.000430916
58 -5.45658 -5.45478 0.000424589
59 -5.45722 -5.45483 0.000419375
60 -5.45852 -5.45489 0.000416897
61 -5.45723 -5.45493 0.000411796
62 -5.45755 -5.45497 0.00040731
63 -5.45464 -5.45496 0.000400827
64 -5.45724 -5.455 0.000396109
65 -5.45529 -5.455 0.000389994
66 -5.45724 -5.45504 0.000385532
67 -5.45853 -5.45509 0.000383307
68 -5.45627 -5.45511 0.000378025
69 -5.45529 -5.45511 0.000372516
70 -5.45432 -5.4551 0.000367329
71 -5.45367 -5.45508 0.000362676
72 -5.45399 -5.45506 0.000357921
73 -5.45334 -5.45504 0.000353767
74 -5.45497 -5.45504 0.000348955
75 -5.45432 -5.45503 0.000344405
76 -5.4527 -5.455 0.000341219
77 -5.45238 -5.45496 0.00033847
78 -5.45303 -5.45494 0.000335021
79 -5.45206 -5.4549 0.000332753
80 -5.4553 -5.45491 0.000328605
81 -5.45821 -5.45495 0.000327073
82 -5.45724 -5.45498 0.000324262
83 -5.45918 -5.45503 0.000324304
84 -5.45853 -5.45507 0.000323122
85 -5.45885 -5.45511 0.000322389
86 -5.45626 -5.45513 0.000318899
87 -5.45594 -5.45514 0.000315352
88 -5.45432 -5.45513 0.000311885
89 -5.45529 -5.45513 0.000308366
90 -5.45659 -5.45514 0.000305351
91 -5.45561 -5.45515 0.000302021
92 -5.45367 -5.45513 0.000299153
93 -5.45432 -5.45512 0.000296049
94 -5.45432 -5.45512 0.000293009
95 -5.45302 -5.45509 0.000290748
96 -5.45367 -5.45508 0.000288087
97 -5.45335 -5.45506 0.000285661
98 -5.454 -5.45505 0.00028294
99 -5.45367 -5.45504 0.000280413
100 -5.45529 -5.45504 0.000277606
1 -5.54986 -5.54986 0
2 -5.54889 -5.54938 0.000484696
3 -5.54921 -5.54932 0.000285032
4 -5.54759 -5.54889 0.000476526
5 -5.54565 -5.54824 0.000745578
6 -5.5463 -5.54792 0.000689686
7 -5.54792 -5.54792 0.000582891
8 -5.54791 -5.54792 0.000504799
9 -5.54953 -5.5481 0.000479909
10 -5.54888 -5.54817 0.000436388
11 -5.54888 -5.54824 0.000399925
12 -5.55115 -5.54848 0.0004383
13 -5.55083 -5.54866 0.000441715
14 -5.55083 -5.54882 0.000437278
15 -5.55115 -5.54897 0.000435875
16 -5.55083 -5.54909 0.000423944
17 -5.55245 -5.54929 0.000444645
18 -5.5531 -5.5495 0.000469744
19 -5.55407 -5.54974 0.000505404
20 -5.55343 -5.54992 0.000513717
21 -5.55181 -5.55001 0.00049683
22 -5.55278 -5.55014 0.000490128
23 -5.55019 -5.55014 0.000468338
24 -5.55051 -5.55016 0.000448663
25 -5.55148 -5.55021 0.000433576
26 -5.55051 -5.55022 0.000416722
27 -5.54953 -5.5502 0.000401796
28 -5.54953 -5.55017 0.0003879
29 -5.5518 -5.55023 0.00037849
30 -5.55245 -5.5503 0.000373103
31 -5.55116 -5.55033 0.000361926
32 -5.54889 -5.55029 0.000353298
33 -5.54727 -5.55019 0.000354374
34 -5.54695 -5.5501 0.000356785
35 -5.54889 -5.55006 0.00034815
36 -5.55019 -5.55007 0.000338359
37 -5.55019 -5.55007 0.000329103
38 -5.54954 -5.55006 0.00032063
39 -5.55083 -5.55008 0.000312935
40 -5.54954 -5.55006 0.000305311
41 -5.55018 -5.55007 0.000297785
42 -5.54889 -5.55004 0.000291963
43 -5.54889 -5.55001 0.000286347
44 -5.54889 -5.54999 0.000280925
45 -5.54921 -5.54997 0.000275146
46 -5.55051 -5.54998 0.000269356
47 -5.54922 -5.54996 0.000264064
48 -5.54922 -5.54995 0.000258973
49 -5.54922 -5.54993 0.000254073
50 -5.55019 -5.54994 0.000248991
51 -5.55019 -5.54994 0.000244108
52 -5.55213 -5.54999 0.00024303
53 -5.55148 -5.55001 0.00024007
54 -5.55213 -5.55005 0.000238829
55 -5.55181 -5.55009 0.000236615
56 -5.55408 -5.55016 0.000243053
57 -5.55408 -5.55023 0.000248477
58 -5.55213 -5.55026 0.000246364
59 -5.55278 -5.5503 0.000245894
60 -5.55504 -5.55038 0.00025435
61 -5.55407 -5.55044 0.000257346
62 -5.55407 -5.5505 0.00025983
63 -5.55278 -5.55054 0.000258213
64 -5.55181 -5.55055 0.000254922
65 -5.55116 -5.55056 0.000251145
66 -5.55117 -5.55057 0.000247479
67 -5.55149 -5.55059 0.000244143
68 -5.55117 -5.5506 0.000240677
69 -5.55084 -5.5506 0.000237191
70 -5.5489 -5.55058 0.000235031
71 -5.55117 -5.55058 0.000231848
72 -5.55149 -5.5506 0.000228953
73 -5.55052 -5.55059 0.000225798
74 -5.55052 -5.55059 0.000222728
75 -5.55117 -5.5506 0.000219872
76 -5.54955 -5.55059 0.0002174
77 -5.55117 -5.5506 0.00021469
78 -5.55246 -5.55062 0.000213266
79 -5.55181 -5.55063 0.000211091
80 -5.55149 -5.55065 0.00020871
81 -5.55084 -5.55065 0.000206132
82 -5.55181 -5.55066 0.000204099
83 -5.55343 -5.5507 0.000204373
84 -5.55408 -5.55074 0.000205912
85 -5.55473 -5.55078 0.000208835
86 -5.55279 -5.55081 0.000207708
87 -5.55311 -5.55083 0.000207012
88 -5.55441 -5.55087 0.000208641
89 -5.55473 -5.55092 0.000210791
90 -5.55441 -5.55096 0.000212013
91 -5.55505 -5.551 0.000214451
92 -5.55311 -5.55102 0.000213341
93 -5.55181 -5.55103 0.000211205
94 -5.55149 -5.55104 0.000209002
95 -5.5489 -5.55101 0.000208014
96 -5.54954 -5.551 0.000206405
97 -5.54987 -5.55099 0.000204598
98 -5.54955 -5.55097 0.000203033
99 -5.54858 -5.55095 0.000202423
100 -5.54599 -5.5509 0.000206442
1 -5.50873 -5.50873 0
2 -5.50874 -5.50874 5.62309e-07
3 -5.50906 -5.50884 0.000109042
4 -5.50971 -5.50906 0.000230187
5 -5.50842 -5.50893 0.000219922
6 -5.50939 -5.50901 0.000194922
7 -5.50906 -5.50902 0.000164924
8 -5.50971 -5.5091 0.000167059
9 -5.511 -5.50931 0.0002574
10 -5.51003 -5.50939 0.000241114
11 -5.50938 -5.50939 0.000218096
12 -5.5097 -5.50941 0.00020086
13 -5.50744 -5.50926 0.000239096
14 -5.50809 -5.50918 0.000236684
15 -5.50906 -5.50917 0.00022048
16 -5.50809 -5.5091 0.000217063
17 -5.50808 -5.50904 0.000212488
18 -5.50808 -5.50899 0.000207269
19 -5.50808 -5.50894 0.000201745
20 -5.50808 -5.5089 0.000196129
21 -5.50873 -5.50889 0.000186725
22 -5.50938 -5.50891 0.000179425
23 -5.50809 -5.50888 0.000175163
24 -5.50938 -5.5089 0.000169029
25 -5.50809 -5.50886 0.000165322
26 -5.50841 -5.50885 0.000159787
27 -5.50938 -5.50887 0.000155025
28 -5.50938 -5.50889 0.000150506
29 -5.51003 -5.50892 0.000150452
30 -5.51002 -5.50896 0.0001499
31 -5.50938 -5.50897 0.000145605
32 -5.51068 -5.50903 0.00015067
33 -5.51003 -5.50906 0.000149162
34 -5.51036 -5.5091 0.000149664
35 -5.51101 -5.50915 0.000155236
36 -5.51295 -5.50926 0.000184115
37 -5.51489 -5.50941 0.000235127
38 -5.51554 -5.50957 0.000280029
39 -5.51748 -5.50977 0.000339933
40 -5.51651 -5.50994 0.000371671
41 -5.51488 -5.51006 0.000382018
42 -5.51521 -5.51018 0.000392414
43 -5.51294 -5.51025 0.000388502
44 -5.51359 -5.51032 0.000387092
45 -5.51586 -5.51045 0.000397856
46 -5.51748 -5.5106 0.000418027
47 -5.51715 -5.51074 0.00043214
48 -5.51813 -5.51089 0.000450154
49 -5.51813 -5.51104 0.000464924
50 -5.51554 -5.51113 0.000464318
51 -5.51521 -5.51121 0.000462108
52 -5.51553 -5.51129 0.000460696
53 -5.51683 -5.5114 0.000463827
54 -5.51748 -5.51151 0.000468863
55 -5.51748 -5.51162 0.000472864
56 -5.51715 -5.51172 0.000474739
57 -5.51586 -5.51179 0.000471957
58 -5.51586 -5.51186 0.00046902
59 -5.51327 -5.51189 0.000461618
60 -5.51392 -5.51192 0.00045512
61 -5.51295 -5.51194 0.000447913
62 -5.51197 -5.51194 0.00044063
63 -5.5123 -5.51194 0.000433617
64 -5.51035 -5.51192 0.000427508
65 -5.50841 -5.51186 0.00042432
66 -5.50679 -5.51179 0.000424848
67 -5.50906 -5.51175 0.000420438
68 -5.50776 -5.51169 0.000418332
69 -5.50711 -5.51162 0.000417518
70 -5.50744 -5.51156 0.000415825
71 -5.50679 -5.51149 0.000415393
72 -5.50647 -5.51142 0.000415488
73 -5.50744 -5.51137 0.000413373
74 -5.50744 -5.51132 0.000411188
75 -5.50712 -5.51126 0.00040951
76 -5.50615 -5.51119 0.000409644
77 -5.50809 -5.51115 0.000406291
78 -5.51036 -5.51114 0.000401178
79 -5.50938 -5.51112 0.000396694
80 -5.50971 -5.5111 0.000392103
81 -5.51133 -5.51111 0.000387242
82 -5.51295 -5.51113 0.000383148
83 -5.51489 -5.51117 0.000381206
84 -5.51521 -5.51122 0.000379697
85 -5.51554 -5.51127 0.000378624
86 -5.51715 -5.51134 0.000380396
87 -5.51748 -5.51141 0.000382557
88 -5.51586 -5.51146 0.000381545
89 -5.51553 -5.51151 0.000379999
90 -5.51392 -5.51153 0.000376705
91 -5.51359 -5.51156 0.000373228
92 -5.51456 -5.51159 0.000370591
93 -5.51489 -5.51163 0.000368294
94 -5.51424 -5.51165 0.000365414
95 -5.51391 -5.51168 0.000362329
96 -5.51132 -5.51167 0.000358554
97 -5.51197 -5.51168 0.000354852
98 -5.51003 -5.51166 0.000351614
99 -5.51294 -5.51167 0.000348285
100 -5.51327 -5.51169 0.000345153
1 -5.51567 -5.51567 0
2 -5.5147 -5.51519 0.000485635
3 -5.51405 -5.51481 0.000470498
4 -5.51437 -5.5147 0.000349895
5 -5.51405 -5.51457 0.000300517
6 -5.51534 -5.5147 0.000277233
7 -5.51469 -5.5147 0.000234306
8 -5.51502 -5.51474 0.000206844
9 -5.51372 -5.51463 0.000214532
10 -5.51566 -5.51473 0.000218162
11 -5.51501 -5.51475 0.000199031
12 -5.51501 -5.51478 0.000182964
13 -5.51404 -5.51472 0.00017754
14 -5.51307 -5.5146 0.000202152
15 -5.51502 -5.51463 0.000190204
16 -5.51567 -5.51469 0.000189337
17 -5.51794 -5.51489 0.000260754
18 -5.51697 -5.515 0.000271668
19 -5.51405 -5.51495 0.000261763
20 -5.51535 -5.51497 0.000249127
21 -5.51438 -5.51494 0.000238641
22 -5.51567 -5.51498 0.000229934
23 -5.51632 -5.51503 0.000227318
24 -5.51275 -5.51494 0.000237457
25 -5.51405 -5.5149 0.000230515
26 -5.51373 -5.51486 0.000226044
27 -5.5147 -5.51485 0.000217591
28 -5.51567 -5.51488 0.000211688
29 -5.51567 -5.51491 0.000206043
30 -5.51307 -5.51485 0.000208237
31 -5.51307 -5.51479 0.000209382
32 -5.5134 -5.51475 0.000207359
33 -5.51372 -5.51472 0.000203367
34 -5.51307 -5.51467 0.000203118
35 -5.51243 -5.5146 0.000207343
36 -5.51146 -5.51452 0.000219635
37 -5.51211 -5.51445 0.000223331
38 -5.51049 -5.51435 0.00024111
39 -5.50887 -5.51421 0.000273652
40 -5.50984 -5.5141 0.000288194
41 -5.50952 -5.51399 0.000302458
42 -5.51211 -5.51394 0.000298537
43 -5.51243 -5.51391 0.000293619
44 -5.5147 -5.51392 0.000287431
45 -5.51502 -5.51395 0.000282026
46 -5.51534 -5.51398 0.00027749
47 -5.51405 -5.51398 0.000271526
48 -5.51308 -5.51396 0.000266474
49 -5.51113 -5.5139 0.000267284
50 -5.50984 -5.51382 0.000274219
51 -5.51016 -5.51375 0.000278209
52 -5.50757 -5.51363 0.00029757
53 -5.50789 -5.51352 0.000311333
54 -5.50886 -5.51344 0.000317464
55 -5.50822 -5.51334 0.000325767
56 -5.51048 -5.51329 0.000323942
57 -5.51113 -5.51325 0.000320455
58 -5.51242 -5.51324 0.000315206
59 -5.5121 -5.51322 0.000310417
60 -5.51339 -5.51322 0.000305214
61 -5.51372 -5.51323 0.000300278
62 -5.51339 -5.51323 0.000295407
63 -5.51404 -5.51325 0.000290966
64 -5.51599 -5.51329 0.000289575
65 -5.51502 -5.51332 0.000286326
66 -5.51535 -5.51335 0.000283627
67 -5.51664 -5.5134 0.000283656
68 -5.51534 -5.51342 0.000280917
69 -5.51567 -5.51346 0.000278717
70 -5.5134 -5.51346 0.000274707
71 -5.51405 -5.51346 0.000270939
72 -5.51372 -5.51347 0.000267174
73 -5.51373 -5.51347 0.000263512
74 -5.51211 -5.51345 0.00026058
75 -5.51243 -5.51344 0.000257443
76 -5.51049 -5.5134 0.000256984
77 -5.51049 -5.51336 0.000256431
78 -5.51146 -5.51334 0.000254299
79 -5.50984 -5.51329 0.000254944
80 -5.50822 -5.51323 0.000259614
81 -5.51081 -5.5132 0.00025813
82 -5.50886 -5.51315 0.000260393
83 -5.50886 -5.5131 0.000262364
84 -5.51048 -5.51306 0.000261079
85 -5.50822 -5.51301 0.000264206
86 -5.50952 -5.51297 0.000264249
87 -5.5092 -5.51292 0.000264765
88 -5.51082 -5.5129 0.000262833
89 -5.51438 -5.51292 0.000260393
90 -5.51405 -5.51293 0.000257793
91 -5.51599 -5.51296 0.000257157
92 -5.51632 -5.513 0.000256945
93 -5.51599 -5.51303 0.000256194
94 -5.51275 -5.51303 0.000253471
95 -5.51178 -5.51301 0.000251135
96 -5.51437 -5.51303 0.000248905
97 -5.51469 -5.51305 0.000246923
98 -5.51502 -5.51307 0.000245216
99 -5.51469 -5.51308 0.000243281
100 -5.51437 -5.5131 0.000241177
1 -5.52159 -5.52159 0
2 -5.52062 -5.5211 0.000485479
3 -5.52159 -5.52127 0.000323906
4 -5.52224 -5.52151 0.000334131
5 -5.52289 -5.52179 0.000378418
6 -5.52451 -5.52224 0.0005492
7 -5.52645 -5.52284 0.000759962
8 -5.52613 -5.52325 0.000775774
9 -5.52386 -5.52332 0.000687495
10 -5.52321 -5.52331 0.00061501
11 -5.52256 -5.52324 0.000560405
12 -5.52321 -5.52324 0.000511584
13 -5.52354 -5.52326 0.000471141
14 -5.52321 -5.52326 0.000436206
15 -5.52192 -5.52317 0.000415804
16 -5.52224 -5.52311 0.000393232
17 -5.52224 -5.52306 0.00037288
18 -5.52192 -5.523 0.000357202
19 -5.5203 -5.52286 0.000366415
20 -5.51804 -5.52261 0.000422922
21 -5.51577 -5.52229 0.000517743
22 -5.51512 -5.52196 0.000591449
23 -5.51544 -5.52168 0.000632254
24 -5.51479 -5.52139 0.000669894
25 -5.51609 -5.52118 0.000676677
26 -5.51706 -5.52102 0.000669203
27 -5.51706 -5.52087 0.000660478
28 -5.51738 -5.52075 0.000648568
29 -5.51673 -5.52061 0.000640938
30 -5.51868 -5.52055 0.00062255
31 -5.52095 -5.52056 0.000602271
32 -5.52127 -5.52058 0.000583571
33 -5.52095 -5.52059 0.00056572
34 -5.52127 -5.52061 0.000549192
35 -5.52063 -5.52061 0.00053327
36 -5.51965 -5.52059 0.000518933
37 -5.51868 -5.52054 0.000507336
38 -5.51836 -5.52048 0.000497124
39 -5.51706 -5.52039 0.00049207
40 -5.51609 -5.52028 0.000491511
41 -5.51544 -5.52016 0.000493714
42 -5.51609 -5.52007 0.000491509
43 -5.51738 -5.52001 0.000484001
44 -5.51673 -5.51993 0.000478692
45 -5.51932 -5.51992 0.000468131
46 -5.52029 -5.51993 0.000457913
47 -5.52029 -5.51993 0.000448133
48 -5.52029 -5.51994 0.000438762
49 -5.5203 -5.51995 0.000429775
50 -5.52062 -5.51996 0.000421307
51 -5.51965 -5.51996 0.000413008
52 -5.51965 -5.51995 0.00040503
53 -5.51965 -5.51994 0.000397353
54 -5.51836 -5.51991 0.000391032
55 -5.51835 -5.51989 0.000384903
56 -5.51868 -5.51986 0.000378583
57 -5.51965 -5.51986 0.000371902
58 -5.51964 -5.51986 0.000365452
59 -5.52159 -5.51989 0.000360397
60 -5.52094 -5.5199 0.000354773
61 -5.52385 -5.51997 0.000354864
62 -5.52224 -5.52001 0.000351005
63 -5.52191 -5.52004 0.000346715
64 -5.52192 -5.52006 0.000342517
65 -5.5203 -5.52007 0.000337225
66 -5.51932 -5.52006 0.000332269
67 -5.51641 -5.52 0.000331776
68 -5.51446 -5.51992 0.000336857
69 -5.51511 -5.51985 0.00033918
70 -5.51576 -5.51979 0.000339376
71 -5.51673 -5.51975 0.000337334
72 -5.51738 -5.51972 0.000334246
73 -5.51997 -5.51972 0.000329653
74 -5.52029 -5.51973 0.000325259
75 -5.52191 -5.51976 0.000322206
76 -5.52126 -5.51978 0.000318553
77 -5.52126 -5.5198 0.000314981
78 -5.52062 -5.51981 0.000311095
79 -5.52256 -5.51984 0.000309103
80 -5.52483 -5.5199 0.000311508
81 -5.52385 -5.51995 0.000311477
82 -5.52288 -5.51999 0.00030972
83 -5.52321 -5.52003 0.000308413
84 -5.52386 -5.52007 0.000308109
85 -5.52289 -5.52011 0.000306257
86 -5.52256 -5.52013 0.000304022
87 -5.52321 -5.52017 0.000302583
88 -5.52192 -5.52019 0.000299783
89 -5.5203 -5.52019 0.000296398
90 -5.52062 -5.5202 0.000293124
91 -5.52159 -5.52021 0.000290287
92 -5.51996 -5.52021 0.000287127
93 -5.52126 -5.52022 0.000284247
94 -5.5232 -5.52025 0.000282989
95 -5.52385 -5.52029 0.000282546
96 -5.52223 -5.52031 0.000280321
97 -5.52062 -5.52031 0.000277434
98 -5.52192 -5.52033 0.000275075
99 -5.52127 -5.52034 0.000272448
100 -5.51965 -5.52033 0.000269798
1 -5.55885 -5.55885 0
2 -5.56079 -5.55982 0.000971465
3 -5.56047 -5.56004 0.000600893
4 -5.56112 -5.56031 0.000503078
5 -5.56014 -5.56027 0.000391089
6 -5.55884 -5.56004 0.000398479
7 -5.55852 -5.55982 0.000400483
8 -5.55852 -5.55966 0.000383152
9 -5.55884 -5.55957 0.000349932
10 -5.55884 -5.55949 0.000321357
11 -5.55819 -5.55937 0.000313974
12 -5.55754 -5.55922 0.000324852
13 -5.55981 -5.55927 0.000302189
14 -5.55819 -5.55919 0.000290169
15 -5.55916 -5.55919 0.000270139
16 -5.5569 -5.55904 0.000290411
17 -5.55852 -5.55901 0.000274537
18 -5.55885 -5.559 0.000259002
19 -5.55885 -5.559 0.00024513
20 -5.56176 -5.55913 0.000270566
21 -5.56273 -5.5593 0.000309163
22 -5.56144 -5.5594 0.000310282
23 -5.56079 -5.55946 0.000302558
24 -5.56014 -5.55949 0.000291061
25 -5.56208 -5.55959 0.000297802
26 -5.56014 -5.55961 0.00028688
27 -5.56046 -5.55965 0.000277816
28 -5.56078 -5.55969 0.000270761
29 -5.55949 -5.55968 0.000261349
30 -5.55948 -5.55967 0.000252572
31 -5.56078 -5.55971 0.000246865
32 -5.56207 -5.55978 0.00025013
33 -5.56077 -5.55981 0.000244275
34 -5.56012 -5.55982 0.000237157
35 -5.55818 -5.55977 0.000235006
36 -5.55786 -5.55972 0.000234493
37 -5.55819 -5.55968 0.000231802
38 -5.55916 -5.55967 0.000226033
39 -5.56078 -5.55969 0.000222003
40 -5.56175 -5.55975 0.000222407
41 -5.56046 -5.55976 0.000217604
42 -5.55916 -5.55975 0.000212846
43 -5.55884 -5.55973 0.000208921
44 -5.55851 -5.5597 0.00020598
45 -5.55883 -5.55968 0.000202267
46 -5.55819 -5.55965 0.000200467
47 -5.56013 -5.55966 0.000196422
48 -5.56078 -5.55968 0.00019369
49 -5.5598 -5.55968 0.000189712
50 -5.55754 -5.55964 0.000190781
51 -5.55721 -5.55959 0.00019298
52 -5.55915 -5.55959 0.000189421
53 -5.55915 -5.55958 0.000185994
54 -5.5598 -5.55958 0.000182562
55 -5.5598 -5.55959 0.000179255
56 -5.56044 -5.5596 0.000176691
57 -5.55883 -5.55959 0.000174096
58 -5.55818 -5.55956 0.000172782
59 -5.55624 -5.55951 0.000178945
60 -5.55883 -5.5595 0.000176301
61 -5.55948 -5.55949 0.000173387
62 -5.56045 -5.55951 0.000171259
63 -5.55883 -5.5595 0.000168864
64 -5.55883 -5.55949 0.000166533
65 -5.55883 -5.55948 0.000164263
66 -5.55721 -5.55944 0.000165365
67 -5.55915 -5.55944 0.000162936
68 -5.55786 -5.55942 0.0001622
69 -5.55559 -5.55936 0.000169183
70 -5.55268 -5.55927 0.000192156
71 -5.55494 -5.5592 0.000198977
72 -5.55494 -5.55915 0.000204933
73 -5.55494 -5.55909 0.000210149
74 -5.5585 -5.55908 0.00020744
75 -5.5598 -5.55909 0.000204881
76 -5.55948 -5.5591 0.000202231
77 -5.55883 -5.55909 0.000199617
78 -5.5611 -5.55912 0.000198709
79 -5.55915 -5.55912 0.000196178
80 -5.55915 -5.55912 0.000193711
81 -5.5585 -5.55911 0.000191456
82 -5.55785 -5.5591 0.000189729
83 -5.55753 -5.55908 0.000188379
84 -5.55947 -5.55908 0.000186183
85 -5.56304 -5.55913 0.000189776
86 -5.56207 -5.55916 0.00019065
87 -5.5624 -5.5592 0.000192078
88 -5.56175 -5.55923 0.000192085
89 -5.5624 -5.55926 0.000193229
90 -5.5611 -5.55928 0.00019216
91 -5.56207 -5.55931 0.000192488
92 -5.56142 -5.55934 0.000191753
93 -5.56401 -5.55939 0.000196208
94 -5.56335 -5.55943 0.000198643
95 -5.5627 -5.55946 0.00019954
96 -5.56432 -5.55951 0.000203838
97 -5.56594 -5.55958 0.000212336
98 -5.56724 -5.55966 0.000224216
99 -5.56497 -5.55971 0.000228341
100 -5.56627 -5.55978 0.000235368
1 -5.5039 -5.5039 0
2 -5.50293 -5.50342 0.000485389
3 -5.50164 -5.50283 0.000655426
4 -5.50002 -5.50213 0.000840272
5 -5.4997 -5.50164 0.0008119
6 -5.50035 -5.50142 0.000697106
7 -5.4997 -5.50118 0.000638742
8 -5.4984 -5.50083 0.000653105
9 -5.49872 -5.5006 0.000621785
10 -5.4984 -5.50038 0.000598096
11 -5.49872 -5.50023 0.00056158
12 -5.50066 -5.50026 0.000513925
13 -5.50099 -5.50032 0.000476015
14 -5.50002 -5.5003 0.000441223
15 -5.49905 -5.50021 0.000419086
16 -5.50067 -5.50024 0.000393051
17 -5.50391 -5.50046 0.000427525
18 -5.50358 -5.50063 0.000438889
19 -5.50455 -5.50084 0.000463675
20 -5.50423 -5.50101 0.00047148
21 -5.50456 -5.50118 0.000479236
22 -5.50391 -5.5013 0.000473499
23 -5.50553 -5.50148 0.000488324
24 -5.50488 -5.50163 0.000488453
25 -5.50358 -5.5017 0.000474988
26 -5.50228 -5.50173 0.000456894
27 -5.49969 -5.50165 0.000446067
28 -5.50131 -5.50164 0.000430014
29 -5.4984 -5.50153 0.000429726
30 -5.49904 -5.50144 0.000423324
31 -5.49807 -5.50133 0.000423631
32 -5.50099 -5.50132 0.000410322
33 -5.50099 -5.50131 0.000397824
34 -5.49937 -5.50126 0.000390153
35 -5.50002 -5.50122 0.000380488
36 -5.4997 -5.50118 0.000372189
37 -5.50002 -5.50115 0.000363342
38 -5.49905 -5.50109 0.00035793
39 -5.49905 -5.50104 0.000352541
40 -5.50099 -5.50104 0.000343617
41 -5.50229 -5.50107 0.000336509
42 -5.50067 -5.50106 0.000328539
43 -5.4997 -5.50103 0.000322372
44 -5.49775 -5.50095 0.000323633
45 -5.49775 -5.50088 0.000324255
46 -5.49873 -5.50084 0.000320577
47 -5.49905 -5.5008 0.000315975
48 -5.50067 -5.50079 0.000309333
49 -5.49937 -5.50077 0.000304341
50 -5.49873 -5.50072 0.000300969
51 -5.4997 -5.5007 0.000295696
52 -5.50099 -5.50071 0.000290006
53 -5.50132 -5.50072 0.000284711
54 -5.50196 -5.50074 0.000280335
55 -5.50197 -5.50077 0.000276086
56 -5.50229 -5.50079 0.00027247
57 -5.50132 -5.5008 0.000267805
58 -5.50164 -5.50082 0.000263545
59 -5.50359 -5.50086 0.000263254
60 -5.50391 -5.50092 0.000263763
61 -5.50326 -5.50095 0.000262246
62 -5.50326 -5.50099 0.000260659
63 -5.501 -5.50099 0.000256488
64 -5.501 -5.50099 0.000252448
65 -5.50391 -5.50104 0.000252557
66 -5.50456 -5.50109 0.000254359
67 -5.50456 -5.50114 0.000255827
68 -5.50456 -5.50119 0.000256996
69 -5.50488 -5.50125 0.000258825
70 -5.50391 -5.50128 0.000257922
71 -5.501 -5.50128 0.000254295
72 -5.50002 -5.50126 0.000251344
73 -5.4997 -5.50124 0.000248798
74 -5.49776 -5.50119 0.000249886
75 -5.49776 -5.50115 0.000250754
76 -5.49776 -5.5011 0.000251425
77 -5.49711 -5.50105 0.000253503
78 -5.49743 -5.501 0.000254495
79 -5.49614 -5.50094 0.000258696
80 -5.49517 -5.50087 0.000265454
81 -5.49614 -5.50081 0.000268596
82 -5.49614 -5.50076 0.000271362
83 -5.49646 -5.5007 0.000273028
84 -5.49808 -5.50067 0.000271565
85 -5.49808 -5.50064 0.000270085
86 -5.49711 -5.5006 0.000270075
87 -5.49937 -5.50059 0.000267324
88 -5.49808 -5.50056 0.000265798
89 -5.49808 -5.50053 0.000264262
90 -5.49841 -5.50051 0.000262371
91 -5.49809 -5.50048 0.000260832
92 -5.49711 -5.50044 0.000260565
93 -5.49906 -5.50043 0.000258179
94 -5.49873 -5.50041 0.000256056
95 -5.50003 -5.50041 0.000253379
96 -5.50035 -5.50041 0.000250727
97 -5.50034 -5.50041 0.000248129
98 -5.50034 -5.5004 0.000245585
99 -5.49905 -5.50039 0.000243478
100 -5.49969 -5.50038 0.000241131
1 -5.49325 -5.49325 0
2 -5.4926 -5.49292 0.000322114
3 -5.49325 -5.49303 0.000215317
4 -5.4926 -5.49292 0.000186198
5 -5.49196 -5.49273 0.000241155
6 -5.49358 -5.49287 0.000242238
7 -5.49163 -5.4927 0.0002706
8 -5.49163 -5.49256 0.000269439
9 -5.49163 -5.49246 0.000259342
10 -5.49292 -5.4925 0.000236474
11 -5.49194 -5.49245 0.000219895
12 -5.49065 -5.4923 0.000250971
13 -5.49194 -5.49228 0.000232531
14 -5.49259 -5.4923 0.000216468
15 -5.49324 -5.49236 0.000211144
16 -5.49454 -5.4925 0.000239958
17 -5.49616 -5.49271 0.000311828
18 -5.49551 -5.49287 0.000332625
19 -5.49551 -5.49301 0.000344037
20 -5.49778 -5.49325 0.00040426
21 -5.4994 -5.49354 0.000483384
22 -5.4994 -5.49381 0.000532248
23 -5.49842 -5.49401 0.000546806
24 -5.4981 -5.49418 0.000550625
25 -5.4981 -5.49433 0.000550976
26 -5.49616 -5.4944 0.000534
27 -5.49487 -5.49442 0.000514127
28 -5.49422 -5.49441 0.000495477
29 -5.49422 -5.49441 0.000478134
30 -5.49357 -5.49438 0.000462761
31 -5.49616 -5.49444 0.000451265
32 -5.49584 -5.49448 0.00043912
33 -5.4926 -5.49442 0.000429414
34 -5.49162 -5.49434 0.00042465
35 -5.48936 -5.4942 0.000436234
36 -5.49 -5.49408 0.000439666
37 -5.49097 -5.494 0.000435785
38 -5.49098 -5.49392 0.000431557
39 -5.49227 -5.49388 0.000422462
40 -5.49227 -5.49384 0.000413713
41 -5.49551 -5.49388 0.000405561
42 -5.49616 -5.49393 0.000399501
43 -5.49486 -5.49395 0.000390703
44 -5.49519 -5.49398 0.000382748
45 -5.49292 -5.49396 0.000374889
46 -5.49324 -5.49394 0.000366978
47 -5.49292 -5.49392 0.000359749
48 -5.49453 -5.49393 0.000352406
49 -5.49388 -5.49393 0.00034514
50 -5.49583 -5.49397 0.000340284
51 -5.49615 -5.49401 0.000336275
52 -5.49518 -5.49404 0.00033051
53 -5.49616 -5.49408 0.000326673
54 -5.49583 -5.49411 0.000322215
55 -5.49583 -5.49414 0.000317857
56 -5.49616 -5.49418 0.000314204
57 -5.49713 -5.49423 0.000312961
58 -5.49777 -5.49429 0.00031354
59 -5.49939 -5.49437 0.000320086
60 -5.49745 -5.49443 0.000318846
61 -5.49583 -5.49445 0.000314418
62 -5.49453 -5.49445 0.000309308
63 -5.49389 -5.49444 0.000304491
64 -5.49324 -5.49442 0.000300283
65 -5.49421 -5.49442 0.000295646
66 -5.4913 -5.49437 0.000294949
67 -5.4913 -5.49433 0.000294115
68 -5.49292 -5.49431 0.000290498
69 -5.49421 -5.4943 0.00028626
70 -5.49357 -5.49429 0.000282338
71 -5.4913 -5.49425 0.000281507
72 -5.49065 -5.4942 0.000282029
73 -5.48904 -5.49413 0.000286998
74 -5.49001 -5.49407 0.000288524
75 -5.48904 -5.49401 0.000292473
76 -5.49001 -5.49395 0.000293362
77 -5.49065 -5.49391 0.000292689
78 -5.49324 -5.4939 0.00028904
79 -5.49292 -5.49389 0.000285631
80 -5.49194 -5.49387 0.000283087
81 -5.49292 -5.49385 0.000279817
82 -5.49227 -5.49384 0.00027706
83 -5.49194 -5.49381 0.000274649
84 -5.49356 -5.49381 0.000271376
85 -5.49421 -5.49381 0.000268206
86 -5.49162 -5.49379 0.000266292
87 -5.49259 -5.49378 0.000263571
88 -5.49357 -5.49377 0.000260569
89 -5.49098 -5.49374 0.000259534
90 -5.49097 -5.49371 0.000258469
91 -5.49259 -5.4937 0.000255908
92 -5.49324 -5.49369 0.00025316
93 -5.49388 -5.4937 0.000250432
94 -5.4968 -5.49373 0.000249942
95 -5.4955 -5.49375 0.000248003
96 -5.49454 -5.49376 0.000245545
97 -5.49292 -5.49375 0.000243152
98 -5.4926 -5.49374 0.000240943
99 -5.49454 -5.49374 0.000238636
100 -5.4981 -5.49379 0.000240227
1 -5.51093 -5.51093 0
2 -5.51223 -5.51158 0.000646291
3 -5.51061 -5.51125 0.000494471
4 -5.51061 -5.51109 0.000385465
5 -5.50996 -5.51087 0.000375049
6 -5.51093 -5.51088 0.000306407
7 -5.50866 -5.51056 0.000408649
8 -5.50737 -5.51016 0.00053329
9 -5.50672 -5.50978 0.000605985
10 -5.50737 -5.50954 0.000593162
11 -5.50834 -5.50943 0.000547468
12 -5.50834 -5.50934 0.000507916
13 -5.50737 -5.50919 0.000491088
14 -5.50802 -5.5091 0.000462225
15 -5.50835 -5.50905 0.000433263
16 -5.50737 -5.50895 0.000418662
17 -5.50672 -5.50882 0.000414489
18 -5.50704 -5.50872 0.000403061
19 -5.50801 -5.50868 0.000383084
20 -5.50769 -5.50863 0.000366817
21 -5.50704 -5.50856 0.000357046
22 -5.5064 -5.50846 0.000354303
23 -5.50769 -5.50842 0.000340178
24 -5.50802 -5.50841 0.000326132
25 -5.50834 -5.5084 0.000312825
26 -5.50673 -5.50834 0.000307417
27 -5.5064 -5.50827 0.000304404
28 -5.50608 -5.50819 0.000303599
29 -5.50931 -5.50823 0.000295485
30 -5.51125 -5.50833 0.000302748
31 -5.51125 -5.50842 0.00030761
32 -5.51028 -5.50848 0.000303422
33 -5.51189 -5.50859 0.000311729
34 -5.51027 -5.50863 0.000306468
35 -5.50833 -5.50863 0.00029771
36 -5.51157 -5.50871 0.000300654
37 -5.5106 -5.50876 0.000296849
38 -5.51093 -5.50882 0.000294502
39 -5.51158 -5.50889 0.000295447
40 -5.51093 -5.50894 0.000292458
41 -5.51061 -5.50898 0.000288124
42 -5.51125 -5.50903 0.000286349
43 -5.51384 -5.50914 0.000301144
44 -5.51384 -5.50925 0.000312969
45 -5.5119 -5.50931 0.000311526
46 -5.5106 -5.50934 0.000305961
47 -5.5106 -5.50936 0.000300577
48 -5.51027 -5.50938 0.000294856
49 -5.5093 -5.50938 0.000288781
50 -5.50963 -5.50939 0.000282988
51 -5.51027 -5.5094 0.000277928
52 -5.51092 -5.50943 0.000274086
53 -5.51027 -5.50945 0.000269329
54 -5.51027 -5.50946 0.000264733
55 -5.51092 -5.50949 0.00026122
56 -5.50963 -5.50949 0.000256524
57 -5.50963 -5.5095 0.000251995
58 -5.51092 -5.50952 0.00024883
59 -5.51125 -5.50955 0.000246321
60 -5.51125 -5.50958 0.000243831
61 -5.51125 -5.50961 0.000241362
62 -5.51061 -5.50962 0.000237984
63 -5.51028 -5.50963 0.00023441
64 -5.51255 -5.50968 0.000235167
65 -5.51222 -5.50972 0.000234813
66 -5.5106 -5.50973 0.000231616
67 -5.51157 -5.50976 0.000229782
68 -5.50995 -5.50976 0.000226396
69 -5.51124 -5.50978 0.000224125
70 -5.51222 -5.50982 0.000223622
71 -5.51254 -5.50985 0.000223768
72 -5.51125 -5.50987 0.000221483
73 -5.50995 -5.50988 0.000218431
74 -5.50866 -5.50986 0.000216085
75 -5.50866 -5.50984 0.000213786
76 -5.50607 -5.50979 0.000216726
77 -5.50607 -5.50974 0.000219304
78 -5.50801 -5.50972 0.000217618
79 -5.50736 -5.50969 0.000216918
80 -5.50768 -5.50967 0.000215658
81 -5.50639 -5.50963 0.000216798
82 -5.50606 -5.50958 0.000218505
83 -5.50541 -5.50953 0.000221626
84 -5.50542 -5.50948 0.000224393
85 -5.50606 -5.50944 0.000225358
86 -5.50542 -5.5094 0.000227592
87 -5.50639 -5.50936 0.000227598
88 -5.50931 -5.50936 0.000224998
89 -5.50834 -5.50935 0.000222754
90 -5.51028 -5.50936 0.000220506
91 -5.5106 -5.50937 0.000218495
92 -5.51157 -5.5094 0.000217421
93 -5.51157 -5.50942 0.000216331
94 -5.51319 -5.50946 0.000217731
95 -5.51448 -5.50951 0.000221805
96 -5.51027 -5.50952 0.000219624
97 -5.5093 -5.50952 0.00021736
98 -5.508 -5.5095 0.000215686
99 -5.50897 -5.5095 0.000213564
100 -5.508 -5.50948 0.000211946
