1 1.76816 1.76816 0
2 1.76816 1.76816 nan
3 1.76816 1.76816 nan
4 1.76816 1.76816 nan
5 1.76816 1.76816 nan
6 1.76816 1.76816 nan
7 1.76816 1.76816 0
8 1.76816 1.76816 nan
9 1.76816 1.76816 nan
10 1.76816 1.76816 nan
11 1.76816 1.76816 nan
12 1.76816 1.76816 1.97175e-07
13 1.76816 1.76816 3.93731e-07
14 1.76814 1.76816 1.52861e-06
15 1.76813 1.76816 2.5177e-06
16 1.76811 1.76816 3.70071e-06
17 1.76809 1.76815 5.23433e-06
18 1.76808 1.76815 6.19317e-06
19 1.76805 1.76814 7.68214e-06
20 1.76803 1.76814 9.29961e-06
21 1.76801 1.76813 1.07617e-05
22 1.76799 1.76812 1.22272e-05
23 1.76796 1.76812 1.36727e-05
24 1.76794 1.76811 1.51352e-05
25 1.76791 1.7681 1.6591e-05
26 1.76788 1.76809 1.80686e-05
27 1.76786 1.76808 1.93497e-05
28 1.76784 1.76808 2.05535e-05
29 1.76781 1.76807 2.18259e-05
30 1.76779 1.76806 2.29807e-05
31 1.76777 1.76805 2.40406e-05
32 1.76776 1.76804 2.5022e-05
33 1.76773 1.76803 2.60148e-05
34 1.7677 1.76802 2.70367e-05
35 1.76768 1.76801 2.79821e-05
36 1.76767 1.768 2.87973e-05
37 1.76766 1.76799 2.95066e-05
38 1.76762 1.76798 3.03233e-05
39 1.7676 1.76797 3.10931e-05
40 1.76759 1.76796 3.17506e-05
41 1.7676 1.76795 3.22177e-05
42 1.76759 1.76795 3.26361e-05
43 1.76758 1.76794 3.29702e-05
44 1.76757 1.76793 3.3301e-05
45 1.76756 1.76792 3.35636e-05
46 1.76755 1.76791 3.37808e-05
47 1.76755 1.7679 3.39475e-05
48 1.76753 1.7679 3.41155e-05
49 1.76752 1.76789 3.42738e-05
50 1.76752 1.76788 3.44031e-05
51 1.76751 1.76787 3.44974e-05
52 1.7675 1.76787 3.45995e-05
53 1.7675 1.76786 3.46444e-05
54 1.7675 1.76785 3.46491e-05
55 1.76749 1.76785 3.46353e-05
56 1.76749 1.76784 3.45899e-05
57 1.76749 1.76783 3.45247e-05
58 1.76748 1.76783 3.44565e-05
59 1.76749 1.76782 3.43586e-05
60 1.76748 1.76782 3.42543e-05
61 1.76748 1.76781 3.41448e-05
62 1.76748 1.76781 3.40067e-05
63 1.76748 1.7678 3.38726e-05
64 1.76747 1.7678 3.37481e-05
65 1.76746 1.76779 3.36216e-05
66 1.76746 1.76779 3.34881e-05
67 1.76745 1.76778 3.33592e-05
68 1.76745 1.76778 3.32193e-05
69 1.76745 1.76777 3.3065e-05
70 1.76745 1.76777 3.29073e-05
71 1.76744 1.76776 3.27608e-05
72 1.76744 1.76776 3.26203e-05
73 1.76744 1.76775 3.24678e-05
74 1.76743 1.76775 3.23261e-05
75 1.76742 1.76774 3.21947e-05
76 1.76741 1.76774 3.20775e-05
77 1.76741 1.76774 3.19403e-05
78 1.76741 1.76773 3.1809e-05
79 1.76741 1.76773 3.16679e-05
80 1.76741 1.76772 3.15217e-05
81 1.76741 1.76772 3.13675e-05
82 1.76741 1.76772 3.12167e-05
83 1.76741 1.76771 3.10624e-05
84 1.7674 1.76771 3.09082e-05
85 1.76739 1.7677 3.07678e-05
86 1.76738 1.7677 3.06406e-05
87 1.76738 1.7677 3.05128e-05
88 1.76737 1.76769 3.03877e-05
89 1.76737 1.76769 3.02623e-05
90 1.76737 1.76769 3.01335e-05
91 1.76736 1.76768 3.0011e-05
92 1.76737 1.76768 2.98765e-05
93 1.76737 1.76768 2.97426e-05
94 1.76736 1.76767 2.96122e-05
95 1.76736 1.76767 2.94822e-05
96 1.76736 1.76767 2.93552e-05
97 1.76735 1.76766 2.92309e-05
98 1.76735 1.76766 2.91118e-05
99 1.76735 1.76766 2.89899e-05
100 1.76735 1.76765 2.88632e-05
1 1.71037 1.71037 0
2 1.71037 1.71037 9.09093e-07
3 1.71038 1.71037 1.75036e-06
4 1.71037 1.71037 1.24268e-06
5 1.71037 1.71037 1.07304e-06
6 1.71037 1.71037 9.41253e-07
7 1.71037 1.71037 9.93138e-07
8 1.71037 1.71037 1.13994e-06
9 1.71037 1.71037 1.05667e-06
10 1.71037 1.71037 9.67008e-07
11 1.71036 1.71037 1.26849e-06
12 1.71036 1.71037 1.29109e-06
13 1.71036 1.71037 1.45496e-06
14 1.71035 1.71037 1.80946e-06
15 1.71035 1.71037 2.14801e-06
16 1.71035 1.71037 2.17697e-06
17 1.71036 1.71036 2.12454e-06
18 1.71035 1.71036 2.25192e-06
19 1.71035 1.71036 2.27407e-06
20 1.71035 1.71036 2.27401e-06
21 1.71034 1.71036 2.42779e-06
22 1.71033 1.71036 2.66814e-06
23 1.71033 1.71036 2.92111e-06
24 1.71032 1.71036 3.2322e-06
25 1.71032 1.71036 3.37072e-06
26 1.71032 1.71035 3.53784e-06
27 1.71032 1.71035 3.6888e-06
28 1.71031 1.71035 3.92428e-06
29 1.71031 1.71035 4.05952e-06
30 1.71031 1.71035 4.12508e-06
31 1.71032 1.71035 4.12139e-06
32 1.71033 1.71035 4.04533e-06
33 1.71033 1.71035 3.95879e-06
34 1.71033 1.71035 3.87496e-06
35 1.71034 1.71035 3.76564e-06
36 1.71033 1.71034 3.6825e-06
37 1.71032 1.71034 3.63961e-06
38 1.71032 1.71034 3.59499e-06
39 1.71032 1.71034 3.57028e-06
40 1.71032 1.71034 3.52097e-06
41 1.71032 1.71034 3.4708e-06
42 1.71032 1.71034 3.42884e-06
43 1.71031 1.71034 3.40493e-06
44 1.71031 1.71034 3.38926e-06
45 1.7103 1.71034 3.41659e-06
46 1.7103 1.71034 3.42455e-06
47 1.71031 1.71034 3.39042e-06
48 1.71031 1.71034 3.37124e-06
49 1.71031 1.71034 3.35776e-06
50 1.71031 1.71034 3.33301e-06
51 1.71031 1.71034 3.29343e-06
52 1.71031 1.71034 3.2539e-06
53 1.71031 1.71033 3.23344e-06
54 1.71031 1.71033 3.19415e-06
55 1.71032 1.71033 3.14371e-06
56 1.71032 1.71033 3.09834e-06
57 1.71031 1.71033 3.0626e-06
58 1.71031 1.71033 3.03782e-06
59 1.7103 1.71033 3.02494e-06
60 1.7103 1.71033 3.01759e-06
61 1.71031 1.71033 2.99183e-06
62 1.71032 1.71033 2.95102e-06
63 1.71033 1.71033 2.90539e-06
64 1.71032 1.71033 2.86258e-06
65 1.71031 1.71033 2.83124e-06
66 1.71031 1.71033 2.80396e-06
67 1.7103 1.71033 2.78995e-06
68 1.7103 1.71033 2.79158e-06
69 1.7103 1.71033 2.78573e-06
70 1.71029 1.71033 2.80284e-06
71 1.71029 1.71033 2.83096e-06
72 1.71028 1.71033 2.86269e-06
73 1.71028 1.71033 2.90539e-06
74 1.71028 1.71033 2.92933e-06
75 1.71028 1.71033 2.9438e-06
76 1.71029 1.71033 2.94996e-06
77 1.71029 1.71032 2.949e-06
78 1.71029 1.71032 2.94662e-06
79 1.71028 1.71032 2.95217e-06
80 1.71028 1.71032 2.95903e-06
81 1.71028 1.71032 2.97061e-06
82 1.71028 1.71032 2.98197e-06
83 1.71028 1.71032 2.99666e-06
84 1.71029 1.71032 2.98635e-06
85 1.71029 1.71032 2.97905e-06
86 1.71027 1.71032 2.99554e-06
87 1.71027 1.71032 3.01519e-06
88 1.71027 1.71032 3.04153e-06
89 1.71026 1.71032 3.07946e-06
90 1.71026 1.71032 3.12312e-06
91 1.71026 1.71032 3.1504e-06
92 1.71026 1.71032 3.16909e-06
93 1.71027 1.71032 3.17233e-06
94 1.71026 1.71032 3.19067e-06
95 1.71026 1.71031 3.2065e-06
96 1.71026 1.71031 3.23351e-06
97 1.71025 1.71031 3.26211e-06
98 1.71026 1.71031 3.27471e-06
99 1.71025 1.71031 3.29792e-06
100 1.71025 1.71031 3.31865e-06
1 1.47081 1.47081 0
2 1.47081 1.47081 2.31069e-06
3 1.47081 1.47081 1.33588e-06
4 1.47081 1.47081 1.15878e-06
5 1.47081 1.47081 9.9682e-07
6 1.47081 1.47081 1.07388e-06
7 1.4708 1.47081 2.37556e-06
8 1.4708 1.47081 2.62734e-06
9 1.4708 1.47081 2.63157e-06
10 1.4708 1.4708 2.46482e-06
11 1.4708 1.4708 2.2339e-06
12 1.4708 1.4708 2.04157e-06
13 1.4708 1.4708 1.8794e-06
14 1.47081 1.4708 1.74317e-06
15 1.4708 1.4708 1.62449e-06
16 1.4708 1.4708 1.53591e-06
17 1.4708 1.4708 1.4839e-06
18 1.47079 1.4708 1.57028e-06
19 1.47079 1.4708 1.61985e-06
20 1.4708 1.4708 1.55407e-06
21 1.47079 1.4708 1.5417e-06
22 1.4708 1.4708 1.49828e-06
23 1.47079 1.4708 1.47742e-06
24 1.47079 1.4708 1.47811e-06
25 1.47079 1.4708 1.44813e-06
26 1.47079 1.4708 1.417e-06
27 1.4708 1.4708 1.3636e-06
28 1.47081 1.4708 1.34134e-06
29 1.47081 1.4708 1.305e-06
30 1.47081 1.4708 1.29832e-06
31 1.47081 1.4708 1.28776e-06
32 1.47081 1.4708 1.31286e-06
33 1.47082 1.4708 1.43767e-06
34 1.47082 1.4708 1.47745e-06
35 1.47082 1.4708 1.50613e-06
36 1.47082 1.4708 1.52687e-06
37 1.47082 1.4708 1.54199e-06
38 1.47082 1.4708 1.55294e-06
39 1.47083 1.47081 1.61494e-06
40 1.47082 1.47081 1.61522e-06
41 1.47082 1.47081 1.64107e-06
42 1.47083 1.47081 1.67534e-06
43 1.47082 1.47081 1.66336e-06
44 1.47081 1.47081 1.62553e-06
45 1.4708 1.47081 1.60061e-06
46 1.4708 1.47081 1.57092e-06
47 1.4708 1.47081 1.53897e-06
48 1.47081 1.47081 1.50676e-06
49 1.47081 1.47081 1.47598e-06
50 1.47081 1.47081 1.44749e-06
51 1.47081 1.47081 1.41995e-06
52 1.47081 1.47081 1.39583e-06
53 1.47082 1.47081 1.3816e-06
54 1.47082 1.47081 1.38177e-06
55 1.47081 1.47081 1.35711e-06
56 1.47081 1.47081 1.33265e-06
57 1.4708 1.47081 1.31945e-06
58 1.47079 1.47081 1.34667e-06
59 1.47079 1.47081 1.35994e-06
60 1.47079 1.47081 1.37056e-06
61 1.47079 1.47081 1.37073e-06
62 1.47079 1.47081 1.38376e-06
63 1.47079 1.47081 1.37327e-06
64 1.4708 1.47081 1.35471e-06
65 1.4708 1.47081 1.33464e-06
66 1.4708 1.47081 1.3144e-06
67 1.47081 1.47081 1.29465e-06
68 1.47079 1.4708 1.28792e-06
69 1.4708 1.4708 1.27147e-06
70 1.47081 1.4708 1.25341e-06
71 1.4708 1.4708 1.23566e-06
72 1.4708 1.4708 1.21899e-06
73 1.4708 1.4708 1.20268e-06
74 1.4708 1.4708 1.1901e-06
75 1.4708 1.4708 1.17443e-06
76 1.4708 1.4708 1.15913e-06
77 1.4708 1.4708 1.14978e-06
78 1.4708 1.4708 1.14047e-06
79 1.47081 1.4708 1.12599e-06
80 1.47081 1.4708 1.11187e-06
81 1.4708 1.4708 1.09825e-06
82 1.4708 1.4708 1.08496e-06
83 1.47081 1.4708 1.07244e-06
84 1.47081 1.4708 1.06149e-06
85 1.47081 1.4708 1.05276e-06
86 1.47081 1.4708 1.04096e-06
87 1.4708 1.4708 1.02915e-06
88 1.47081 1.4708 1.01795e-06
89 1.47081 1.4708 1.00702e-06
90 1.47081 1.4708 9.95804e-07
91 1.47081 1.4708 9.86692e-07
92 1.47081 1.4708 9.75955e-07
93 1.47081 1.4708 9.69355e-07
94 1.47082 1.47081 9.68934e-07
95 1.47083 1.47081 9.82099e-07
96 1.47083 1.47081 1.01985e-06
97 1.47084 1.47081 1.07694e-06
98 1.47083 1.47081 1.10532e-06
99 1.47083 1.47081 1.12419e-06
100 1.47083 1.47081 1.14042e-06
1 1.51467 1.51467 0
2 1.51466 1.51466 4.82991e-06
3 1.51466 1.51466 2.78942e-06
4 1.51466 1.51466 2.0782e-06
5 1.51465 1.51466 2.44892e-06
6 1.51465 1.51466 2.36549e-06
7 1.51464 1.51465 3.03817e-06
8 1.51464 1.51465 2.99797e-06
9 1.51464 1.51465 2.97948e-06
10 1.51464 1.51465 2.86698e-06
11 1.51464 1.51465 2.65625e-06
12 1.51465 1.51465 2.4326e-06
13 1.51465 1.51465 2.2554e-06
14 1.51465 1.51465 2.10058e-06
15 1.51464 1.51465 2.0797e-06
16 1.51464 1.51465 2.11265e-06
17 1.51462 1.51465 2.55583e-06
18 1.51462 1.51464 2.88602e-06
19 1.51461 1.51464 3.20318e-06
20 1.51461 1.51464 3.38965e-06
21 1.51461 1.51464 3.53983e-06
22 1.51461 1.51464 3.58561e-06
23 1.51461 1.51464 3.66572e-06
24 1.51461 1.51464 3.73858e-06
25 1.5146 1.51463 3.87409e-06
26 1.5146 1.51463 3.90156e-06
27 1.5146 1.51463 3.9326e-06
28 1.5146 1.51463 4.02021e-06
29 1.51459 1.51463 4.18797e-06
30 1.51458 1.51463 4.33445e-06
31 1.51458 1.51463 4.49105e-06
32 1.51457 1.51462 4.65504e-06
33 1.51457 1.51462 4.82406e-06
34 1.51457 1.51462 4.97206e-06
35 1.51456 1.51462 5.10256e-06
36 1.51456 1.51462 5.26047e-06
37 1.51457 1.51462 5.28793e-06
38 1.51458 1.51462 5.25715e-06
39 1.51457 1.51461 5.27063e-06
40 1.51457 1.51461 5.25669e-06
41 1.51458 1.51461 5.21109e-06
42 1.51457 1.51461 5.19277e-06
43 1.51457 1.51461 5.16809e-06
44 1.51456 1.51461 5.19636e-06
45 1.51455 1.51461 5.22757e-06
46 1.51455 1.51461 5.2873e-06
47 1.51455 1.51461 5.32273e-06
48 1.51455 1.5146 5.31738e-06
49 1.51454 1.5146 5.35903e-06
50 1.51455 1.5146 5.36925e-06
51 1.51454 1.5146 5.41259e-06
52 1.51454 1.5146 5.45493e-06
53 1.51453 1.5146 5.49618e-06
54 1.51453 1.5146 5.52664e-06
55 1.51454 1.5146 5.53902e-06
56 1.51453 1.51459 5.56151e-06
57 1.51453 1.51459 5.56804e-06
58 1.51454 1.51459 5.56126e-06
59 1.51455 1.51459 5.51351e-06
60 1.51455 1.51459 5.47045e-06
61 1.51455 1.51459 5.42662e-06
62 1.51455 1.51459 5.37298e-06
63 1.51456 1.51459 5.31181e-06
64 1.51455 1.51459 5.2591e-06
65 1.51455 1.51459 5.21958e-06
66 1.51454 1.51459 5.19419e-06
67 1.51454 1.51459 5.16766e-06
68 1.51454 1.51459 5.14032e-06
69 1.51453 1.51459 5.12215e-06
70 1.51453 1.51458 5.10282e-06
71 1.51453 1.51458 5.08235e-06
72 1.51453 1.51458 5.06527e-06
73 1.51454 1.51458 5.0375e-06
74 1.51454 1.51458 4.99717e-06
75 1.51454 1.51458 4.96315e-06
76 1.51454 1.51458 4.92833e-06
77 1.51454 1.51458 4.89009e-06
78 1.51454 1.51458 4.84954e-06
79 1.51454 1.51458 4.81316e-06
80 1.51455 1.51458 4.76946e-06
81 1.51454 1.51458 4.73799e-06
82 1.51453 1.51458 4.71649e-06
83 1.51452 1.51458 4.7051e-06
84 1.51452 1.51458 4.69172e-06
85 1.51451 1.51458 4.69254e-06
86 1.51451 1.51457 4.70411e-06
87 1.51452 1.51457 4.69646e-06
88 1.51451 1.51457 4.69563e-06
89 1.51452 1.51457 4.68606e-06
90 1.51452 1.51457 4.66588e-06
91 1.51453 1.51457 4.63455e-06
92 1.51454 1.51457 4.59896e-06
93 1.51454 1.51457 4.56372e-06
94 1.51454 1.51457 4.5308e-06
95 1.51453 1.51457 4.50482e-06
96 1.51454 1.51457 4.47211e-06
97 1.51453 1.51457 4.44164e-06
98 1.51453 1.51457 4.4134e-06
99 1.51452 1.51457 4.3921e-06
100 1.51452 1.51457 4.37056e-06
1 1.47935 1.47935 0
2 1.47935 1.47935 1.23239e-06
3 1.47935 1.47935 7.94387e-07
4 1.47935 1.47935 7.02412e-07
5 1.47934 1.47935 1.29935e-06
6 1.47935 1.47935 1.13906e-06
7 1.47935 1.47935 1.0162e-06
8 1.47935 1.47935 9.36286e-07
9 1.47936 1.47935 1.11552e-06
10 1.47935 1.47935 1.06316e-06
11 1.47935 1.47935 1.01124e-06
12 1.47934 1.47935 1.03316e-06
13 1.47934 1.47935 1.11051e-06
14 1.47934 1.47935 1.219e-06
15 1.47935 1.47935 1.13749e-06
16 1.47935 1.47935 1.08936e-06
17 1.47935 1.47935 1.08657e-06
18 1.47936 1.47935 1.26237e-06
19 1.47936 1.47935 1.37002e-06
20 1.47937 1.47935 1.61749e-06
21 1.47937 1.47935 1.76543e-06
22 1.47936 1.47935 1.74309e-06
23 1.47937 1.47935 1.85355e-06
24 1.47938 1.47935 2.15888e-06
25 1.47937 1.47935 2.14434e-06
26 1.47937 1.47935 2.1233e-06
27 1.47936 1.47936 2.06557e-06
28 1.47937 1.47936 2.04218e-06
29 1.47937 1.47936 2.0583e-06
30 1.47938 1.47936 2.08863e-06
31 1.47938 1.47936 2.10751e-06
32 1.47937 1.47936 2.09853e-06
33 1.47938 1.47936 2.1213e-06
34 1.47938 1.47936 2.13404e-06
35 1.47938 1.47936 2.13881e-06
36 1.47938 1.47936 2.15359e-06
37 1.47938 1.47936 2.17747e-06
38 1.47938 1.47936 2.16408e-06
39 1.47939 1.47936 2.20789e-06
40 1.47938 1.47936 2.21044e-06
41 1.47938 1.47936 2.18637e-06
42 1.47938 1.47936 2.18248e-06
43 1.47939 1.47936 2.20025e-06
44 1.47939 1.47936 2.21205e-06
45 1.4794 1.47937 2.27545e-06
46 1.4794 1.47937 2.34164e-06
47 1.4794 1.47937 2.3949e-06
48 1.4794 1.47937 2.45155e-06
49 1.4794 1.47937 2.47245e-06
50 1.47939 1.47937 2.46795e-06
51 1.4794 1.47937 2.49057e-06
52 1.4794 1.47937 2.51863e-06
53 1.4794 1.47937 2.54097e-06
54 1.4794 1.47937 2.54029e-06
55 1.4794 1.47937 2.54596e-06
56 1.47939 1.47937 2.52742e-06
57 1.47939 1.47937 2.49815e-06
58 1.47938 1.47937 2.45918e-06
59 1.47938 1.47937 2.41941e-06
60 1.47938 1.47937 2.38565e-06
61 1.47938 1.47937 2.34695e-06
62 1.47938 1.47937 2.31501e-06
63 1.47938 1.47937 2.28135e-06
64 1.47939 1.47937 2.26103e-06
65 1.47937 1.47937 2.22598e-06
66 1.47937 1.47937 2.19492e-06
67 1.47937 1.47937 2.16209e-06
68 1.47938 1.47937 2.13209e-06
69 1.47937 1.47937 2.10102e-06
70 1.47936 1.47937 2.07422e-06
71 1.47936 1.47937 2.04816e-06
72 1.47936 1.47937 2.02271e-06
73 1.47936 1.47937 2.00543e-06
74 1.47935 1.47937 1.99527e-06
75 1.47936 1.47937 1.9804e-06
76 1.47935 1.47937 1.96835e-06
77 1.47935 1.47937 1.95537e-06
78 1.47935 1.47937 1.94926e-06
79 1.47935 1.47937 1.94646e-06
80 1.47935 1.47937 1.94742e-06
81 1.47935 1.47937 1.94776e-06
82 1.47934 1.47937 1.9577e-06
83 1.47934 1.47937 1.9573e-06
84 1.47934 1.47937 1.96128e-06
85 1.47934 1.47937 1.96475e-06
86 1.47934 1.47937 1.97224e-06
87 1.47934 1.47937 1.97421e-06
88 1.47934 1.47937 1.98445e-06
89 1.47934 1.47937 1.99326e-06
90 1.47933 1.47937 2.00539e-06
91 1.47934 1.47937 2.01137e-06
92 1.47934 1.47937 2.00843e-06
93 1.47935 1.47937 1.99867e-06
94 1.47935 1.47937 1.98395e-06
95 1.47936 1.47937 1.96593e-06
96 1.47936 1.47937 1.94816e-06
97 1.47936 1.47937 1.93065e-06
98 1.47935 1.47937 1.91647e-06
99 1.47935 1.47937 1.90073e-06
100 1.47935 1.47937 1.88675e-06
1 1.4275 1.4275 0
2 1.42751 1.42751 3.58608e-06
3 1.4275 1.4275 2.84675e-06
4 1.42749 1.4275 4.42075e-06
5 1.42749 1.4275 3.90901e-06
6 1.42749 1.4275 3.30586e-06
7 1.42749 1.4275 2.95173e-06
8 1.42749 1.4275 2.65348e-06
9 1.4275 1.4275 2.35244e-06
10 1.4275 1.4275 2.11312e-06
11 1.42751 1.4275 2.16823e-06
12 1.42751 1.4275 2.15573e-06
13 1.42751 1.4275 2.17967e-06
14 1.42751 1.4275 2.16153e-06
15 1.42751 1.4275 2.043e-06
16 1.4275 1.4275 1.93539e-06
17 1.4275 1.4275 1.8243e-06
18 1.4275 1.4275 1.71998e-06
19 1.42749 1.4275 1.67165e-06
20 1.42749 1.4275 1.6533e-06
21 1.4275 1.4275 1.58524e-06
22 1.4275 1.4275 1.51181e-06
23 1.42749 1.4275 1.47155e-06
24 1.42749 1.4275 1.43196e-06
25 1.42749 1.4275 1.39307e-06
26 1.4275 1.4275 1.33872e-06
27 1.4275 1.4275 1.28988e-06
28 1.4275 1.4275 1.24461e-06
29 1.42751 1.4275 1.22158e-06
30 1.42752 1.4275 1.32399e-06
31 1.42752 1.4275 1.46269e-06
32 1.42752 1.4275 1.52967e-06
33 1.42753 1.4275 1.6935e-06
34 1.42753 1.4275 1.90697e-06
35 1.42754 1.4275 2.15753e-06
36 1.42756 1.4275 2.54169e-06
37 1.42756 1.42751 2.82167e-06
38 1.42756 1.42751 3.03702e-06
39 1.42756 1.42751 3.28311e-06
40 1.42757 1.42751 3.50293e-06
41 1.42756 1.42751 3.65812e-06
42 1.42757 1.42751 3.80189e-06
43 1.42756 1.42751 3.88327e-06
44 1.42757 1.42752 3.97799e-06
45 1.42756 1.42752 4.01069e-06
46 1.42756 1.42752 4.0566e-06
47 1.42757 1.42752 4.12637e-06
48 1.42757 1.42752 4.18991e-06
49 1.42757 1.42752 4.236e-06
50 1.42757 1.42752 4.27995e-06
51 1.42757 1.42752 4.30204e-06
52 1.42757 1.42752 4.31745e-06
53 1.42757 1.42752 4.31958e-06
54 1.42757 1.42753 4.31169e-06
55 1.42757 1.42753 4.31125e-06
56 1.42757 1.42753 4.31722e-06
57 1.42757 1.42753 4.31219e-06
58 1.42756 1.42753 4.28428e-06
59 1.42756 1.42753 4.23947e-06
60 1.42756 1.42753 4.20981e-06
61 1.42756 1.42753 4.17397e-06
62 1.42755 1.42753 4.12499e-06
63 1.42754 1.42753 4.06339e-06
64 1.42755 1.42753 4.00731e-06
65 1.42754 1.42753 3.95038e-06
66 1.42754 1.42753 3.89196e-06
67 1.42754 1.42753 3.83797e-06
68 1.42754 1.42753 3.78545e-06
69 1.42755 1.42753 3.74071e-06
70 1.42755 1.42753 3.69473e-06
71 1.42754 1.42753 3.64377e-06
72 1.42755 1.42753 3.59839e-06
73 1.42755 1.42753 3.55421e-06
74 1.42754 1.42753 3.50955e-06
75 1.42754 1.42753 3.46606e-06
76 1.42756 1.42753 3.43734e-06
77 1.42757 1.42753 3.41937e-06
78 1.42756 1.42753 3.39758e-06
79 1.42756 1.42753 3.37579e-06
80 1.42757 1.42753 3.36502e-06
81 1.42756 1.42754 3.34287e-06
82 1.42757 1.42754 3.32389e-06
83 1.42757 1.42754 3.30464e-06
84 1.42757 1.42754 3.28837e-06
85 1.42757 1.42754 3.27163e-06
86 1.42757 1.42754 3.25143e-06
87 1.42756 1.42754 3.22589e-06
88 1.42756 1.42754 3.1964e-06
89 1.42757 1.42754 3.18201e-06
90 1.42758 1.42754 3.18105e-06
91 1.42757 1.42754 3.1687e-06
92 1.42759 1.42754 3.1779e-06
93 1.42758 1.42754 3.17765e-06
94 1.42758 1.42754 3.17292e-06
95 1.42758 1.42754 3.16752e-06
96 1.42758 1.42754 3.15543e-06
97 1.42757 1.42754 3.13793e-06
98 1.42758 1.42754 3.12834e-06
99 1.42758 1.42754 3.12129e-06
100 1.42758 1.42754 3.11374e-06
1 1.41053 1.41053 0
2 1.41053 1.41053 1.16848e-06
3 1.41053 1.41053 2.06702e-06
4 1.41053 1.41053 2.03115e-06
5 1.41053 1.41053 1.79284e-06
6 1.41053 1.41053 1.47543e-06
7 1.41053 1.41053 1.33166e-06
8 1.41055 1.41053 3.14251e-06
9 1.41055 1.41053 3.60064e-06
10 1.41056 1.41054 3.98114e-06
11 1.41055 1.41054 3.99041e-06
12 1.41055 1.41054 3.78858e-06
13 1.41055 1.41054 3.59096e-06
14 1.41055 1.41054 3.44004e-06
15 1.41055 1.41054 3.32479e-06
16 1.41056 1.41054 3.33391e-06
17 1.41056 1.41054 3.25958e-06
18 1.41056 1.41054 3.14424e-06
19 1.41055 1.41054 2.99409e-06
20 1.41055 1.41054 2.85778e-06
21 1.41055 1.41054 2.72413e-06
22 1.41055 1.41054 2.59812e-06
23 1.41055 1.41054 2.49772e-06
24 1.41055 1.41055 2.4187e-06
25 1.41056 1.41055 2.43063e-06
26 1.41058 1.41055 2.59725e-06
27 1.41057 1.41055 2.65156e-06
28 1.41057 1.41055 2.71286e-06
29 1.41057 1.41055 2.72734e-06
30 1.41057 1.41055 2.72841e-06
31 1.41057 1.41055 2.73775e-06
32 1.41057 1.41055 2.68857e-06
33 1.41057 1.41055 2.64992e-06
34 1.41056 1.41055 2.59765e-06
35 1.41057 1.41055 2.59582e-06
36 1.41058 1.41055 2.60241e-06
37 1.41058 1.41055 2.63459e-06
38 1.41057 1.41055 2.59301e-06
39 1.41056 1.41055 2.52663e-06
40 1.41056 1.41055 2.46275e-06
41 1.41056 1.41056 2.40217e-06
42 1.41056 1.41056 2.34466e-06
43 1.41056 1.41056 2.28986e-06
44 1.41055 1.41056 2.2373e-06
45 1.41055 1.41055 2.19503e-06
46 1.41055 1.41055 2.15122e-06
47 1.41055 1.41055 2.10688e-06
48 1.41054 1.41055 2.07634e-06
49 1.41054 1.41055 2.05256e-06
50 1.41054 1.41055 2.02856e-06
51 1.41055 1.41055 1.99462e-06
52 1.41054 1.41055 1.97012e-06
53 1.41055 1.41055 1.93703e-06
54 1.41055 1.41055 1.90461e-06
55 1.41055 1.41055 1.86983e-06
56 1.41055 1.41055 1.8373e-06
57 1.41055 1.41055 1.80591e-06
58 1.41055 1.41055 1.77569e-06
59 1.41055 1.41055 1.74553e-06
60 1.41055 1.41055 1.71756e-06
61 1.41055 1.41055 1.69058e-06
62 1.41055 1.41055 1.66311e-06
63 1.41055 1.41055 1.63677e-06
64 1.41055 1.41055 1.61102e-06
65 1.41054 1.41055 1.59191e-06
66 1.41055 1.41055 1.57051e-06
67 1.41054 1.41055 1.55205e-06
68 1.41055 1.41055 1.53149e-06
69 1.41055 1.41055 1.51136e-06
70 1.41055 1.41055 1.49027e-06
71 1.41055 1.41055 1.46915e-06
72 1.41056 1.41055 1.45396e-06
73 1.41056 1.41055 1.43903e-06
74 1.41056 1.41055 1.42727e-06
75 1.41056 1.41055 1.41541e-06
76 1.41056 1.41055 1.4034e-06
77 1.41056 1.41055 1.3868e-06
78 1.41057 1.41055 1.37781e-06
79 1.41056 1.41055 1.36325e-06
80 1.41056 1.41055 1.34729e-06
81 1.41056 1.41055 1.33534e-06
82 1.41057 1.41055 1.32962e-06
83 1.41056 1.41055 1.32056e-06
84 1.41057 1.41055 1.31869e-06
85 1.41057 1.41055 1.30988e-06
86 1.41057 1.41055 1.30134e-06
87 1.41057 1.41055 1.29976e-06
88 1.41057 1.41055 1.29805e-06
89 1.41057 1.41055 1.28976e-06
90 1.41058 1.41055 1.29605e-06
91 1.41057 1.41056 1.28737e-06
92 1.41057 1.41056 1.27854e-06
93 1.41057 1.41056 1.27195e-06
94 1.41057 1.41056 1.26496e-06
95 1.41057 1.41056 1.26726e-06
96 1.41058 1.41056 1.27286e-06
97 1.41058 1.41056 1.2778e-06
98 1.41058 1.41056 1.28648e-06
99 1.41057 1.41056 1.28668e-06
100 1.41057 1.41056 1.2865e-06
1 1.36431 1.36431 0
2 1.3643 1.36431 3.59331e-06
3 1.36431 1.36431 2.11226e-06
4 1.3643 1.36431 1.66946e-06
5 1.3643 1.36431 1.35147e-06
6 1.3643 1.3643 1.4947e-06
7 1.3643 1.3643 1.63567e-06
8 1.3643 1.3643 1.61848e-06
9 1.36429 1.3643 1.68322e-06
10 1.36429 1.3643 1.93305e-06
11 1.36429 1.3643 2.13735e-06
12 1.36429 1.3643 2.05469e-06
13 1.3643 1.3643 1.89834e-06
14 1.3643 1.3643 1.76413e-06
15 1.3643 1.3643 1.64812e-06
16 1.3643 1.3643 1.56677e-06
17 1.3643 1.3643 1.47655e-06
18 1.3643 1.3643 1.41447e-06
19 1.36429 1.3643 1.39313e-06
20 1.36429 1.3643 1.39912e-06
21 1.3643 1.3643 1.34359e-06
22 1.3643 1.3643 1.28198e-06
23 1.3643 1.3643 1.22571e-06
24 1.3643 1.3643 1.18478e-06
25 1.36429 1.3643 1.21837e-06
26 1.36428 1.3643 1.4561e-06
27 1.36428 1.3643 1.57401e-06
28 1.36427 1.3643 1.81975e-06
29 1.36427 1.3643 1.91769e-06
30 1.36428 1.36429 1.95909e-06
31 1.36428 1.36429 1.98487e-06
32 1.36428 1.36429 1.97987e-06
33 1.36427 1.36429 2.00707e-06
34 1.36427 1.36429 2.04465e-06
35 1.36428 1.36429 2.02295e-06
36 1.36428 1.36429 1.98949e-06
37 1.36429 1.36429 1.93712e-06
38 1.36428 1.36429 1.90782e-06
39 1.36428 1.36429 1.88894e-06
40 1.36428 1.36429 1.85986e-06
41 1.36428 1.36429 1.82411e-06
42 1.36429 1.36429 1.78068e-06
43 1.3643 1.36429 1.74551e-06
44 1.3643 1.36429 1.72442e-06
45 1.3643 1.36429 1.69666e-06
46 1.3643 1.36429 1.66972e-06
47 1.3643 1.36429 1.6498e-06
48 1.3643 1.36429 1.6241e-06
49 1.3643 1.36429 1.59912e-06
50 1.3643 1.36429 1.56812e-06
51 1.3643 1.36429 1.55685e-06
52 1.3643 1.36429 1.52995e-06
53 1.3643 1.36429 1.50391e-06
54 1.36429 1.36429 1.47634e-06
55 1.36429 1.36429 1.45481e-06
56 1.36429 1.36429 1.43413e-06
57 1.36428 1.36429 1.42416e-06
58 1.36428 1.36429 1.40917e-06
59 1.36428 1.36429 1.40657e-06
60 1.36427 1.36429 1.4106e-06
61 1.36428 1.36429 1.39526e-06
62 1.36428 1.36429 1.37907e-06
63 1.36428 1.36429 1.36536e-06
64 1.36428 1.36429 1.36547e-06
65 1.36429 1.36429 1.34685e-06
66 1.36428 1.36429 1.33202e-06
67 1.36429 1.36429 1.31358e-06
68 1.36428 1.36429 1.29905e-06
69 1.36428 1.36429 1.2893e-06
70 1.36427 1.36429 1.28972e-06
71 1.36428 1.36429 1.28405e-06
72 1.36428 1.36429 1.27764e-06
73 1.36427 1.36429 1.28046e-06
74 1.36427 1.36429 1.28175e-06
75 1.36427 1.36429 1.28734e-06
76 1.36427 1.36429 1.30408e-06
77 1.36427 1.36429 1.3183e-06
78 1.36428 1.36429 1.31048e-06
79 1.36429 1.36429 1.29378e-06
80 1.36429 1.36429 1.27894e-06
81 1.3643 1.36429 1.27165e-06
82 1.3643 1.36429 1.27224e-06
83 1.36431 1.36429 1.28239e-06
84 1.36432 1.36429 1.31762e-06
85 1.36432 1.36429 1.35654e-06
86 1.36431 1.36429 1.37139e-06
87 1.36431 1.36429 1.37915e-06
88 1.36431 1.36429 1.38569e-06
89 1.36431 1.36429 1.39599e-06
90 1.36432 1.36429 1.41004e-06
91 1.36431 1.36429 1.41308e-06
92 1.36431 1.36429 1.40814e-06
93 1.3643 1.36429 1.40015e-06
94 1.3643 1.36429 1.388e-06
95 1.3643 1.36429 1.37785e-06
96 1.36431 1.36429 1.37267e-06
97 1.36429 1.36429 1.35887e-06
98 1.36429 1.36429 1.34501e-06
99 1.36429 1.36429 1.33143e-06
100 1.36428 1.36429 1.32071e-06
1 1.40805 1.40805 0
2 1.40805 1.40805 2.38488e-06
3 1.40805 1.40805 2.11633e-06
4 1.40805 1.40805 1.77545e-06
5 1.40805 1.40805 1.48538e-06
6 1.40806 1.40805 1.67925e-06
7 1.40806 1.40805 1.50407e-06
8 1.40806 1.40805 1.63008e-06
9 1.40806 1.40805 1.63562e-06
10 1.40807 1.40806 2.15914e-06
11 1.40807 1.40806 2.23854e-06
12 1.40807 1.40806 2.23842e-06
13 1.40807 1.40806 2.14045e-06
14 1.40806 1.40806 2.04146e-06
15 1.40806 1.40806 1.945e-06
16 1.40806 1.40806 1.85322e-06
17 1.40807 1.40806 1.79652e-06
18 1.40807 1.40806 1.73832e-06
19 1.40806 1.40806 1.65946e-06
20 1.40805 1.40806 1.65466e-06
21 1.40805 1.40806 1.67498e-06
22 1.40804 1.40806 1.75835e-06
23 1.40804 1.40806 1.85e-06
24 1.40804 1.40806 1.94701e-06
25 1.40804 1.40806 2.01021e-06
26 1.40804 1.40806 2.02106e-06
27 1.40804 1.40805 2.04699e-06
28 1.40804 1.40805 2.03679e-06
29 1.40804 1.40805 2.04146e-06
30 1.40805 1.40805 1.98203e-06
31 1.40804 1.40805 1.96045e-06
32 1.40805 1.40805 1.90011e-06
33 1.40806 1.40805 1.86296e-06
34 1.40806 1.40805 1.83819e-06
35 1.40807 1.40805 1.84126e-06
36 1.40807 1.40805 1.83967e-06
37 1.40807 1.40806 1.84955e-06
38 1.40807 1.40806 1.85412e-06
39 1.40807 1.40806 1.8542e-06
40 1.40807 1.40806 1.83846e-06
41 1.40806 1.40806 1.79877e-06
42 1.40806 1.40806 1.75701e-06
43 1.40805 1.40806 1.7185e-06
44 1.40805 1.40806 1.68181e-06
45 1.40805 1.40806 1.64452e-06
46 1.40805 1.40806 1.61457e-06
47 1.40805 1.40806 1.58199e-06
48 1.40806 1.40806 1.55038e-06
49 1.40806 1.40806 1.52787e-06
50 1.40806 1.40806 1.49868e-06
51 1.40805 1.40806 1.4736e-06
52 1.40806 1.40806 1.44513e-06
53 1.40806 1.40806 1.4178e-06
54 1.40807 1.40806 1.40514e-06
55 1.40807 1.40806 1.41518e-06
56 1.40807 1.40806 1.40656e-06
57 1.40807 1.40806 1.41156e-06
58 1.40807 1.40806 1.40644e-06
59 1.40806 1.40806 1.38359e-06
60 1.40807 1.40806 1.37574e-06
61 1.40807 1.40806 1.36634e-06
62 1.40809 1.40806 1.41677e-06
63 1.40808 1.40806 1.45101e-06
64 1.40809 1.40806 1.49683e-06
65 1.40809 1.40806 1.53489e-06
66 1.40809 1.40806 1.56436e-06
67 1.40808 1.40806 1.57322e-06
68 1.40808 1.40806 1.57529e-06
69 1.40808 1.40806 1.59044e-06
70 1.40809 1.40806 1.6318e-06
71 1.40809 1.40806 1.66675e-06
72 1.4081 1.40806 1.70701e-06
73 1.40809 1.40806 1.72138e-06
74 1.40809 1.40806 1.74211e-06
75 1.4081 1.40806 1.77656e-06
76 1.4081 1.40806 1.80086e-06
77 1.40809 1.40806 1.81651e-06
78 1.40809 1.40806 1.83069e-06
79 1.4081 1.40807 1.86316e-06
80 1.4081 1.40807 1.89945e-06
81 1.4081 1.40807 1.92512e-06
82 1.4081 1.40807 1.9418e-06
83 1.4081 1.40807 1.95089e-06
84 1.4081 1.40807 1.95835e-06
85 1.4081 1.40807 1.96926e-06
86 1.4081 1.40807 1.98349e-06
87 1.4081 1.40807 1.98618e-06
88 1.4081 1.40807 1.9877e-06
89 1.4081 1.40807 1.99237e-06
90 1.4081 1.40807 1.99575e-06
91 1.4081 1.40807 2.0067e-06
92 1.4081 1.40807 2.02056e-06
93 1.4081 1.40807 2.02796e-06
94 1.40811 1.40807 2.04272e-06
95 1.40811 1.40807 2.06006e-06
96 1.40811 1.40807 2.07509e-06
97 1.40811 1.40807 2.08374e-06
98 1.40811 1.40807 2.09091e-06
99 1.40811 1.40807 2.09696e-06
100 1.40811 1.40807 2.11033e-06
1 1.34249 1.34249 0
2 1.34249 1.34249 3.89277e-06
3 1.34249 1.34249 2.24857e-06
4 1.34249 1.34249 1.59101e-06
5 1.34249 1.34249 1.30967e-06
6 1.34249 1.34249 1.12385e-06
7 1.34249 1.34249 1.14448e-06
8 1.3425 1.34249 1.60647e-06
9 1.3425 1.34249 1.87789e-06
10 1.3425 1.34249 1.94779e-06
11 1.34251 1.34249 2.15652e-06
12 1.3425 1.34249 2.07189e-06
13 1.3425 1.3425 2.04016e-06
14 1.34251 1.3425 2.04553e-06
15 1.3425 1.3425 1.97103e-06
16 1.34249 1.3425 1.85095e-06
17 1.3425 1.3425 1.74289e-06
18 1.34249 1.3425 1.698e-06
19 1.34249 1.3425 1.68575e-06
20 1.34249 1.34249 1.66429e-06
21 1.34249 1.34249 1.63632e-06
22 1.34249 1.34249 1.568e-06
23 1.34249 1.34249 1.53718e-06
24 1.34248 1.34249 1.55661e-06
25 1.34248 1.34249 1.53743e-06
26 1.34248 1.34249 1.56497e-06
27 1.34247 1.34249 1.71821e-06
28 1.34248 1.34249 1.76002e-06
29 1.34247 1.34249 1.84318e-06
30 1.34248 1.34249 1.83112e-06
31 1.34248 1.34249 1.81418e-06
32 1.34248 1.34249 1.81014e-06
33 1.34247 1.34249 1.83927e-06
34 1.34246 1.34249 1.92849e-06
35 1.34246 1.34249 1.99785e-06
36 1.34247 1.34249 2.01363e-06
37 1.34248 1.34249 1.96787e-06
38 1.34248 1.34249 1.91955e-06
39 1.34248 1.34249 1.87388e-06
40 1.34249 1.34249 1.82643e-06
41 1.34247 1.34249 1.80514e-06
42 1.34248 1.34249 1.76906e-06
43 1.34249 1.34249 1.72893e-06
44 1.34249 1.34249 1.68931e-06
45 1.34249 1.34249 1.65313e-06
46 1.34249 1.34249 1.62175e-06
47 1.34249 1.34249 1.59152e-06
48 1.34248 1.34249 1.55832e-06
49 1.34249 1.34249 1.52633e-06
50 1.34249 1.34249 1.49569e-06
51 1.34248 1.34249 1.48051e-06
52 1.34247 1.34249 1.50033e-06
53 1.34247 1.34249 1.49726e-06
54 1.34247 1.34249 1.5116e-06
55 1.34247 1.34248 1.51447e-06
56 1.34246 1.34248 1.55825e-06
57 1.34245 1.34248 1.62144e-06
58 1.34245 1.34248 1.70238e-06
59 1.34244 1.34248 1.79877e-06
60 1.34244 1.34248 1.92337e-06
61 1.34244 1.34248 2.01399e-06
62 1.34243 1.34248 2.14464e-06
63 1.34242 1.34248 2.29698e-06
64 1.34243 1.34248 2.39951e-06
65 1.34243 1.34248 2.46557e-06
66 1.34243 1.34248 2.53263e-06
67 1.34242 1.34248 2.63253e-06
68 1.34243 1.34248 2.68963e-06
69 1.34241 1.34247 2.79866e-06
70 1.34241 1.34247 2.90402e-06
71 1.34241 1.34247 2.996e-06
72 1.34241 1.34247 3.08576e-06
73 1.34241 1.34247 3.16411e-06
74 1.34241 1.34247 3.24068e-06
75 1.34241 1.34247 3.29898e-06
76 1.34241 1.34247 3.35641e-06
77 1.3424 1.34247 3.43645e-06
78 1.3424 1.34247 3.49141e-06
79 1.34241 1.34247 3.52035e-06
80 1.34241 1.34247 3.5579e-06
81 1.3424 1.34246 3.59778e-06
82 1.34241 1.34246 3.61666e-06
83 1.3424 1.34246 3.64407e-06
84 1.34241 1.34246 3.64842e-06
85 1.34241 1.34246 3.66535e-06
86 1.34241 1.34246 3.67963e-06
87 1.34242 1.34246 3.67433e-06
88 1.34241 1.34246 3.67167e-06
89 1.34241 1.34246 3.66765e-06
90 1.34241 1.34246 3.66616e-06
91 1.34242 1.34246 3.65621e-06
92 1.34242 1.34246 3.64549e-06
93 1.34242 1.34246 3.63409e-06
94 1.34242 1.34246 3.61911e-06
95 1.34242 1.34246 3.60376e-06
96 1.34242 1.34246 3.58297e-06
97 1.34244 1.34246 3.55116e-06
98 1.34244 1.34246 3.5213e-06
99 1.34243 1.34246 3.49344e-06
100 1.34244 1.34246 3.46453e-06
1 1.40563 1.40563 0
2 1.40564 1.40563 3.47555e-06
3 1.40565 1.40564 4.70466e-06
4 1.40564 1.40564 3.64263e-06
5 1.40564 1.40564 2.82316e-06
6 1.40563 1.40564 2.6301e-06
7 1.40564 1.40564 2.2925e-06
8 1.40564 1.40564 2.13796e-06
9 1.40565 1.40564 2.00044e-06
10 1.40565 1.40564 1.88679e-06
11 1.40565 1.40564 2.08508e-06
12 1.40566 1.40564 2.38349e-06
13 1.40566 1.40564 2.60484e-06
14 1.40567 1.40565 2.85281e-06
15 1.40567 1.40565 3.18367e-06
16 1.40567 1.40565 3.26801e-06
17 1.40568 1.40565 3.44863e-06
18 1.40567 1.40565 3.48126e-06
19 1.40568 1.40565 3.60966e-06
20 1.40568 1.40566 3.71851e-06
21 1.40568 1.40566 3.6697e-06
22 1.40568 1.40566 3.67123e-06
23 1.40567 1.40566 3.5605e-06
24 1.40568 1.40566 3.54118e-06
25 1.40569 1.40566 3.5626e-06
26 1.40569 1.40566 3.61927e-06
27 1.40569 1.40566 3.6006e-06
28 1.40569 1.40566 3.57201e-06
29 1.40568 1.40566 3.51897e-06
30 1.40569 1.40566 3.49784e-06
31 1.40569 1.40566 3.45437e-06
32 1.40569 1.40567 3.40941e-06
33 1.40568 1.40567 3.3512e-06
34 1.40568 1.40567 3.28399e-06
35 1.40568 1.40567 3.22933e-06
36 1.40569 1.40567 3.21133e-06
37 1.40569 1.40567 3.18836e-06
38 1.40569 1.40567 3.13955e-06
39 1.4057 1.40567 3.14796e-06
40 1.4057 1.40567 3.17626e-06
41 1.4057 1.40567 3.20801e-06
42 1.4057 1.40567 3.21557e-06
43 1.40571 1.40567 3.25635e-06
44 1.40571 1.40567 3.31475e-06
45 1.40571 1.40567 3.35984e-06
46 1.40572 1.40568 3.42121e-06
47 1.40571 1.40568 3.44433e-06
48 1.40571 1.40568 3.44929e-06
49 1.40571 1.40568 3.43113e-06
50 1.40571 1.40568 3.41929e-06
51 1.40571 1.40568 3.42268e-06
52 1.40571 1.40568 3.41367e-06
53 1.4057 1.40568 3.38127e-06
54 1.40571 1.40568 3.35527e-06
55 1.4057 1.40568 3.30455e-06
56 1.40569 1.40568 3.24974e-06
57 1.40568 1.40568 3.19254e-06
58 1.40568 1.40568 3.138e-06
59 1.40568 1.40568 3.08436e-06
60 1.40568 1.40568 3.0328e-06
61 1.40569 1.40568 2.98496e-06
62 1.40569 1.40568 2.94258e-06
63 1.40569 1.40568 2.90143e-06
64 1.40569 1.40568 2.8615e-06
65 1.40569 1.40568 2.81795e-06
66 1.40568 1.40568 2.77509e-06
67 1.4057 1.40568 2.74096e-06
68 1.40569 1.40568 2.70504e-06
69 1.40569 1.40568 2.66804e-06
70 1.40569 1.40568 2.63343e-06
71 1.40569 1.40568 2.60141e-06
72 1.40568 1.40568 2.5653e-06
73 1.40568 1.40568 2.53008e-06
74 1.40568 1.40568 2.49654e-06
75 1.40568 1.40568 2.46322e-06
76 1.40568 1.40568 2.43073e-06
77 1.40568 1.40568 2.39906e-06
78 1.40568 1.40568 2.36951e-06
79 1.40568 1.40568 2.3407e-06
80 1.40567 1.40568 2.3155e-06
81 1.40567 1.40568 2.291e-06
82 1.40568 1.40568 2.26436e-06
83 1.40566 1.40568 2.24803e-06
84 1.40566 1.40568 2.23785e-06
85 1.40566 1.40568 2.23038e-06
86 1.40566 1.40568 2.22529e-06
87 1.40566 1.40568 2.2187e-06
88 1.40565 1.40568 2.21448e-06
89 1.40565 1.40568 2.20938e-06
90 1.40565 1.40568 2.20404e-06
91 1.40565 1.40568 2.19891e-06
92 1.40565 1.40568 2.19409e-06
93 1.40565 1.40568 2.18621e-06
94 1.40565 1.40568 2.1784e-06
95 1.40565 1.40568 2.17349e-06
96 1.40565 1.40568 2.16511e-06
97 1.40566 1.40568 2.15376e-06
98 1.40566 1.40568 2.14223e-06
99 1.40566 1.40568 2.13053e-06
100 1.40566 1.40568 2.11871e-06
1 1.40855 1.40855 0
2 1.40854 1.40855 3.52525e-06
3 1.40854 1.40854 4.07737e-06
4 1.40854 1.40854 3.3801e-06
5 1.40854 1.40854 2.68327e-06
6 1.40854 1.40854 2.19089e-06
7 1.40854 1.40854 1.88364e-06
8 1.40854 1.40854 1.72586e-06
9 1.40854 1.40854 1.5864e-06
10 1.40854 1.40854 1.42482e-06
11 1.40854 1.40854 1.39942e-06
12 1.40854 1.40854 1.30426e-06
13 1.40853 1.40854 1.33643e-06
14 1.40854 1.40854 1.28064e-06
15 1.40854 1.40854 1.22301e-06
16 1.40853 1.40854 1.25379e-06
17 1.40852 1.40854 1.4496e-06
18 1.40852 1.40854 1.68923e-06
19 1.40852 1.40854 1.76689e-06
20 1.40852 1.40853 1.97271e-06
21 1.40851 1.40853 2.10727e-06
22 1.40851 1.40853 2.24479e-06
23 1.40852 1.40853 2.23355e-06
24 1.40853 1.40853 2.15736e-06
25 1.40852 1.40853 2.10039e-06
26 1.40853 1.40853 2.02347e-06
27 1.40854 1.40853 1.95136e-06
28 1.40854 1.40853 1.88446e-06
29 1.40853 1.40853 1.81869e-06
30 1.40854 1.40853 1.76765e-06
31 1.40853 1.40853 1.70993e-06
32 1.40854 1.40853 1.68686e-06
33 1.40854 1.40853 1.63728e-06
34 1.40853 1.40853 1.58844e-06
35 1.40854 1.40853 1.54437e-06
36 1.40853 1.40853 1.50088e-06
37 1.40853 1.40853 1.4647e-06
38 1.40853 1.40853 1.43641e-06
39 1.40853 1.40853 1.403e-06
40 1.40854 1.40853 1.3698e-06
41 1.40854 1.40853 1.3382e-06
42 1.40853 1.40853 1.3065e-06
43 1.40853 1.40853 1.27894e-06
44 1.40853 1.40853 1.24991e-06
45 1.40852 1.40853 1.23592e-06
46 1.40853 1.40853 1.20895e-06
47 1.40854 1.40853 1.18581e-06
48 1.40853 1.40853 1.16275e-06
49 1.40853 1.40853 1.14044e-06
50 1.40853 1.40853 1.11889e-06
51 1.40853 1.40853 1.09737e-06
52 1.40853 1.40853 1.08096e-06
53 1.40853 1.40853 1.06084e-06
54 1.40854 1.40853 1.04716e-06
55 1.40853 1.40853 1.02809e-06
56 1.40854 1.40853 1.014e-06
57 1.40854 1.40853 1.00401e-06
58 1.40854 1.40853 9.89302e-07
59 1.40854 1.40853 9.74494e-07
60 1.40854 1.40853 9.59758e-07
61 1.40854 1.40853 9.52853e-07
62 1.40854 1.40853 9.5276e-07
63 1.40854 1.40853 9.43545e-07
64 1.40853 1.40853 9.28938e-07
65 1.40853 1.40853 9.21332e-07
66 1.40853 1.40853 9.07265e-07
67 1.40853 1.40853 8.93906e-07
68 1.40854 1.40853 8.86915e-07
69 1.40853 1.40853 8.74134e-07
70 1.40854 1.40853 8.62646e-07
71 1.40854 1.40853 8.53771e-07
72 1.40855 1.40853 8.60061e-07
73 1.40855 1.40853 8.66262e-07
74 1.40855 1.40853 8.72269e-07
75 1.40854 1.40853 8.72223e-07
76 1.40855 1.40853 8.84309e-07
77 1.40855 1.40853 8.95288e-07
78 1.40856 1.40853 9.29304e-07
79 1.40855 1.40853 9.31681e-07
80 1.40854 1.40853 9.22723e-07
81 1.40853 1.40853 9.11404e-07
82 1.40853 1.40853 9.00327e-07
83 1.40853 1.40853 8.9212e-07
84 1.40854 1.40853 8.8452e-07
85 1.40853 1.40853 8.74136e-07
86 1.40854 1.40853 8.64038e-07
87 1.40853 1.40853 8.5418e-07
88 1.40854 1.40853 8.44475e-07
89 1.40854 1.40853 8.37155e-07
90 1.40855 1.40853 8.43798e-07
91 1.40855 1.40853 8.54807e-07
92 1.40855 1.40854 8.64695e-07
93 1.40855 1.40854 8.64703e-07
94 1.40854 1.40854 8.58645e-07
95 1.40854 1.40854 8.49864e-07
96 1.40854 1.40854 8.44012e-07
97 1.40855 1.40854 8.47547e-07
98 1.40855 1.40854 8.47011e-07
99 1.40856 1.40854 8.64687e-07
100 1.40856 1.40854 8.93427e-07
1 1.38177 1.38177 0
2 1.38178 1.38178 4.79032e-06
3 1.38178 1.38178 2.76594e-06
4 1.38179 1.38178 3.09356e-06
5 1.38178 1.38178 2.44547e-06
6 1.38178 1.38178 1.99822e-06
7 1.38176 1.38178 2.69225e-06
8 1.38176 1.38178 3.18845e-06
9 1.38177 1.38177 2.95569e-06
10 1.38177 1.38177 2.74402e-06
11 1.38177 1.38177 2.55509e-06
12 1.38176 1.38177 2.4369e-06
13 1.38177 1.38177 2.24542e-06
14 1.38177 1.38177 2.07967e-06
15 1.38177 1.38177 1.94726e-06
16 1.38177 1.38177 1.83066e-06
17 1.38177 1.38177 1.72355e-06
18 1.38178 1.38177 1.64169e-06
19 1.38178 1.38177 1.6186e-06
20 1.3818 1.38177 1.90061e-06
21 1.3818 1.38177 2.07202e-06
22 1.38179 1.38178 2.06405e-06
23 1.38178 1.38178 2.00165e-06
24 1.38178 1.38178 1.92015e-06
25 1.38178 1.38178 1.84185e-06
26 1.38178 1.38178 1.76972e-06
27 1.38178 1.38178 1.70308e-06
28 1.38178 1.38178 1.6645e-06
29 1.38179 1.38178 1.64194e-06
30 1.38179 1.38178 1.63532e-06
31 1.38179 1.38178 1.64369e-06
32 1.3818 1.38178 1.71504e-06
33 1.38179 1.38178 1.72279e-06
34 1.3818 1.38178 1.74165e-06
35 1.38179 1.38178 1.75117e-06
36 1.38179 1.38178 1.75324e-06
37 1.38179 1.38178 1.72538e-06
38 1.38178 1.38178 1.68356e-06
39 1.38178 1.38178 1.6435e-06
40 1.38178 1.38178 1.60729e-06
41 1.38178 1.38178 1.56883e-06
42 1.38177 1.38178 1.54672e-06
43 1.38178 1.38178 1.51294e-06
44 1.38178 1.38178 1.4783e-06
45 1.38177 1.38178 1.44993e-06
46 1.38177 1.38178 1.42234e-06
47 1.38178 1.38178 1.39287e-06
48 1.38177 1.38178 1.37239e-06
49 1.38177 1.38178 1.35286e-06
50 1.38177 1.38178 1.34045e-06
51 1.38177 1.38178 1.32832e-06
52 1.38177 1.38178 1.32363e-06
53 1.38177 1.38178 1.31126e-06
54 1.38177 1.38178 1.30554e-06
55 1.38177 1.38178 1.29914e-06
56 1.38177 1.38178 1.28609e-06
57 1.38176 1.38178 1.30413e-06
58 1.38177 1.38178 1.29009e-06
59 1.38176 1.38178 1.30419e-06
60 1.38176 1.38178 1.31578e-06
61 1.38176 1.38178 1.33409e-06
62 1.38176 1.38178 1.33378e-06
63 1.38177 1.38178 1.32162e-06
64 1.38177 1.38178 1.30142e-06
65 1.38177 1.38178 1.28182e-06
66 1.38177 1.38178 1.26281e-06
67 1.38177 1.38178 1.24589e-06
68 1.38177 1.38178 1.2279e-06
69 1.38177 1.38178 1.2104e-06
70 1.38178 1.38178 1.193e-06
71 1.38179 1.38178 1.18435e-06
72 1.38178 1.38178 1.17251e-06
73 1.38178 1.38178 1.16104e-06
74 1.38178 1.38178 1.14746e-06
75 1.38178 1.38178 1.13209e-06
76 1.38177 1.38178 1.12316e-06
77 1.38176 1.38178 1.12215e-06
78 1.38176 1.38178 1.13143e-06
79 1.38176 1.38178 1.12915e-06
80 1.38177 1.38178 1.11971e-06
81 1.38176 1.38178 1.1137e-06
82 1.38177 1.38178 1.10492e-06
83 1.38176 1.38178 1.10804e-06
84 1.38177 1.38177 1.09974e-06
85 1.38177 1.38177 1.08778e-06
86 1.38177 1.38177 1.07608e-06
87 1.38177 1.38177 1.06458e-06
88 1.38178 1.38177 1.05248e-06
89 1.38178 1.38177 1.04072e-06
90 1.38178 1.38177 1.03009e-06
91 1.38177 1.38177 1.01917e-06
92 1.38178 1.38177 1.00922e-06
93 1.38178 1.38177 9.98569e-07
94 1.38178 1.38177 9.92528e-07
95 1.38178 1.38178 9.84238e-07
96 1.38178 1.38178 9.74628e-07
97 1.38178 1.38178 9.65104e-07
98 1.38178 1.38178 9.58475e-07
99 1.38178 1.38178 9.51822e-07
100 1.38179 1.38178 9.53464e-07
1 1.37562 1.37562 0
2 1.37561 1.37561 7.03794e-06
3 1.37562 1.37561 4.39977e-06
4 1.37562 1.37562 3.46359e-06
5 1.37562 1.37562 3.05764e-06
6 1.37562 1.37562 2.70407e-06
7 1.37562 1.37562 2.32667e-06
8 1.37563 1.37562 2.21628e-06
9 1.37563 1.37562 2.17785e-06
10 1.37562 1.37562 1.94808e-06
11 1.37562 1.37562 1.81125e-06
12 1.37562 1.37562 1.65819e-06
13 1.37563 1.37562 1.59107e-06
14 1.37562 1.37562 1.48748e-06
15 1.37562 1.37562 1.39519e-06
16 1.37562 1.37562 1.3051e-06
17 1.37562 1.37562 1.226e-06
18 1.37562 1.37562 1.15607e-06
19 1.37561 1.37562 1.2719e-06
20 1.37561 1.37562 1.29497e-06
21 1.37562 1.37562 1.23462e-06
22 1.37562 1.37562 1.18699e-06
23 1.37562 1.37562 1.13575e-06
24 1.37562 1.37562 1.0936e-06
25 1.37563 1.37562 1.0674e-06
26 1.37562 1.37562 1.02984e-06
27 1.37563 1.37562 1.04616e-06
28 1.37563 1.37562 1.0282e-06
29 1.37563 1.37562 1.00615e-06
30 1.37562 1.37562 9.72099e-07
31 1.37562 1.37562 9.42856e-07
32 1.37563 1.37562 9.25696e-07
33 1.37562 1.37562 8.97347e-07
34 1.37561 1.37562 9.06465e-07
35 1.37561 1.37562 9.30728e-07
36 1.37562 1.37562 9.18248e-07
37 1.37561 1.37562 9.5915e-07
38 1.37561 1.37562 9.93189e-07
39 1.37562 1.37562 9.70943e-07
40 1.37561 1.37562 9.66943e-07
41 1.37561 1.37562 9.61492e-07
42 1.37561 1.37562 9.45842e-07
43 1.37562 1.37562 9.25221e-07
44 1.37562 1.37562 9.05462e-07
45 1.37562 1.37562 8.864e-07
46 1.37561 1.37562 8.79306e-07
47 1.37561 1.37562 8.93416e-07
48 1.37559 1.37562 1.02089e-06
49 1.37559 1.37562 1.12032e-06
50 1.37559 1.37562 1.2005e-06
51 1.37559 1.37562 1.26658e-06
52 1.3756 1.37562 1.30694e-06
53 1.3756 1.37562 1.31764e-06
54 1.3756 1.37562 1.32621e-06
55 1.3756 1.37562 1.32428e-06
56 1.3756 1.37562 1.34972e-06
57 1.37559 1.37562 1.382e-06
58 1.3756 1.37561 1.39853e-06
59 1.37559 1.37561 1.45659e-06
60 1.37559 1.37561 1.49364e-06
61 1.37558 1.37561 1.56024e-06
62 1.37557 1.37561 1.65682e-06
63 1.37557 1.37561 1.75268e-06
64 1.37559 1.37561 1.77172e-06
65 1.37559 1.37561 1.78832e-06
66 1.37559 1.37561 1.79535e-06
67 1.37559 1.37561 1.80796e-06
68 1.37559 1.37561 1.8057e-06
69 1.37558 1.37561 1.8218e-06
70 1.37558 1.37561 1.85884e-06
71 1.37557 1.37561 1.89931e-06
72 1.37558 1.37561 1.91197e-06
73 1.37559 1.37561 1.91053e-06
74 1.37559 1.37561 1.89881e-06
75 1.37559 1.37561 1.895e-06
76 1.37558 1.37561 1.8948e-06
77 1.37558 1.37561 1.89334e-06
78 1.37558 1.37561 1.89107e-06
79 1.37558 1.37561 1.8884e-06
80 1.37558 1.37561 1.89016e-06
81 1.37557 1.37561 1.91389e-06
82 1.37557 1.37561 1.9354e-06
83 1.37558 1.37561 1.94366e-06
84 1.37557 1.3756 1.96137e-06
85 1.37558 1.3756 1.96673e-06
86 1.37558 1.3756 1.96247e-06
87 1.37558 1.3756 1.96563e-06
88 1.37558 1.3756 1.96352e-06
89 1.37557 1.3756 1.97833e-06
90 1.37556 1.3756 2.00173e-06
91 1.37556 1.3756 2.02818e-06
92 1.37556 1.3756 2.05205e-06
93 1.37556 1.3756 2.07363e-06
94 1.37556 1.3756 2.10945e-06
95 1.37555 1.3756 2.14777e-06
96 1.37555 1.3756 2.20074e-06
97 1.37555 1.3756 2.24298e-06
98 1.37555 1.3756 2.28148e-06
99 1.37555 1.3756 2.30628e-06
100 1.37555 1.3756 2.32401e-06
1 1.36433 1.36433 0
2 1.36433 1.36433 1.37382e-07
3 1.36433 1.36433 1.64251e-07
4 1.36433 1.36433 1.31901e-06
5 1.36432 1.36433 2.71144e-06
6 1.36433 1.36433 2.23281e-06
7 1.36433 1.36433 1.89603e-06
8 1.36432 1.36433 1.70916e-06
9 1.36431 1.36432 2.07684e-06
10 1.36431 1.36432 2.61908e-06
11 1.3643 1.36432 2.92127e-06
12 1.3643 1.36432 3.22022e-06
13 1.3643 1.36432 3.25198e-06
14 1.36431 1.36432 3.12106e-06
15 1.36431 1.36432 2.96181e-06
16 1.36431 1.36432 2.7959e-06
17 1.36431 1.36431 2.67118e-06
18 1.3643 1.36431 2.58261e-06
19 1.36431 1.36431 2.44658e-06
20 1.36431 1.36431 2.32106e-06
21 1.36432 1.36431 2.22286e-06
22 1.36432 1.36431 2.12469e-06
23 1.36432 1.36431 2.03582e-06
24 1.36432 1.36432 1.97821e-06
25 1.36432 1.36432 1.90857e-06
26 1.36432 1.36432 1.8356e-06
27 1.36432 1.36432 1.7824e-06
28 1.36432 1.36432 1.74316e-06
29 1.36432 1.36432 1.69293e-06
30 1.36432 1.36432 1.64543e-06
31 1.36432 1.36432 1.61076e-06
32 1.36432 1.36432 1.57758e-06
33 1.36432 1.36432 1.54584e-06
34 1.36432 1.36432 1.49972e-06
35 1.36432 1.36432 1.47201e-06
36 1.36433 1.36432 1.48631e-06
37 1.36432 1.36432 1.45821e-06
38 1.36432 1.36432 1.42052e-06
39 1.36431 1.36432 1.38932e-06
40 1.36432 1.36432 1.35546e-06
41 1.36431 1.36432 1.34186e-06
42 1.36431 1.36432 1.33827e-06
43 1.36431 1.36432 1.32332e-06
44 1.36431 1.36432 1.30112e-06
45 1.3643 1.36432 1.3065e-06
46 1.36431 1.36432 1.29097e-06
47 1.36431 1.36432 1.27563e-06
48 1.3643 1.36432 1.27773e-06
49 1.36431 1.36432 1.25673e-06
50 1.3643 1.36432 1.26786e-06
51 1.36431 1.36432 1.25198e-06
52 1.36431 1.36432 1.2318e-06
53 1.36431 1.36432 1.20835e-06
54 1.36432 1.36432 1.19241e-06
55 1.36431 1.36432 1.17159e-06
56 1.3643 1.36432 1.17898e-06
57 1.3643 1.36431 1.19336e-06
58 1.3643 1.36431 1.21465e-06
59 1.3643 1.36431 1.22282e-06
60 1.3643 1.36431 1.22907e-06
61 1.3643 1.36431 1.2207e-06
62 1.3643 1.36431 1.21245e-06
63 1.36431 1.36431 1.19986e-06
64 1.36431 1.36431 1.18107e-06
65 1.36432 1.36431 1.1664e-06
66 1.36432 1.36431 1.152e-06
67 1.36431 1.36431 1.13479e-06
68 1.36431 1.36431 1.12134e-06
69 1.36431 1.36431 1.108e-06
70 1.36431 1.36431 1.09485e-06
71 1.36431 1.36431 1.08486e-06
72 1.36429 1.36431 1.10389e-06
73 1.36429 1.36431 1.12104e-06
74 1.36429 1.36431 1.16236e-06
75 1.36429 1.36431 1.19883e-06
76 1.36428 1.36431 1.2397e-06
77 1.36429 1.36431 1.26683e-06
78 1.36428 1.36431 1.31565e-06
79 1.36428 1.36431 1.34177e-06
80 1.36429 1.36431 1.35785e-06
81 1.36427 1.36431 1.41022e-06
82 1.36427 1.36431 1.45687e-06
83 1.36428 1.36431 1.48385e-06
84 1.36428 1.36431 1.51519e-06
85 1.36428 1.36431 1.52533e-06
86 1.36428 1.36431 1.55175e-06
87 1.36429 1.36431 1.55413e-06
88 1.36429 1.36431 1.55163e-06
89 1.36429 1.36431 1.54218e-06
90 1.3643 1.36431 1.52823e-06
91 1.36429 1.36431 1.52461e-06
92 1.36431 1.36431 1.50802e-06
93 1.3643 1.36431 1.49444e-06
94 1.36429 1.36431 1.48749e-06
95 1.36429 1.36431 1.48665e-06
96 1.36428 1.36431 1.48899e-06
97 1.36427 1.36431 1.50861e-06
98 1.36427 1.36431 1.53716e-06
99 1.36427 1.36431 1.5688e-06
100 1.36427 1.3643 1.59226e-06
1 1.37578 1.37578 0
2 1.37577 1.37578 4.78761e-06
3 1.37578 1.37578 3.15817e-06
4 1.37578 1.37578 2.23756e-06
5 1.37578 1.37578 1.94851e-06
6 1.37578 1.37578 1.70575e-06
7 1.37578 1.37578 1.44631e-06
8 1.37578 1.37578 1.25611e-06
9 1.37577 1.37578 1.40273e-06
10 1.37578 1.37578 1.25524e-06
11 1.37578 1.37578 1.16845e-06
12 1.37578 1.37578 1.07468e-06
13 1.37578 1.37578 9.93668e-07
14 1.37578 1.37578 9.58658e-07
15 1.37577 1.37578 9.25861e-07
16 1.37577 1.37578 1.01759e-06
17 1.37577 1.37578 1.15015e-06
18 1.37578 1.37578 1.08624e-06
19 1.37578 1.37578 1.0403e-06
20 1.37578 1.37578 9.87065e-07
21 1.37577 1.37578 9.4458e-07
22 1.37577 1.37578 9.05673e-07
23 1.37577 1.37578 8.855e-07
24 1.37576 1.37578 9.64861e-07
25 1.37577 1.37578 9.51436e-07
26 1.37577 1.37578 9.18937e-07
27 1.37577 1.37577 9.1675e-07
28 1.37578 1.37578 8.84624e-07
29 1.37577 1.37577 8.75186e-07
30 1.37577 1.37577 8.45866e-07
31 1.37578 1.37577 8.19257e-07
32 1.37576 1.37577 8.64317e-07
33 1.37576 1.37577 9.30708e-07
34 1.37576 1.37577 1.01268e-06
35 1.37576 1.37577 1.02812e-06
36 1.37576 1.37577 1.08226e-06
37 1.37576 1.37577 1.14766e-06
38 1.37574 1.37577 1.3429e-06
39 1.37575 1.37577 1.45949e-06
40 1.37575 1.37577 1.52793e-06
41 1.37575 1.37577 1.54743e-06
42 1.37575 1.37577 1.59447e-06
43 1.37574 1.37577 1.68888e-06
44 1.37575 1.37577 1.72927e-06
45 1.37576 1.37577 1.71407e-06
46 1.37575 1.37577 1.72967e-06
47 1.37573 1.37577 1.8767e-06
48 1.37573 1.37577 1.97574e-06
49 1.37573 1.37577 2.07295e-06
50 1.37573 1.37576 2.15154e-06
51 1.37574 1.37576 2.16511e-06
52 1.37574 1.37576 2.19426e-06
53 1.37574 1.37576 2.21564e-06
54 1.37574 1.37576 2.23099e-06
55 1.37573 1.37576 2.2853e-06
56 1.37573 1.37576 2.31025e-06
57 1.37573 1.37576 2.33212e-06
58 1.37573 1.37576 2.36119e-06
59 1.37572 1.37576 2.41807e-06
60 1.37572 1.37576 2.49023e-06
61 1.37572 1.37576 2.55246e-06
62 1.37572 1.37576 2.58607e-06
63 1.37572 1.37576 2.59743e-06
64 1.37573 1.37576 2.60489e-06
65 1.37573 1.37576 2.60881e-06
66 1.37573 1.37576 2.60962e-06
67 1.37573 1.37576 2.59686e-06
68 1.37573 1.37575 2.57849e-06
69 1.37573 1.37575 2.55988e-06
70 1.37574 1.37575 2.53122e-06
71 1.37574 1.37575 2.50346e-06
72 1.37574 1.37575 2.47966e-06
73 1.37573 1.37575 2.46823e-06
74 1.37573 1.37575 2.45335e-06
75 1.37574 1.37575 2.42937e-06
76 1.37574 1.37575 2.40378e-06
77 1.37573 1.37575 2.38393e-06
78 1.37575 1.37575 2.35513e-06
79 1.37575 1.37575 2.32552e-06
80 1.37574 1.37575 2.29882e-06
81 1.37575 1.37575 2.27034e-06
82 1.37576 1.37575 2.24446e-06
83 1.37575 1.37575 2.21728e-06
84 1.37576 1.37575 2.19334e-06
85 1.37576 1.37575 2.17099e-06
86 1.37576 1.37575 2.14671e-06
87 1.37576 1.37575 2.12581e-06
88 1.37576 1.37575 2.10304e-06
89 1.37576 1.37575 2.08102e-06
90 1.37576 1.37575 2.05964e-06
91 1.37576 1.37575 2.03881e-06
92 1.37577 1.37575 2.02549e-06
93 1.37578 1.37575 2.02074e-06
94 1.37578 1.37575 2.01555e-06
95 1.37578 1.37575 2.00997e-06
96 1.37578 1.37575 2.01069e-06
97 1.37579 1.37575 2.01435e-06
98 1.37578 1.37576 2.0103e-06
99 1.37578 1.37576 2.0089e-06
100 1.37578 1.37576 2.00681e-06
1 1.43474 1.43474 0
2 1.43474 1.43474 2.44497e-06
3 1.43474 1.43474 2.69542e-06
4 1.43474 1.43474 1.97578e-06
5 1.43475 1.43474 2.29468e-06
6 1.43474 1.43474 2.0582e-06
7 1.43473 1.43474 2.16428e-06
8 1.43473 1.43474 2.24966e-06
9 1.43474 1.43474 2.0235e-06
10 1.43474 1.43474 1.82739e-06
11 1.43473 1.43474 1.6894e-06
12 1.43473 1.43474 1.66581e-06
13 1.43472 1.43474 1.97358e-06
14 1.43471 1.43473 2.54053e-06
15 1.43471 1.43473 2.75674e-06
16 1.43471 1.43473 2.88066e-06
17 1.43471 1.43473 3.00325e-06
18 1.43471 1.43473 2.97391e-06
19 1.43471 1.43473 2.92906e-06
20 1.43471 1.43473 2.9424e-06
21 1.43471 1.43473 2.89922e-06
22 1.4347 1.43473 3.02163e-06
23 1.4347 1.43472 3.09285e-06
24 1.4347 1.43472 3.16264e-06
25 1.4347 1.43472 3.23134e-06
26 1.4347 1.43472 3.26939e-06
27 1.4347 1.43472 3.28535e-06
28 1.4347 1.43472 3.22664e-06
29 1.43471 1.43472 3.15282e-06
30 1.43471 1.43472 3.08082e-06
31 1.4347 1.43472 3.02276e-06
32 1.4347 1.43472 2.99238e-06
33 1.4347 1.43472 2.95856e-06
34 1.43469 1.43472 2.9687e-06
35 1.43469 1.43472 2.96983e-06
36 1.43469 1.43472 2.94961e-06
37 1.43468 1.43471 3.00547e-06
38 1.43468 1.43471 3.08316e-06
39 1.43467 1.43471 3.16054e-06
40 1.43467 1.43471 3.21979e-06
41 1.43468 1.43471 3.2348e-06
42 1.43467 1.43471 3.2701e-06
43 1.43467 1.43471 3.35667e-06
44 1.43467 1.43471 3.42531e-06
45 1.43467 1.43471 3.47929e-06
46 1.43467 1.43471 3.47392e-06
47 1.43467 1.43471 3.4971e-06
48 1.43467 1.4347 3.50229e-06
49 1.43466 1.4347 3.54695e-06
50 1.43466 1.4347 3.58194e-06
51 1.43466 1.4347 3.59822e-06
52 1.43466 1.4347 3.59936e-06
53 1.43466 1.4347 3.59644e-06
54 1.43466 1.4347 3.60704e-06
55 1.43466 1.4347 3.6126e-06
56 1.43467 1.4347 3.59171e-06
57 1.43468 1.4347 3.54784e-06
58 1.43468 1.4347 3.50454e-06
59 1.43468 1.4347 3.46188e-06
60 1.43468 1.4347 3.41635e-06
61 1.43468 1.4347 3.36888e-06
62 1.43468 1.4347 3.32276e-06
63 1.43469 1.4347 3.27346e-06
64 1.43469 1.4347 3.22568e-06
65 1.43469 1.4347 3.1778e-06
66 1.43468 1.4347 3.13714e-06
67 1.43468 1.4347 3.0975e-06
68 1.43468 1.4347 3.06439e-06
69 1.43466 1.43469 3.05197e-06
70 1.43467 1.43469 3.02592e-06
71 1.43467 1.43469 3.00368e-06
72 1.43466 1.43469 2.98956e-06
73 1.43466 1.43469 2.98925e-06
74 1.43466 1.43469 2.99254e-06
75 1.43466 1.43469 2.9939e-06
76 1.43466 1.43469 2.99357e-06
77 1.43466 1.43469 2.98269e-06
78 1.43465 1.43469 2.98992e-06
79 1.43465 1.43469 2.99526e-06
80 1.43466 1.43469 2.978e-06
81 1.43467 1.43469 2.95182e-06
82 1.43468 1.43469 2.91856e-06
83 1.43468 1.43469 2.88748e-06
84 1.43468 1.43469 2.8557e-06
85 1.43468 1.43469 2.82274e-06
86 1.43469 1.43469 2.78976e-06
87 1.4347 1.43469 2.75832e-06
88 1.4347 1.43469 2.72831e-06
89 1.4347 1.43469 2.6999e-06
90 1.43471 1.43469 2.68079e-06
91 1.43471 1.43469 2.66451e-06
92 1.43471 1.43469 2.64875e-06
93 1.43473 1.43469 2.65776e-06
94 1.43473 1.43469 2.66635e-06
95 1.43474 1.43469 2.68701e-06
96 1.43473 1.43469 2.69599e-06
97 1.43474 1.43469 2.71029e-06
98 1.43474 1.43469 2.72967e-06
99 1.43474 1.43469 2.74138e-06
100 1.43473 1.43469 2.74003e-06
1 1.3856 1.3856 0
2 1.3856 1.3856 2.10734e-08
3 1.3856 1.3856 7.30005e-08
4 1.38559 1.3856 2.82779e-06
5 1.38557 1.38559 4.93408e-06
6 1.38557 1.38559 4.92268e-06
7 1.38557 1.38559 4.73684e-06
8 1.38558 1.38559 4.1711e-06
9 1.38558 1.38558 3.72288e-06
10 1.38558 1.38558 3.40418e-06
11 1.38557 1.38558 3.24752e-06
12 1.38557 1.38558 3.3108e-06
13 1.38556 1.38558 3.64037e-06
14 1.38556 1.38558 3.71183e-06
15 1.38557 1.38558 3.53161e-06
16 1.38558 1.38558 3.304e-06
17 1.38557 1.38558 3.1399e-06
18 1.38556 1.38558 3.07259e-06
19 1.38555 1.38557 3.11146e-06
20 1.38555 1.38557 3.15509e-06
21 1.38555 1.38557 3.16333e-06
22 1.38555 1.38557 3.25404e-06
23 1.38553 1.38557 3.50578e-06
24 1.38554 1.38557 3.59199e-06
25 1.38554 1.38557 3.6718e-06
26 1.38553 1.38557 3.74843e-06
27 1.38553 1.38556 3.79547e-06
28 1.38553 1.38556 3.84611e-06
29 1.38553 1.38556 3.92439e-06
30 1.38553 1.38556 3.95086e-06
31 1.38553 1.38556 3.97937e-06
32 1.38552 1.38556 4.00862e-06
33 1.38552 1.38556 4.01951e-06
34 1.38552 1.38556 4.01696e-06
35 1.38553 1.38556 3.9902e-06
36 1.38553 1.38556 3.94653e-06
37 1.38554 1.38555 3.87198e-06
38 1.38554 1.38555 3.79284e-06
39 1.38554 1.38555 3.71717e-06
40 1.38553 1.38555 3.67791e-06
41 1.38553 1.38555 3.62873e-06
42 1.38554 1.38555 3.56525e-06
43 1.38553 1.38555 3.51814e-06
44 1.38553 1.38555 3.4645e-06
45 1.38554 1.38555 3.40606e-06
46 1.38553 1.38555 3.36121e-06
47 1.38553 1.38555 3.30978e-06
48 1.38554 1.38555 3.25335e-06
49 1.38554 1.38555 3.19743e-06
50 1.38554 1.38555 3.13919e-06
51 1.38554 1.38555 3.08306e-06
52 1.38554 1.38555 3.03288e-06
53 1.38554 1.38555 2.9821e-06
54 1.38554 1.38555 2.92892e-06
55 1.38554 1.38555 2.88302e-06
56 1.38554 1.38555 2.83862e-06
57 1.38553 1.38555 2.81183e-06
58 1.38553 1.38555 2.78937e-06
59 1.38553 1.38555 2.76032e-06
60 1.38553 1.38555 2.73504e-06
61 1.38553 1.38555 2.70462e-06
62 1.38553 1.38555 2.67868e-06
63 1.38552 1.38555 2.65811e-06
64 1.38552 1.38555 2.64926e-06
65 1.38552 1.38555 2.63066e-06
66 1.38552 1.38554 2.62354e-06
67 1.38551 1.38554 2.6222e-06
68 1.38551 1.38554 2.61974e-06
69 1.38552 1.38554 2.60534e-06
70 1.38552 1.38554 2.58167e-06
71 1.38552 1.38554 2.56449e-06
72 1.38551 1.38554 2.56419e-06
73 1.38551 1.38554 2.56604e-06
74 1.38552 1.38554 2.55555e-06
75 1.38552 1.38554 2.54011e-06
76 1.38551 1.38554 2.53771e-06
77 1.3855 1.38554 2.55718e-06
78 1.3855 1.38554 2.56957e-06
79 1.3855 1.38554 2.5929e-06
80 1.38549 1.38554 2.62029e-06
81 1.38549 1.38554 2.65085e-06
82 1.3855 1.38554 2.66074e-06
83 1.3855 1.38554 2.66342e-06
84 1.38552 1.38554 2.64298e-06
85 1.38551 1.38554 2.62495e-06
86 1.38551 1.38554 2.6197e-06
87 1.3855 1.38554 2.61745e-06
88 1.38549 1.38554 2.63717e-06
89 1.38551 1.38554 2.62956e-06
90 1.38551 1.38554 2.6129e-06
91 1.38551 1.38553 2.59414e-06
92 1.38551 1.38553 2.58359e-06
93 1.3855 1.38553 2.57921e-06
94 1.3855 1.38553 2.57092e-06
95 1.38552 1.38553 2.54851e-06
96 1.38551 1.38553 2.53181e-06
97 1.38552 1.38553 2.51121e-06
98 1.38552 1.38553 2.4907e-06
99 1.38552 1.38553 2.46684e-06
100 1.38552 1.38553 2.4454e-06
1 1.34251 1.34251 0
2 1.34251 1.34251 1.14351e-06
3 1.34251 1.34251 1.41251e-06
4 1.34252 1.34251 1.49483e-06
5 1.34252 1.34251 1.60705e-06
6 1.34253 1.34252 2.32129e-06
7 1.34253 1.34252 2.5974e-06
8 1.34252 1.34252 2.28292e-06
9 1.34252 1.34252 2.02517e-06
10 1.34252 1.34252 1.83694e-06
11 1.34252 1.34252 1.67074e-06
12 1.34252 1.34252 1.53161e-06
13 1.34252 1.34252 1.4105e-06
14 1.34252 1.34252 1.32606e-06
15 1.34253 1.34252 1.33881e-06
16 1.34253 1.34252 1.33233e-06
17 1.34252 1.34252 1.27872e-06
18 1.34251 1.34252 1.24075e-06
19 1.34251 1.34252 1.20273e-06
20 1.34251 1.34252 1.16553e-06
21 1.34252 1.34252 1.11348e-06
22 1.34252 1.34252 1.06172e-06
23 1.34252 1.34252 1.02067e-06
24 1.34252 1.34252 9.82367e-07
25 1.34252 1.34252 9.46566e-07
26 1.34251 1.34252 9.29546e-07
27 1.34251 1.34252 9.33679e-07
28 1.34252 1.34252 8.99723e-07
29 1.34252 1.34252 8.68163e-07
30 1.34252 1.34252 8.38735e-07
31 1.34252 1.34252 8.14359e-07
32 1.34252 1.34252 7.91085e-07
33 1.34252 1.34252 7.68787e-07
34 1.34251 1.34252 7.69191e-07
35 1.34251 1.34252 7.54422e-07
36 1.34251 1.34252 8.17692e-07
37 1.34251 1.34252 8.66196e-07
38 1.34251 1.34252 8.54845e-07
39 1.3425 1.34252 9.16254e-07
40 1.3425 1.34252 9.45379e-07
41 1.3425 1.34252 1.03688e-06
42 1.3425 1.34252 1.06858e-06
43 1.3425 1.34252 1.09446e-06
44 1.3425 1.34252 1.11506e-06
45 1.3425 1.34252 1.11797e-06
46 1.34251 1.34251 1.10872e-06
47 1.3425 1.34251 1.10759e-06
48 1.34251 1.34251 1.09621e-06
49 1.34251 1.34251 1.07508e-06
50 1.34253 1.34251 1.07827e-06
51 1.34253 1.34251 1.07943e-06
52 1.34252 1.34252 1.0649e-06
53 1.34252 1.34252 1.05037e-06
54 1.34252 1.34252 1.03087e-06
55 1.34251 1.34252 1.01227e-06
56 1.34251 1.34252 9.99554e-07
57 1.34251 1.34251 9.8658e-07
58 1.34251 1.34251 9.6944e-07
59 1.34252 1.34252 9.56048e-07
60 1.34252 1.34252 9.40729e-07
61 1.34251 1.34252 9.26114e-07
62 1.34251 1.34252 9.11065e-07
63 1.34251 1.34252 8.97554e-07
64 1.34252 1.34252 8.85894e-07
65 1.3425 1.34251 8.8614e-07
66 1.34251 1.34251 8.80504e-07
67 1.34251 1.34251 8.70916e-07
68 1.34251 1.34251 8.58044e-07
69 1.34252 1.34251 8.45945e-07
70 1.34251 1.34251 8.33805e-07
71 1.34252 1.34251 8.22408e-07
72 1.34252 1.34251 8.11332e-07
73 1.34251 1.34251 8.01073e-07
74 1.34252 1.34251 7.95399e-07
75 1.34252 1.34251 7.89756e-07
76 1.34252 1.34252 7.88219e-07
77 1.34252 1.34252 7.86434e-07
78 1.34253 1.34252 7.89334e-07
79 1.34251 1.34252 7.79357e-07
80 1.3425 1.34252 7.80351e-07
81 1.34251 1.34252 7.73676e-07
82 1.3425 1.34251 7.79624e-07
83 1.3425 1.34251 7.91111e-07
84 1.3425 1.34251 8.08532e-07
85 1.34249 1.34251 8.49349e-07
86 1.34249 1.34251 9.05482e-07
87 1.3425 1.34251 9.11208e-07
88 1.34251 1.34251 9.05074e-07
89 1.34251 1.34251 8.96751e-07
90 1.34251 1.34251 8.90241e-07
91 1.3425 1.34251 8.88727e-07
92 1.34251 1.34251 8.83e-07
93 1.34251 1.34251 8.749e-07
94 1.34251 1.34251 8.68726e-07
95 1.34251 1.34251 8.5954e-07
96 1.34251 1.34251 8.51319e-07
97 1.34252 1.34251 8.44263e-07
98 1.34252 1.34251 8.41118e-07
99 1.34251 1.34251 8.32595e-07
100 1.3425 1.34251 8.30781e-07
1 1.4015 1.4015 0
2 1.4015 1.4015 3.43209e-06
3 1.4015 1.4015 2.274e-06
4 1.4015 1.4015 1.70864e-06
5 1.40149 1.4015 2.11543e-06
6 1.40149 1.4015 1.96037e-06
7 1.4015 1.4015 1.74207e-06
8 1.40151 1.4015 1.88732e-06
9 1.4015 1.4015 1.79071e-06
10 1.40151 1.4015 1.86096e-06
11 1.40151 1.4015 1.81277e-06
12 1.4015 1.4015 1.67679e-06
13 1.40151 1.4015 1.63453e-06
14 1.4015 1.4015 1.53009e-06
15 1.4015 1.4015 1.43066e-06
16 1.4015 1.4015 1.33828e-06
17 1.4015 1.4015 1.26625e-06
18 1.4015 1.4015 1.20257e-06
19 1.40151 1.4015 1.16534e-06
20 1.40151 1.4015 1.15643e-06
21 1.4015 1.4015 1.11041e-06
22 1.4015 1.4015 1.0613e-06
23 1.40151 1.4015 1.05041e-06
24 1.40151 1.4015 1.06598e-06
25 1.40151 1.4015 1.10745e-06
26 1.40152 1.4015 1.25863e-06
27 1.40153 1.4015 1.45379e-06
28 1.40153 1.40151 1.632e-06
29 1.40153 1.40151 1.83823e-06
30 1.40154 1.40151 2.0231e-06
31 1.40154 1.40151 2.1918e-06
32 1.40155 1.40151 2.41464e-06
33 1.40154 1.40151 2.52257e-06
34 1.40154 1.40151 2.58047e-06
35 1.40154 1.40151 2.60299e-06
36 1.40154 1.40151 2.65251e-06
37 1.40154 1.40151 2.70648e-06
38 1.40155 1.40151 2.76387e-06
39 1.40155 1.40152 2.82385e-06
40 1.40154 1.40152 2.83739e-06
41 1.40154 1.40152 2.84349e-06
42 1.40154 1.40152 2.81143e-06
43 1.40154 1.40152 2.78754e-06
44 1.40154 1.40152 2.75357e-06
45 1.40154 1.40152 2.7273e-06
46 1.40154 1.40152 2.70858e-06
47 1.40153 1.40152 2.66715e-06
48 1.40153 1.40152 2.62674e-06
49 1.40154 1.40152 2.61523e-06
50 1.40155 1.40152 2.61092e-06
51 1.40155 1.40152 2.62344e-06
52 1.40155 1.40152 2.62288e-06
53 1.40154 1.40152 2.60456e-06
54 1.40154 1.40152 2.58557e-06
55 1.40154 1.40152 2.55467e-06
56 1.40154 1.40152 2.52407e-06
57 1.40154 1.40152 2.49373e-06
58 1.40154 1.40152 2.47347e-06
59 1.40153 1.40152 2.4326e-06
60 1.40153 1.40152 2.39299e-06
61 1.40154 1.40152 2.36121e-06
62 1.40153 1.40152 2.32743e-06
63 1.40154 1.40152 2.30876e-06
64 1.40155 1.40152 2.29489e-06
65 1.40154 1.40153 2.27184e-06
66 1.40155 1.40153 2.25766e-06
67 1.40154 1.40153 2.23886e-06
68 1.40155 1.40153 2.22918e-06
69 1.40154 1.40153 2.21031e-06
70 1.40155 1.40153 2.205e-06
71 1.40155 1.40153 2.19891e-06
72 1.40155 1.40153 2.19216e-06
73 1.40156 1.40153 2.20106e-06
74 1.40156 1.40153 2.21432e-06
75 1.40157 1.40153 2.24563e-06
76 1.40157 1.40153 2.288e-06
77 1.40157 1.40153 2.31831e-06
78 1.40156 1.40153 2.33226e-06
79 1.40156 1.40153 2.3436e-06
80 1.40155 1.40153 2.33395e-06
81 1.40154 1.40153 2.31151e-06
82 1.40154 1.40153 2.28714e-06
83 1.40154 1.40153 2.26153e-06
84 1.40153 1.40153 2.23472e-06
85 1.40153 1.40153 2.20854e-06
86 1.40154 1.40153 2.18605e-06
87 1.40155 1.40153 2.16643e-06
88 1.40154 1.40153 2.14622e-06
89 1.40154 1.40153 2.12532e-06
90 1.40154 1.40153 2.10479e-06
91 1.40155 1.40153 2.08739e-06
92 1.40154 1.40153 2.06552e-06
93 1.40154 1.40153 2.04464e-06
94 1.40154 1.40153 2.024e-06
95 1.40154 1.40153 2.00476e-06
96 1.40155 1.40153 1.9889e-06
97 1.40155 1.40153 1.97344e-06
98 1.40154 1.40153 1.95445e-06
99 1.40154 1.40153 1.93591e-06
100 1.40154 1.40153 1.91779e-06
