-0.352984 -0.161582 0.236382
-0.210178 0.01765 0.228085
-0.377802 0.00465786 0.399652
-0.197462 -0.121362 0.394236
-0.0417529 -0.133796 0.230659
0.133418 0.0196438 0.205831
-0.0305977 0.0245553 0.403722
0.125334 -0.12622 0.389477
0.295197 -0.159886 0.24212
0.472 -0.00762825 0.232196
0.303167 0.002626 0.412581
0.458108 -0.148634 0.40796
-0.359163 0.181216 0.234257
-0.213486 0.353875 0.235847
-0.365942 0.333002 0.410173
-0.190865 0.161176 0.392838
-0.0480386 0.216614 0.209854
0.139195 0.327546 0.215686
-0.0331964 0.325984 0.397532
0.124081 0.180188 0.398591
0.317576 0.157054 0.223056
0.470047 0.340341 0.25434
0.303527 0.356016 0.404604
0.462409 0.178577 0.407561
-0.357989 -0.480837 0.253204
-0.19467 -0.328368 0.262289
-0.361783 -0.329537 0.403921
-0.199126 0.48591 0.40814
-0.032724 -0.496733 0.248119
0.130705 -0.31751 0.23612
-0.0429608 -0.361467 0.410384
0.140158 -0.497837 0.400856
0.294804 -0.493307 0.196331
0.466684 -0.315882 0.227719
0.27938 -0.314168 0.409504
0.447534 -0.471449 0.394487
-0.366637 -0.156358 -0.433665
-0.209069 -0.0124974 -0.421887
-0.397131 0.0016379 -0.263788
-0.223722 -0.163614 -0.257512
-0.0462566 -0.165023 -0.43708
0.126102 -0.00345912 -0.41372
-0.0349797 -0.0147397 -0.267295
0.119817 -0.176684 -0.257464
0.26939 -0.151292 -0.424011
0.470256 -0.000779757 -0.439796
0.310158 0.00821106 -0.267561
0.460008 -0.179514 -0.258006
-0.35752 0.145955 -0.436218
-0.213314 0.311949 -0.437699
-0.366461 0.343135 -0.28111
-0.219767 0.143677 -0.273162
-0.0263673 0.152081 -0.415179
0.129056 0.342783 -0.444247
-0.0500742 0.314687 -0.281608
0.129215 0.203635 -0.267931
0.28437 0.173763 -0.414656
0.462672 0.332355 -0.425773
0.302257 0.355385 -0.26336
0.45068 0.169909 -0.279607
-0.37281 -0.492283 -0.4516
-0.204516 -0.323592 -0.423827
-0.3808 -0.327865 -0.269734
-0.214937 -0.498396 -0.298576
-0.037306 0.495877 -0.434252
0.115104 -0.345686 -0.44421
-0.028833 -0.324842 -0.283482
0.127153 0.495908 -0.264827
0.290004 -0.482902 -0.433918
0.4643 -0.326677 -0.439149
0.289835 -0.313216 -0.266197
0.461766 -0.482645 -0.278275
-0.346336 -0.172957 -0.0700836
-0.212311 0.00726615 -0.0999484
-0.369596 0.0136497 0.0706008
-0.191986 -0.153991 0.0827703
-0.0492066 -0.163725 -0.081545
0.111412 -0.00643402 -0.105405
-0.0388097 0.0272408 0.0634758
0.111059 -0.159841 0.0774353
0.289364 -0.158198 -0.0976814
0.460147 0.0218252 -0.0789087
0.28791 0.0152989 0.0540908
0.449659 -0.148635 0.0774521
-0.387221 0.177047 -0.108411
-0.219477 0.320148 -0.115238
-0.383419 0.356933 0.0920184
-0.207828 0.17177 0.0470199
-0.0471159 0.16208 -0.117904
0.134884 0.346137 -0.100084
-0.0586634 0.344691 0.0377748
0.123109 0.18721 0.0594097
0.284959 0.169461 -0.110712
0.445947 0.364795 -0.10055
0.306187 0.322596 0.0627424
0.482035 0.17566 0.0917758
-0.355036 0.496516 -0.10567
-0.204735 -0.337095 -0.11646
-0.347723 -0.33522 0.0723751
-0.200874 -0.497508 0.0636147
-0.0489308 -0.495073 -0.118827
0.114299 -0.324566 -0.105947
-0.0567012 -0.329391 0.078375
0.0960786 -0.492589 0.0758876
0.280938 -0.482173 -0.0906275
0.465326 -0.323141 -0.0782134
0.296615 -0.307406 0.0802733
0.467527 -0.486944 0.0716999