-0.267155 0.463316 -0.359052
0.206307 0.0446971 -0.44512
0.328887 0.27719 -0.210225
0.197323 0.286977 0.406687
-0.200266 0.0904794 0.164558
0.341844 0.0705464 -0.312276
0.441955 -0.34568 0.138421
-0.0752435 0.140697 -0.185643
-0.178712 0.451048 0.254762
0.286968 -0.31574 -0.262398
-0.167376 -0.339983 -0.44849
0.481366 0.431278 0.103109
0.285132 -0.142623 -0.440584
0.289188 -0.0420035 0.384492
-0.0972739 0.267935 0.224541
0.331089 -0.495105 -0.123844
0.309176 0.176817 0.276244
-0.169313 0.215338 0.428845
0.281467 0.456782 0.45041
-0.473017 0.0427728 -0.00218755
-0.219795 0.394817 0.0529473
-0.0584309 -0.200602 0.429359
0.117397 0.270829 0.204941
-0.368257 -0.0794176 -0.160597
0.304281 0.13622 -0.0165881
-0.22402 -0.0349266 -0.322781
0.110143 -0.0945259 0.458442
-0.00263148 0.29611 -0.274102
0.0061925 -0.3874 0.380175
-0.242296 -0.438489 -0.105565
-0.499989 -0.165916 0.286349
0.298547 -0.184029 0.229107
0.42539 0.102846 0.47896
-0.364002 -0.0604867 0.157143
-0.16614 -0.218314 -0.263413
0.456333 0.303146 0.372247
0.00627177 0.457392 0.131203
-0.358937 -0.359476 -0.250442
0.0978719 -0.448027 -0.06149
0.0680628 0.00844406 -0.0826224
-0.488871 0.050684 0.29452
0.218349 -0.0860078 -0.222265
0.111427 0.226628 -0.0532614
0.467856 0.499008 0.299085
0.46054 -0.085069 -0.299656
0.465804 0.198835 0.104775
0.126041 -0.405351 -0.256533
0.336014 0.495829 -0.331607
-0.439756 0.412111 -0.0998644
-0.0142141 0.0977894 0.316866
-0.488176 0.371816 -0.291886
-0.386105 -5.81356e-05 -0.468715
-0.0252645 0.384933 -0.0679888
-0.488249 0.21747 -0.118434
-0.146965 0.218496 -0.0209479
0.0409612 0.213218 -0.443219
-0.0255535 0.346539 0.39068
0.445713 -0.171148 0.0561459
0.169609 0.153234 -0.227243
0.250789 -0.306811 -0.0262942
-0.458064 0.131875 -0.284994
-0.223224 -0.209632 -0.030524
0.0224736 -0.341413 0.103428
-0.411175 0.221002 -0.467821
0.392192 -0.300484 0.398954
0.328468 0.338584 0.200457
0.392079 0.00423925 0.121541
-0.00105915 0.0875991 0.103341
-0.323127 -0.0996467 0.367249
-0.33685 -0.188598 -0.373281
-0.499133 -0.49118 -0.460893
0.156804 0.37793 -0.191476
0.131202 0.45382 0.313419
-0.284295 0.110918 0.345642
-0.0707143 -0.352374 -0.128399
-0.395781 -0.344932 -0.0313172
-0.177807 -0.201388 0.23712
0.0877481 -0.187268 0.259137
0.011153 0.0476945 -0.332794
-0.177723 0.15542 -0.37515
0.219243 0.45096 0.0911029
0.307042 0.267082 -0.398428
-0.141213 0.477233 0.481182
0.115896 -0.347395 -0.450666
0.46381 -0.291306 -0.140976
-0.358476 -0.469059 0.18415
-0.0896459 -0.0810286 -0.13178
-0.370515 -0.272138 0.151149
-0.284968 0.126674 -0.191381
0.461984 -0.307599 -0.389456
-0.14917 0.00179623 0.461914
-0.167844 -0.372544 0.0854084
0.237765 -0.39876 0.215342
-0.090984 -0.463754 -0.321243
-0.250543 -0.00121309 -0.023505
-0.38641 -0.326255 0.470625
-0.339787 0.192058 0.0537511
-0.229703 -0.376669 0.348118
-0.328684 0.375396 0.423153
0.407239 -0.0469631 -0.114947
0.179414 0.0322836 0.214032
0.214892 -0.0945743 0.0158549
0.477698 -0.135778 0.48935
0.0461196 0.423047 -0.422489
-0.366451 0.302542 0.226964
0.342541 0.34348 -0.00825394
-0.0266536 -0.135311 0.0741651
0.0297274 -0.189767 -0.331415