0.0424869 0.216702 0.0693529
0.0521494 0.195038 0.421197
0.323519 -0.19772 0.134433
-0.406095 0.194238 0.234423
0.365001 -0.130423 -0.0296404
-0.329706 0.141744 -0.103931
0.313459 -0.0755384 0.0212905
-0.361132 0.228633 0.360864
-0.132416 0.428194 0.209366
-0.463566 0.0369163 0.424197
-0.209193 -0.458509 -0.443008
0.0153764 0.00906679 -0.205631
-0.013118 0.433346 -0.274895
0.0519574 -0.234279 0.122873
-0.213495 0.284443 -0.429712
0.0131622 0.132828 -0.0472999
-0.200289 0.0999789 0.431958
-0.498911 -0.142331 0.0695386
-0.0581369 0.263188 0.327486
0.354007 0.296776 0.421909
0.475222 0.202533 0.0614496
0.0054814 0.324073 0.209323
0.0430987 -0.305789 0.379607
0.381538 0.314669 0.260083
0.202869 0.305777 0.0881855
0.21167 0.0939688 -0.394143
-0.234122 0.296117 -0.273605
0.328858 0.294901 0.0339448
-0.431134 0.369556 0.16815
0.059535 0.137844 0.495639
0.0591896 -0.0781908 0.227827
-0.0924364 0.3903 0.264882
0.414726 0.224105 -0.11745
0.169115 -0.457456 0.239265
-0.0466686 0.457915 0.177462
-0.353007 0.234247 -0.0383326
0.31072 -0.157331 0.390113
0.0932455 0.291476 0.0832637
0.0470782 0.491018 -0.127481
0.148735 0.209754 -0.108748
-0.167424 0.349572 -0.299875
0.291961 0.389954 0.345297
-0.484193 0.290792 0.480401
-0.352877 -0.355353 -0.254782
-0.172096 -0.443514 0.392103
0.157199 0.310374 -0.161843
-0.0809366 -0.25464 -0.111788
-0.103432 0.0021351 -0.467086
-0.49848 -0.156574 0.335759
-0.365562 0.233572 -0.245315
0.439595 -0.143995 -0.13672
0.305816 -0.370339 0.479874
0.464759 0.363047 0.130402
-0.436422 -0.444247 -0.137233
0.409109 0.100306 -0.0224819
-0.240258 0.154682 -0.234991
-0.307033 0.146499 0.267982
0.118169 -0.292048 0.272752
-0.125688 0.327361 0.211706
0.433343 0.0126021 0.247075
-0.232425 0.213358 0.191976
-0.255411 0.0534497 0.0971112
0.478697 -0.216558 0.0146536
-0.16853 -0.0793733 0.153726
-0.43168 0.0444501 -0.437248
-0.0245554 0.0563666 -0.0368757
-0.132319 -0.481578 -0.435153
-0.0174562 -0.352862 0.368039
0.180406 0.145084 -0.141514
0.433137 -0.383229 -0.342371
0.383591 -0.1378 0.428365
0.116168 -0.230401 -0.175055
0.275747 -0.0536542 -0.497068
0.344634 -0.186432 -0.16583
-0.452563 -0.208897 -0.176295
-0.268263 0.376668 -0.31855
0.377215 0.0223871 -0.475309
0.458023 0.336743 0.333965
-0.106309 0.47442 0.123915
-0.391114 0.000775862 0.386128
0.357461 -0.142381 -0.370837
-0.442558 0.487236 0.299484
-0.0735168 -0.164463 0.195006
0.389404 0.173285 0.259191
0.0479679 0.0175283 -0.107234
0.30968 -0.215888 -0.4709
0.431113 0.252932 0.195112
-0.224438 0.148699 -0.0894113
-0.303595 0.480012 -0.101576
0.345717 0.0176977 -0.269779
0.269359 0.429377 -0.342952
-0.294108 0.1341 -0.352176
-0.454488 0.392354 0.252136
0.0539728 -0.346373 0.156701
0.143675 0.153044 0.101316
-0.186859 0.45257 0.11816
0.491899 0.275043 0.13334
0.289447 0.0868102 -0.403802
0.260617 0.0350982 -0.353191
0.419352 0.260041 0.0391607
0.0872736 0.305193 0.287978
0.335801 0.269795 -0.116127
0.052532 0.0104369 -0.02543
0.137292 -0.323239 -0.0519239
-0.398361 0.0147417 0.490876
-0.238266 -0.288948 0.491649
0.0471036 -0.481282 0.0223092
-0.381266 0.071967 -0.263371