-0.0855698 0.0500057 -0.162579
0.327194 0.333183 0.321558
-0.110177 -0.123838 0.102607
-0.488802 0.457556 -0.178679
0.278981 0.0919958 0.00902978
0.292109 0.175992 0.42422
-0.454043 0.147014 0.100653
-0.113682 0.356943 0.258928
0.347442 -0.0701062 -0.425884
-0.369286 0.0361872 -0.409223
-0.0151686 0.412759 -0.469908
-0.366302 -0.277479 -0.475393
-0.389502 0.357878 0.0649209
-0.283511 -0.00493672 0.190296
0.127699 0.157147 -0.477838
0.493851 -0.373203 -0.278216
0.192164 -0.297842 0.254026
-0.180693 0.0728733 -0.488793
0.209327 -0.222194 -0.443133
-0.48159 -0.0668696 0.462686
-0.107035 0.108987 0.275269
0.437658 -0.359531 -0.0763449
-0.210306 0.209044 0.11375
0.0914444 0.239769 0.313873
0.342656 -0.169168 0.190225
0.266965 0.436624 -0.0440702
0.435506 -0.257468 -0.423685
0.270896 -0.352773 0.0345573
0.187947 -0.407702 0.481132
-0.123492 -0.116894 0.327312
0.254316 0.124367 0.226552
0.393834 0.492624 -0.413147
-0.35621 -0.406017 -0.0297151
-0.317739 -0.176193 0.071148
0.340697 -0.0446671 -0.209408
-0.397744 0.10629 0.30148
-0.256711 -0.479573 0.271717
-0.49544 -0.0770861 0.0810001
-0.0853457 0.0713927 0.0349268
-0.0323733 -0.152783 -0.121738
0.0733627 0.255514 -0.286317
-0.121991 0.246884 -0.113252
0.0637984 -0.258798 0.416337
-0.306634 0.217634 0.452945
-0.0228187 0.268113 0.120492
0.26572 0.186707 -0.209938
0.0575744 -0.273008 0.0209298
0.0213546 0.392613 -0.0434022
0.104949 -0.464446 -0.166582
-0.496963 0.435146 0.425856
0.045711 -0.306256 -0.314707
0.0528604 0.0273315 0.245314
-0.0702815 0.414679 -0.220695
0.360408 -0.435964 0.355457
-0.39612 0.483131 -0.375229
0.206305 0.284358 0.0680793
0.301724 -0.453147 -0.22704
-0.300063 0.42402 -0.127286
-0.367888 0.328285 0.298873
0.496799 0.148873 0.464532
0.387895 -0.195832 0.376683
0.277297 0.305539 -0.364327
0.151377 0.389794 0.436209
0.12751 0.39102 0.203444
-0.389616 0.235054 -0.111723
0.0870902 -0.475866 0.0874229
0.0465772 -0.102426 -0.382449
-0.295859 -0.283005 0.264173
-0.300357 -0.317069 -0.229166
-0.0176951 -0.454224 0.324015
0.445028 0.122268 -0.29725
0.455343 0.0847568 -0.093918
0.398538 0.280619 -0.060995
-0.100927 -0.420598 -0.114881
0.134285 0.478372 -0.34497
-0.28266 0.0691445 -0.0516038
0.216706 -0.270511 -0.159292
-0.472197 -0.496432 0.239159
-0.189435 -0.0861342 -0.255919
0.163155 -0.0879952 -0.111713
-0.0671454 0.247811 0.445904
-0.15107 -0.25791 -0.358156
-0.151133 0.310195 -0.36619
0.163363 0.0270003 -0.292002
-0.255182 0.133894 -0.232219
-0.209149 -0.261499 -0.0543147
0.462906 0.480436 0.0654513
-0.19121 0.373207 0.0440321
-0.461467 -0.18928 -0.125845
-0.362234 0.269579 -0.355985
0.195137 -0.0213895 0.370845
-0.163095 -0.363491 0.423062
-0.0914177 -0.300843 0.206257
0.466673 -0.317464 0.130472
-0.0386459 0.0907588 -0.363387
0.412314 0.282561 0.160494
-0.390451 -0.162569 -0.306747
0.0850996 0.167733 -0.093873
0.293743 0.465929 0.159044
-0.00514323 0.00525679 0.43828
0.0664764 -0.153793 0.229289
-0.250439 -0.109774 -0.487971
-0.180661 -0.435773 0.0784764
-0.295715 0.418655 0.480155
-0.443879 -0.125202 0.272218
0.325618 -0.104345 -0.00825361
0.400988 0.00176603 0.286296
0.152182 -0.0392437 0.0869912