-0.23633 -0.17011 0.418168
0.0116385 -0.231579 0.0708262
0.41454 -0.418352 -0.489941
0.201722 0.275453 0.208764
-0.244483 -0.386753 -0.0669102
-0.435007 -0.288864 -0.249723
0.374733 -0.290086 -0.077836
-0.0966369 -0.221362 0.0216382
0.419553 -0.149356 0.160382
0.244097 -0.221748 0.259651
-0.461002 -0.242573 -0.160088
0.10995 0.436923 0.406584
-0.0831169 -0.112337 -0.13312
0.124056 0.327658 -0.0164053
0.298338 -0.299258 0.361635
-0.36901 0.456113 -0.175878
-0.355547 -0.251491 -0.17833
0.474666 -0.273249 0.119503
0.00534387 0.0635241 -0.0330128
-0.142155 0.301436 -0.425488
-0.2278 -0.133334 0.251275
0.444804 -0.131362 -0.26123
-0.0432513 -0.274693 0.360977
0.347727 0.0161519 -0.000697947
0.233404 -0.469246 0.181045
0.442041 0.259948 0.217519
-0.062462 0.202984 0.198434
0.175201 0.0174393 0.00769759
0.478853 -0.475253 -0.0141226
-0.229374 -0.462238 0.377384
0.419642 -0.174749 0.402645
0.464814 0.181191 -0.396767
0.49009 -0.155321 -0.441902
0.382754 0.0553255 0.299631
0.19068 0.0580434 -0.381314
-0.363373 0.120298 -0.176075
-0.334257 0.257053 0.00347887
0.36121 -0.3221 0.414117
-0.398085 0.298261 0.469444
0.031742 -0.0996251 0.4614
0.38211 -0.328629 0.335118
-0.108301 0.451652 0.214125
0.284072 -0.292968 0.278974
-0.386362 -0.410054 0.151369
-0.132343 -0.197675 0.139622
0.209707 0.141863 -0.401022
0.0978914 0.048533 -0.0441025
0.225435 0.313942 0.27196
-0.390959 0.291011 0.0649503
0.157012 0.196703 -0.427249
-0.374382 0.297714 0.181708
-0.374136 -0.104046 -0.400689
0.253433 0.339996 -0.240285
0.196233 -0.44186 0.0868861
-0.244811 -0.414543 0.311824
-0.38255 0.0212122 0.143071
-0.300425 0.361296 -0.00391861
-0.35129 -0.276366 0.462453
-0.447743 -0.0963716 0.319348
0.293927 -0.349985 -0.101418
0.086665 -0.0819021 0.199354
-0.156746 0.282562 0.206749
-0.187 0.0715065 -0.116281
-0.353911 -0.299381 -0.434499
0.33181 0.426241 0.121106
-0.396394 0.315323 0.376908
0.421692 -0.248717 -0.143485
-0.190579 -0.321463 0.0482579
-0.376852 0.407457 -0.351833
-0.237077 0.138202 0.133634
0.109489 0.319102 -0.173164
-0.385439 -0.324437 -0.357688
-0.279185 0.186665 0.454432
0.0909894 -0.344227 0.49375
0.20353 0.437488 -0.21833
0.253681 0.327934 0.161361
0.0900771 -0.120225 0.119976
-0.240178 0.306072 -0.0127033
0.225286 0.117742 0.0610031
0.167029 -0.367345 0.455003
-0.281353 0.0258345 0.433197
-0.299263 0.275351 0.388555
-0.201162 0.402067 0.201218
-0.446753 0.121641 -0.274251
-0.0763083 0.358057 -0.242028
-0.468194 0.165794 -0.489626
0.0993333 0.330687 -0.492193
0.492559 -0.106464 -0.00513859
0.46836 -0.270134 -0.0446782
-0.187862 0.483589 0.195617
-0.212409 -0.251889 -0.394323
0.482821 0.0868823 -0.479671
0.413401 0.0321253 0.0604599
0.00795549 0.326889 0.200185
0.348882 -0.329462 -0.308786
0.120922 -0.0905948 -0.23141
-0.160239 -0.395567 0.000882393
-0.36093 -0.00923429 -0.306613
-0.332442 -0.0736492 0.126276
-0.290597 0.0728203 -0.20323
0.185045 0.415881 -0.128763
-0.263931 0.191071 0.322982
0.476985 -0.194504 0.0638133
0.0987775 -0.15251 0.454442
0.215409 0.48248 -0.393168
-0.324296 -0.424895 -0.0714516
-0.00152557 -0.385054 -0.160815
0.305584 -0.0858786 -0.382594