0.454434 -0.189932 0.159323
-0.401128 -0.0192629 0.150098
0.43454 -0.0284277 0.324018
-0.37924 -0.158243 0.321792
-0.227003 -0.169674 0.165656
-0.0552762 -0.0168776 0.131311
-0.213629 -0.00243196 0.333251
-0.0525939 -0.163607 0.313541
0.12028 -0.206369 0.167142
0.279859 -0.0282843 0.165762
0.118269 -0.0305892 0.331309
0.273028 -0.183404 0.329083
0.446617 0.137738 0.171846
-0.400222 0.306995 0.172715
0.445645 0.304654 0.337918
-0.380047 0.126412 0.324244
-0.237297 0.161965 0.154779
-0.0649921 0.300936 0.146801
-0.221074 0.294053 0.332913
-0.0544173 0.14184 0.319421
0.1248 0.137544 0.158165
0.279915 0.316598 0.169533
0.118233 0.314884 0.332794
0.273691 0.149235 0.339567
0.453064 0.470687 0.176748
-0.383423 -0.358514 0.188903
0.46104 -0.376602 0.339119
-0.382919 0.448804 0.335125
-0.228496 0.462149 0.173619
-0.055426 -0.35169 0.168226
-0.211923 -0.390957 0.341779
-0.0467762 0.466641 0.334901
0.0993001 0.48504 0.138878
0.28452 -0.354413 0.166026
0.102352 -0.348733 0.337669
0.263716 0.490889 0.321404
0.452612 -0.188436 0.491148
-0.383929 -0.0496773 -0.493029
0.431992 -0.0381006 -0.334707
-0.392578 -0.194574 -0.323946
-0.212763 -0.200817 0.483421
-0.0577616 -0.0376127 -0.495653
-0.209825 -0.0450254 -0.335493
-0.0537277 -0.205203 -0.34389
0.0904919 -0.185355 0.4996
0.272681 -0.0397377 0.497784
0.115954 -0.0209499 -0.346641
0.280596 -0.205621 -0.329464
0.451914 0.0963214 0.489794
-0.400329 0.275791 0.49785
0.448624 0.301234 -0.3525
-0.396179 0.108798 -0.352484
-0.210983 0.119808 -0.477398
-0.0618759 0.305628 0.485355
-0.236712 0.28401 -0.353078
-0.0562185 0.17143 -0.325978
0.095542 0.133786 -0.484736
0.289366 0.292036 -0.494683
0.12383 0.317323 -0.345
0.26493 0.134513 -0.351893
0.437975 0.477637 0.486163
-0.38529 -0.361921 -0.497493
0.448146 -0.353457 -0.338581
-0.401964 0.472533 -0.36407
-0.223396 0.46626 0.497278
-0.0585448 -0.385222 0.491335
-0.208396 -0.346476 -0.353262
-0.054615 0.456495 -0.337732
0.115142 0.481972 0.49417
0.28463 -0.353367 0.487536
0.113075 -0.342431 -0.339234
0.278093 0.479937 -0.346049
0.469955 -0.203186 -0.133079
-0.391261 -0.020776 -0.171212
0.436449 -0.0152608 0.00148529
-0.375793 -0.181289 0.00600775
-0.223003 -0.198999 -0.155046
-0.0582694 -0.0204314 -0.170683
-0.216853 -0.00896695 -0.00305676
-0.0628317 -0.202054 0.00573172
0.103489 -0.191656 -0.174049
0.272012 -0.0190326 -0.161471
0.110385 -0.00601493 -0.0112281
0.265203 -0.16706 0.0120196
0.431371 0.136356 -0.179378
-0.410033 0.296452 -0.187073
0.439185 0.323219 0.0175447
-0.397211 0.14442 -0.0210735
-0.225164 0.132562 -0.190602
-0.0506756 0.319666 -0.168999
-0.243143 0.308591 -0.0334268
-0.0643889 0.163892 -0.00116087
0.112791 0.145833 -0.173129
0.265512 0.323567 -0.17522
0.108666 0.306343 -0.00976273
0.292178 0.144672 0.0132918
0.456307 0.473246 -0.165144
-0.379178 -0.366301 -0.173092
0.447163 -0.370727 0.00209902
-0.377104 0.470545 -0.00374421
-0.228336 0.479812 -0.204518
-0.0572844 -0.347692 -0.181341
-0.233702 -0.351702 0.00698252
-0.0892926 0.478136 0.00270838
0.100629 0.488239 -0.179618
0.278739 -0.342795 -0.152729
0.112914 -0.340568 -0.00262247
0.269389 0.484276 -0.00569123