0.126924 -0.215274 -0.417896
-0.321819 -0.346474 0.359393
-0.0544203 -0.135354 0.494972
-0.138207 0.0600071 0.0323448
-0.0991523 0.267316 -0.00788785
0.131242 -0.419436 -0.463234
-0.117742 -0.196806 0.162598
-0.151584 -0.427201 -0.0193554
-0.100072 -0.119596 -0.279197
-0.433134 -0.395888 -0.368659
-0.107288 -0.434798 0.324052
0.44228 0.280162 -0.376584
-0.21826 -0.234411 -0.000806438
-0.488128 -0.399294 0.232494
0.174723 -0.445923 0.317075
-0.299784 -0.0470996 -0.192395
-0.381866 -0.227843 0.232312
0.0760859 0.101731 -0.0265507
-0.142728 0.0492388 0.267931
0.326239 0.113338 -0.451182
0.304897 0.307971 0.0387795
-0.421723 -0.0407899 0.254487
-0.123509 0.287544 -0.221699
0.0535188 0.344819 0.313372
-0.0389303 0.0726029 0.439548
-0.300064 0.0415377 0.384448
0.0255641 -0.0126007 0.146287
-0.233225 0.349013 -0.380096
0.160218 -0.140323 -0.0497395
0.133962 -0.0145325 -0.451841
-0.000540528 -0.335952 -0.302012
-0.326236 -0.0782489 -0.422002
-0.382604 0.17767 -0.481901
-0.120408 -0.357834 -0.460672
0.403325 -0.28302 -0.104017
-0.128431 0.103335 -0.370609
0.426868 -0.336853 -0.495863
-0.438551 -0.188239 0.432505
0.402512 -0.149917 -0.433057
-0.272685 0.195772 -0.0868153
-0.274007 -0.474174 -0.490644
0.26199 0.388114 0.394492
0.107032 -0.192153 0.169697
-0.350356 0.418998 0.134631
0.248622 -0.120772 -0.257119
-0.371118 0.219626 0.311562
-0.476443 0.318239 -0.0242505
-0.365142 0.323269 -0.231076
-0.226716 0.401872 -0.0301771
-0.496978 0.070486 -0.318049
0.477288 0.349886 0.205966
-0.497002 0.103768 -0.120865
-0.421614 0.395514 -0.446353
0.376843 -0.0763937 -0.0915753
-0.239948 -0.239774 -0.221596
-0.214831 -0.148016 0.369168
0.212663 0.33354 -0.341906
0.308383 0.489292 -0.0866451
0.320073 -0.298041 -0.313586
-0.204029 -0.466879 -0.202629
0.471811 0.039648 0.429302
0.293235 0.074125 -0.000949854
0.147378 0.139235 0.356722
0.172973 0.492018 -0.23842
0.0156321 -0.29286 0.379387
0.0849507 -0.103103 0.336196
0.0220361 0.487509 -0.108147
0.0729186 0.37009 0.0641467
0.30628 -0.0363668 0.364262
-0.0131096 -0.297492 -0.0736408
-0.257859 -0.387477 0.148657
-0.0430509 -0.402679 0.157751
0.451968 0.107269 0.132594
-0.228136 0.235006 0.184528
0.323303 0.483641 -0.373859
-0.463874 -0.193244 -0.256164
-0.441891 -0.302991 0.0558423
0.220416 0.266637 0.215873
0.11384 0.307102 -0.143629
0.332858 0.287578 -0.165551
0.0973917 0.00545227 -0.227584
0.342477 0.186587 0.378305
0.465962 -0.494027 0.0225212
0.269835 0.123408 -0.241726
0.174244 -0.298112 -0.165765
0.335523 0.491363 0.223288
-0.403985 -0.120853 -0.00309308
-0.0698926 -0.0887663 -0.0772985
-0.31215 0.0826207 0.122951
0.389595 -0.219861 0.293111
-0.30541 0.150163 -0.287644
-0.300801 -0.269023 -0.44076
-0.403674 -0.370444 -0.11693
0.162031 -0.332221 0.0530071
0.476379 0.408084 0.381398
-0.187731 0.230891 0.421399
0.410282 -0.0992545 0.12384
0.344901 -0.341246 0.113534
0.237346 0.0472099 0.18321
-0.124361 0.40304 0.165583
-0.0970335 0.44511 0.494578
0.479187 0.455169 -0.193601
0.0274807 0.197009 0.145208
0.0877332 0.171587 -0.32615
-0.0931312 0.0886982 -0.180804
0.0659684 0.289036 -0.497858
0.00607349 0.403875 -0.314625
-0.285401 0.407167 0.349229