-9.975 0.0397309 0.00875372
-9.925 0.0864555 0.0193318
-9.875 0.197378 0.0441351
-9.825 0.0987723 0.0220861
-9.775 0.3578 0.0800064
-9.725 0.394787 0.0882771
-9.675 0.1976 0.0441845
-9.625 0.197637 0.0441927
-9.575 0.259308 0.0579827
-9.525 0.136034 0.0304176
-9.475 0.259286 0.057978
-9.425 0.271723 0.060759
-9.375 0.493584 0.110369
-9.325 0.345671 0.0772942
-9.275 0.395 0.0883245
-9.225 0.530868 0.118705
-9.175 0.481687 0.107708
-9.125 0.308979 0.0690895
-9.075 0.161087 0.0360194
-9.025 0.247438 0.0553282
-8.975 0.161047 0.0360106
-8.925 0.124186 0.0277676
-8.875 0.0995583 0.0222604
-8.825 0.0503216 0.0112484
-8.775 0.0873278 0.0195248
-8.725 0.112143 0.0250737
-8.675 0.0998018 0.0223137
-8.625 0.124288 0.0277901
-8.575 0.161392 0.0360871
-8.525 0.370936 0.0829434
-8.475 0.445124 0.0995323
-8.425 0.420685 0.0940672
-8.375 0.396159 0.0885829
-8.325 0.445617 0.099642
-8.275 0.309913 0.0692973
-8.225 0.408716 0.0913903
-8.175 0.544436 0.121738
-8.125 0.433627 0.0969603
-8.075 0.372061 0.0831935
-8.025 0.186951 0.0418004
-7.975 0.125351 0.0280243
-7.925 0.0760589 0.0169994
-7.875 0.0515484 0.0115117
-7.825 0.0885699 0.019796
-7.775 0.162554 0.0363435
-7.725 0.137742 0.0307951
-7.675 0.150136 0.0335665
-7.625 0.285661 0.0638736
-7.575 0.322788 0.0721753
-7.525 0.347717 0.0777496
-7.475 0.138429 0.0309464
-7.425 0.175512 0.0392397
-7.375 0.0527073 0.0117588
-7.325 0.00318402 0.000256157
-7.275 0.0033443 0.000299281
-7.225 0.00370184 0.000341106
-7.175 0.0039885 0.000308634
-7.125 0.00417344 0.000314065
-7.075 0.0041796 0.000304091
-7.025 0.00423508 0.000332863
-6.975 0.00440153 0.000248021
-6.925 0.00433063 0.000224982
-6.875 0.00466352 0.000285717
-6.825 0.00478065 0.000456773
-6.775 0.00474983 0.000418818
-6.725 0.00454023 0.00035139
-6.675 0.0049286 0.00035817
-6.625 0.00475599 0.000350279
-6.575 0.00468202 0.000312834
-6.525 0.00483921 0.00034644
-6.475 0.00544334 0.000387196
-6.425 0.00546184 0.000390867
-6.375 0.00573 0.000432368
-6.325 0.00553889 0.000398208
-6.275 0.00604747 0.000471761
-6.225 0.006217 0.000359145
-6.175 0.00683654 0.000413371
-6.125 0.00715094 0.000403958
-6.075 0.00766568 0.000491417
-6.025 0.00809412 0.000392799
-5.975 0.00823899 0.000521998
-5.925 0.00859654 0.000550197
-5.875 0.00929006 0.00058619
-5.825 0.00960137 0.00066161
-5.775 0.00976165 0.000614906
-5.725 0.0097524 0.000524328
-5.675 0.00956438 0.000367797
-5.625 0.00955513 0.000420166
-5.575 0.00950273 0.000440376
-5.525 0.00923149 0.000364778
-5.475 0.00993117 0.000488307
-5.425 0.010637 0.00050667
-5.375 0.0102949 0.000572031
-5.325 0.0103627 0.000665362
-5.275 0.0101963 0.000589879
-5.225 0.0105106 0.000655125
-5.175 0.0105908 0.000617793
-5.125 0.0108158 0.00060643
-5.075 0.0113275 0.000556061
-5.025 0.0120888 0.000612376
-4.975 0.0128008 0.000677872
-4.925 0.0135005 0.000858906
-4.875 0.013707 0.000759639
-4.825 0.0135929 0.000683833
-4.775 0.0141539 0.000676906
-4.725 0.0147211 0.000681594
-4.675 0.0143574 0.000704667
-4.625 0.0150077 0.000734474
-4.575 0.0149646 0.000782927
-4.525 0.0155903 0.000771658
-4.475 0.0154454 0.000863204
-4.425 0.0158369 0.000850189
-4.375 0.0160095 0.000720838
-4.325 0.0168263 0.000731142
-4.275 0.0177232 0.000623014
-4.225 0.0182164 0.00051756
-4.175 0.018463 0.000682122
-4.125 0.0194956 0.000749105
-4.075 0.0202106 0.00069629
-4.025 0.0207963 0.000769913
-3.975 0.0214066 0.000853267
-3.925 0.0215268 0.000878316
-3.875 0.0216778 0.000922646
-3.825 0.0219953 0.000979091
-3.775 0.0232683 0.00132212
-3.725 0.0233731 0.00117135
-3.675 0.022695 0.000992197
-3.625 0.0234101 0.00101604
-3.575 0.02378 0.00101659
-3.525 0.0242022 0.0010532
-3.475 0.0246677 0.000820845
-3.425 0.0250252 0.00093906
-3.375 0.0257958 0.000790999
-3.325 0.0261441 0.000831455
-3.275 0.0258019 0.000865589
-3.225 0.026514 0.000929669
-3.175 0.0267205 0.00100321
-3.125 0.0272938 0.00104968
-3.075 0.0275095 0.00116763
-3.025 0.0274294 0.00103788
-2.975 0.0274602 0.000972039
-2.925 0.0283202 0.000991566
-2.875 0.0287579 0.000937268
-2.825 0.0302959 0.00103537
-2.775 0.0309093 0.000892702
-2.725 0.0312669 0.000942223
-2.675 0.0314117 0.000948733
-2.625 0.0314333 0.00106076
-2.575 0.0320313 0.0011451
-2.525 0.0326077 0.00108319
-2.475 0.0324782 0.00107698
-2.425 0.0333536 0.00100299
-2.375 0.0340933 0.000974665
-2.325 0.0339084 0.000834108
-2.275 0.0354711 0.00105096
-2.225 0.0352245 0.00106839
-2.175 0.0357331 0.00100087
-2.125 0.0364914 0.00107494
-2.075 0.0373976 0.00105446
-2.025 0.0380202 0.00111808
-1.975 0.0376719 0.00115903
-1.925 0.0386829 0.00113926
-1.875 0.0377705 0.000979348
-1.825 0.0379339 0.00117356
-1.775 0.0377983 0.00113731
-1.725 0.0377459 0.00128123
-1.675 0.0380757 0.00137566
-1.625 0.0381558 0.00109646
-1.575 0.0384979 0.000933072
-1.525 0.0381712 0.000714211
-1.475 0.0405692 0.000852967
-1.425 0.0409699 0.00101125
-1.375 0.0413121 0.00112275
-1.325 0.0416419 0.000930778
-1.275 0.0421166 0.00119043
-1.225 0.0426251 0.000961386
-1.175 0.0418885 0.000942826
-1.125 0.0419902 0.000864829
-1.075 0.0421998 0.000804587
-1.025 0.0416881 0.000897451
-0.975 0.043032 0.000954384
-0.925 0.0438087 0.000980533
-0.875 0.0440584 0.000953892
-0.825 0.0440091 0.000774154
-0.775 0.0444992 0.000747295
-0.725 0.0443821 0.00111671
-0.675 0.0448228 0.00112317
-0.625 0.0445855 0.00109428
-0.575 0.0443697 0.00133373
-0.525 0.044604 0.00131189
-0.475 0.0453838 0.00128018
-0.425 0.0453684 0.00123143
-0.375 0.0463362 0.00116797
-0.325 0.0447612 0.00116047
-0.275 0.0447766 0.00113724
-0.225 0.0453869 0.00116875
-0.175 0.0457598 0.00112786
-0.125 0.046216 0.00117567
-0.075 0.0462253 0.00118062
-0.025 0.0453746 0.00122908
0.025 0.0460188 0.0013168
0.075 0.0450663 0.00130979
0.125 0.0442588 0.00121149
0.175 0.0445362 0.00134142
0.225 0.0449122 0.00128012
0.275 0.044792 0.0013073
0.325 0.0454115 0.00116571
0.375 0.0454146 0.000931142
0.425 0.0455903 0.000882728
0.475 0.044157 0.00100836
0.525 0.04408 0.000847005
0.575 0.044231 0.000834769
0.625 0.0449307 0.0010921
0.675 0.0449461 0.00106217
0.725 0.0450971 0.000669328
0.775 0.0455965 0.000900404
0.825 0.0454948 0.00106804
0.875 0.0448074 0.00111396
0.925 0.0435745 0.0011993
0.975 0.0424926 0.00113902
1.025 0.0418669 0.00118652
1.075 0.0419224 0.00118752
1.125 0.0420796 0.00129014
1.175 0.0417313 0.00117076
1.225 0.0421073 0.00120348
1.275 0.0422029 0.00131049
1.325 0.0409699 0.00133716
1.375 0.0413737 0.00115707
1.425 0.0406925 0.00114269
1.475 0.039811 0.00113152
1.525 0.0397185 0.00130025
1.575 0.0386058 0.00118205
1.625 0.0385688 0.00133851
1.675 0.0391021 0.00122817
1.725 0.0390805 0.00112714
1.775 0.0386274 0.00109335
1.825 0.038686 0.00113705
1.875 0.0381096 0.00123632
1.925 0.0384579 0.000996916
1.975 0.0372712 0.00105512
2.025 0.0371171 0.00110945
2.075 0.0365684 0.00103239
2.125 0.036177 0.00108038
2.175 0.0354588 0.001048
2.225 0.0344478 0.00105422
2.275 0.0333752 0.000909852
2.325 0.0334923 0.000862153
2.375 0.0331594 0.000967282
2.425 0.0323457 0.000908668
2.475 0.0316676 0.000964126
2.525 0.0321268 0.000979806
2.575 0.0318741 0.00114088
2.625 0.0318371 0.00111591
2.675 0.0313285 0.00113045
2.725 0.0301079 0.00110308
2.775 0.0303792 0.0012157
2.825 0.0298182 0.00110396
2.875 0.0295161 0.00104093
2.925 0.0289366 0.00105787
2.975 0.0286592 0.000997541
3.025 0.0281969 0.000897753
3.075 0.0280644 0.000973059
3.125 0.0280428 0.000901729
3.175 0.0277191 0.00115211
3.225 0.0271242 0.00103531
3.275 0.0257126 0.000916505
3.325 0.0252872 0.00101098
3.375 0.0258019 0.000782109
3.425 0.0255893 0.000945778
3.475 0.02513 0.00103692
3.525 0.0243779 0.00116245
3.575 0.0232344 0.00115769
3.625 0.022396 0.000990231
3.675 0.0216994 0.000941672
3.725 0.0218443 0.00105513
3.775 0.022023 0.000939266
3.825 0.0220847 0.000930762
3.875 0.0224515 0.000865557
3.925 0.0219152 0.000865304
3.975 0.0214836 0.000828015
4.025 0.0199394 0.000880648
4.075 0.0199764 0.000774872
4.125 0.0192151 0.000862153
4.175 0.0191873 0.000766445
4.225 0.0183058 0.000810961
4.275 0.0175845 0.000773785
4.325 0.0176493 0.000708917
4.375 0.0171314 0.000571015
4.425 0.0174766 0.000824819
4.475 0.0174612 0.000845224
4.525 0.016891 0.000752081
4.575 0.0162622 0.000810846
4.625 0.0155903 0.000682601
4.675 0.0158399 0.000849838
4.725 0.0149399 0.000711635
4.775 0.0144652 0.000657322
4.825 0.014268 0.000808121
4.875 0.0136793 0.000694905
4.925 0.0134727 0.000634991
4.975 0.0131768 0.000585992
5.025 0.0125388 0.000576768
5.075 0.01236 0.000647261
5.125 0.0121443 0.000713538
5.175 0.0120949 0.000715912
5.225 0.0119871 0.000683263
5.275 0.0113768 0.000588993
5.325 0.0108589 0.000575677
5.375 0.0103103 0.000507165
5.425 0.0103411 0.000518063
5.475 0.0102178 0.000582561
5.525 0.00995583 0.000605835
5.575 0.00937328 0.000691006
5.625 0.00954589 0.000673696
5.675 0.00955513 0.000674932
5.725 0.00864585 0.000707908
5.775 0.00835612 0.000592066
5.825 0.00808179 0.00060328
5.875 0.00791535 0.000567937
5.925 0.00780439 0.000662206
5.975 0.00747458 0.000630779
6.025 0.00757013 0.000696963
6.075 0.0074006 0.000615666
6.125 0.00761637 0.000676809
6.175 0.00730505 0.00070319
6.225 0.00710779 0.000745332
6.275 0.00679956 0.0006899
6.325 0.00658379 0.000757489
6.375 0.00642043 0.000701144
6.425 0.00597042 0.000589635
6.475 0.00566527 0.000589
6.525 0.00564369 0.000536771
6.575 0.00549882 0.000622298
6.625 0.00497175 0.000585268
6.675 0.00510429 0.000569477
6.725 0.00531697 0.000535928
6.775 0.0047899 0.000431788
6.825 0.00429673 0.00040436
6.875 0.00407172 0.000348108
6.925 0.00407172 0.000397066
6.975 0.00372958 0.000357108
7.025 0.00375732 0.000331099
7.075 0.00357239 0.000329315
7.125 0.00331964 0.000382262
7.175 0.00307614 0.000386332
7.225 0.00308847 0.000394821
7.275 0.00291894 0.000421392
7.325 0.00281106 0.000387032
7.375 0.00275866 0.000329558
7.425 0.00267852 0.000284223
7.475 0.00249975 0.000301293
7.525 0.00279873 0.000304147
7.575 0.00264461 0.000277095
7.625 0.00262304 0.00027756
7.675 0.00282955 0.00039446
7.725 0.00243194 0.000365808
7.775 0.00241961 0.000320467
7.825 0.00217302 0.000273297
7.875 0.00181548 0.000277149
7.925 0.00166444 0.000246892
7.975 0.00150725 0.000187716
8.025 0.00135005 0.000169941
8.075 0.00148875 0.000212847
8.125 0.00171992 0.000242344
8.175 0.0017415 0.000250099
8.225 0.00167369 0.000259217
8.275 0.00142711 0.000246132
8.325 0.00143327 0.000265288
8.375 0.00125141 0.000222058
8.425 0.00125141 0.000224907
8.475 0.00115586 0.000201738
8.525 0.00101716 0.000175421
8.575 0.000967843 0.000182409
8.625 0.000955513 0.000203268
8.675 0.000927773 0.000220744
8.725 0.000832221 0.000180492
8.775 0.000881538 0.000186732
8.825 0.000974007 0.000206289
8.875 0.000801398 0.00019928
8.925 0.000721258 0.000173328
8.975 0.000712012 0.000184345
9.025 0.000708929 0.000185937
9.075 0.000610296 0.000177488
9.125 0.000554814 0.000152192
9.175 0.000527073 0.000147917
9.225 0.000585637 0.000165212
9.275 0.00057639 0.000157305
9.325 0.000440769 0.000123775
9.375 0.000480839 0.000143027
9.425 0.000357547 0.000110241
9.475 0.000339053 0.000101716
9.525 0.000252749 8.17711e-05
9.575 0.00030823 0.000102784
9.625 0.000265078 9.23765e-05
9.675 0.00022809 7.96761e-05
9.725 0.000295901 7.93775e-05
9.775 0.000292819 8.11851e-05
9.825 0.000305148 7.04864e-05
9.875 0.000351382 9.30937e-05
9.925 0.000305148 9.45493e-05
9.975 0.000194185 6.85457e-05
