0.410478 0.441984 -0.432612
-0.305248 -0.338555 0.462209
0.45849 -0.229119 -0.353203
-0.393587 -0.461817 -0.355783
-0.184079 0.497665 0.468609
0.0922766 -0.294275 0.431524
-0.1533 -0.36847 -0.3471
-0.00361426 0.452749 -0.345021
0.226934 -0.488034 0.492137
0.33456 -0.305182 0.494658
0.119873 -0.37201 -0.350172
0.240282 0.474413 -0.310812
-0.467012 -0.150459 0.485319
-0.332641 0.00901421 -0.467899
0.47135 -0.0177915 -0.344292
-0.32731 -0.217578 -0.347414
-0.199996 -0.164395 0.465922
0.0733115 -0.0209429 0.452049
-0.150388 -0.101247 -0.296333
0.0146362 -0.152407 -0.40761
0.263712 -0.143324 0.35367
0.28959 -0.0158457 0.494167
0.110504 0.0516783 -0.328926
0.241956 -0.11791 -0.328985
-0.48758 0.188199 -0.47915
-0.396159 0.374793 -0.494545
-0.485178 0.298157 -0.307562
-0.246885 0.184146 -0.278263
-0.0987036 0.115525 -0.388095
0.0567036 0.373833 0.479652
-0.217734 0.368527 -0.374821
-0.0227844 0.149861 -0.203464
0.0773435 0.187072 -0.474078
0.249099 0.287051 -0.426588
0.109194 0.318467 -0.28524
0.337777 0.148196 -0.276421
0.437998 0.489211 -0.217815
-0.314815 -0.343488 -0.101557
0.462046 -0.357199 -0.049056
-0.352579 0.494201 0.0350967
-0.225691 0.475353 -0.218034
0.00124895 -0.381413 -0.154434
-0.135664 -0.347712 0.0353492
0.0249171 -0.477975 0.0538989
0.17739 -0.495843 -0.135182
0.330385 -0.310712 -0.218077
0.208631 -0.335816 0.0281763
0.340631 0.485117 0.00721383
0.497445 -0.190191 -0.136018
-0.315147 -0.0348674 -0.197901
-0.494022 -0.0282438 0.00426839
-0.309773 -0.158484 -0.0301582
-0.15504 -0.229135 -0.169579
0.0250755 -0.054927 -0.141987
-0.175496 0.00425179 -0.0591468
-0.0316454 -0.153116 0.0535497
0.113664 -0.220463 -0.21948
0.365586 -0.0104759 -0.1581
0.16698 -0.0443409 -0.0111699
0.363513 -0.152374 0.0509552
-0.447246 0.135069 -0.184925
-0.297611 0.326089 -0.102592
-0.496942 0.352675 -0.0738382
-0.368325 0.14611 -0.0132831
-0.159507 0.189673 -0.074909
0.00993827 0.332019 -0.128241
-0.125707 0.386723 0.0286002
0.0476324 0.127751 -0.00958857
0.180929 0.170886 -0.129176
0.3299 0.330783 -0.167925
0.165375 0.367822 0.0260079
0.376272 0.146956 -0.0168656
0.491159 0.455457 0.157633
-0.400178 -0.25277 0.114176
-0.490906 -0.439727 0.43349
-0.348934 -0.454437 0.294392
-0.154986 -0.492867 0.181864
0.0138048 -0.290395 0.208137
-0.179929 -0.295407 0.311889
-0.00905942 -0.469969 0.321318
0.242702 -0.499454 0.175371
0.421668 -0.364554 0.170953
0.270806 -0.346873 0.290226
0.356432 0.412754 0.364999
-0.475419 -0.0895112 0.229008
-0.31359 0.0265624 0.166305
0.474894 0.064569 0.36263
-0.322712 -0.142006 0.327291
-0.189192 -0.11671 0.179028
-0.0327292 0.0179563 0.128774
-0.133551 0.065682 0.33688
-0.0258996 -0.114577 0.305248
0.152134 -0.108451 0.172477
0.324764 0.0172551 0.217068
0.065294 0.133832 0.290857
0.478111 -0.257126 0.31777
-0.490886 0.127677 0.145891
-0.30931 0.294978 0.105766
-0.494741 0.30651 0.310422
-0.336602 0.168136 0.329019
-0.169335 0.164771 0.120987
0.00625145 0.279232 0.113176
-0.258829 0.357746 0.309346
-0.0542902 0.291602 0.320898
0.201356 0.161473 0.119681
0.360064 0.273969 0.14818
0.141051 0.357877 0.290976
0.26437 0.160914 0.348277