0.172457 -0.0323107 0.143035
0.444969 0.0863251 0.367885
-0.264562 -0.353526 0.226158
0.10147 -0.443994 0.239503
-0.354903 0.38433 -0.459438
0.216052 0.22136 -0.318427
0.244733 0.376753 0.0936239
-0.332527 0.395031 0.322261
-0.0540275 0.254968 -0.201937
-0.428769 0.12756 0.206193
-0.197079 -0.14055 0.0472926
0.402211 -0.107636 0.449995
-0.331617 -0.29107 -0.0480087
-0.271447 -0.09026 0.230622
0.13632 0.298071 -0.0897752
-0.0798791 0.416256 -0.476659
-0.282882 -0.251516 -0.39889
-0.129602 -0.236933 0.372167
0.425577 0.450121 0.455393
-0.464164 -0.421875 0.164862
-0.1736 0.441973 0.172164
0.429663 0.437496 0.042905
-0.384774 -0.0412757 0.487495
-0.280312 0.11827 0.350045
-0.0824974 -0.253542 -0.282057
-0.0403526 -0.0202605 0.110513
0.27838 -0.27243 -0.0351517
0.0415212 -0.152162 0.272903
-0.375271 0.170132 -0.422285
0.321002 -0.391013 0.123631
-0.392529 -0.0909067 -0.285356
0.355663 -0.445733 -0.159392
-0.219882 -0.0668398 -0.387665
0.0658346 -0.272131 -0.1439
-0.145001 0.044438 -0.0370182
-0.00798542 0.143869 -0.358288
0.2867 -0.126525 -0.368642
0.247381 0.117639 0.427432
0.325132 -0.447063 -0.376449
-0.417784 -0.106354 0.0496511
0.0795407 -0.301629 0.446255
0.0888188 0.378527 -0.354442
0.155049 0.183743 0.19267
-0.0887374 -0.449756 0.3692
0.123222 -0.387882 -0.349844
0.0542818 0.100299 -0.156976
-0.0929287 0.0144129 0.363833
-0.480746 0.153502 -0.206735
-0.464233 -0.0646857 0.265402
-0.480579 0.232465 -0.0093263
0.385734 0.200096 0.161014
0.286969 0.358157 -0.45377
-0.249717 -0.122358 -0.155096
0.141772 0.0152579 -0.367474
0.282272 -0.258238 0.434269
0.141672 -0.442436 -0.0100612
0.417568 -0.203459 0.170745
0.362412 -0.0193107 0.0221027
0.472696 -0.316328 0.00757012
-0.220136 0.111392 0.120106
0.210025 -0.0554194 -0.179264
0.483933 -0.209583 -0.404196
0.00282217 -0.0823736 -0.102454
0.332406 -0.0640536 0.284835
-0.184891 0.117698 -0.478549
0.458608 0.44598 -0.288515
0.0634222 0.37227 0.202718
0.157146 -0.0892868 0.462309
0.455825 -0.329884 0.364276
0.170413 0.48086 -0.20268
-0.342727 0.0451006 -0.0936186
0.353328 0.30956 -0.142076
0.206913 -0.266557 0.240979
-0.0804909 0.195627 0.263186
-0.0234121 -0.474778 -0.23324
0.0582516 -0.182181 0.0553935
-0.201238 -0.362954 -0.198804
-0.0627948 -0.423516 -0.0351639
-0.265991 -0.42721 0.4783
0.0724451 0.224762 0.378974
-0.376664 0.328025 0.125869
-0.0249109 -0.097142 -0.46148
0.0112726 0.198793 0.0349668
0.112472 0.432836 0.418237
-0.277804 0.236033 -0.134912
-0.267264 -0.457855 0.0218562
0.0944707 -0.176443 -0.303225
-0.168395 0.0650057 -0.239811
0.326236 0.0709905 -0.40526
-0.0951571 -0.36486 -0.444519
0.499637 -0.335741 -0.260705
-0.0624071 -0.343785 0.195527
-0.215124 0.477368 -0.343986
-0.448008 0.450009 -0.110226
0.474933 -0.127659 -0.159066
0.453342 0.42932 0.25993
0.489763 0.269793 0.414508
0.298936 -0.269421 -0.238277
-0.379086 -0.224217 0.386803
0.422807 0.258496 -0.35533
-0.10391 0.361249 -0.00255503
0.324072 0.0978681 -0.214918
-0.372499 0.339257 -0.274173
0.271916 0.290157 0.313273
0.283221 -0.496769 0.327619
-0.452199 -0.432847 -0.432361
-0.189916 0.289811 0.424112
-0.188667 0.28363 -0.347574