0.379055 0.383318 -0.258413
-0.20593 -0.39145 0.366369
-0.420058 0.47634 0.222516
0.368161 0.0355279 -0.417576
0.361819 -0.476185 0.428024
0.0819476 0.4529 0.379544
0.0491115 -0.0356684 -0.475017
0.345193 0.324335 0.112439
-0.36171 -0.386538 0.306034
0.0703461 0.295348 -0.204289
0.0643161 -0.305898 0.16924
0.486659 0.160513 -0.460505
0.0652075 -0.4702 0.376677
0.445417 -0.0615391 0.472531
0.0322632 0.347684 -0.0707769
0.120038 0.426747 0.174363
0.136097 0.320934 0.337058
0.39749 -0.496018 -0.360321
0.179709 -0.367023 -0.0354877
0.172127 0.390893 0.449761
-0.212403 0.247105 -0.169351
-0.11631 0.378044 -0.4291
-0.131111 0.497723 -0.376354
0.162962 -0.304939 0.177821
-0.138358 -0.21773 -0.0490827
-0.355938 0.490973 -0.231279
-0.360314 0.2718 0.252825
0.0763114 -0.218714 0.301036
-0.402075 0.228652 -0.479132
-0.0319159 -0.228991 0.11873
0.397022 0.46115 -0.28958
-0.039438 0.483638 -0.122333
0.0717176 0.291407 0.249589
-0.480688 -0.10493 -0.24057
0.4844 -0.497402 -0.305634
-0.0887896 -0.411217 -0.444951
-0.0389518 -0.369965 0.111265
-0.0236931 -0.180743 0.0490549
-0.411978 -0.473484 -0.174945
0.215521 0.489079 0.207796
0.396042 0.359304 0.0195624
-0.157585 0.182012 0.0131228
-0.236575 0.155797 0.178163
0.103182 0.384682 0.239167
-0.00368228 0.355743 -0.16968
0.232961 0.0405063 -0.0595204
-0.156358 0.328258 -0.187262
-0.488135 -0.0823601 0.358048
0.345876 0.460561 0.0168036
0.279356 0.0104392 -0.208869
0.470872 0.0337818 0.442325
-0.0671352 -0.329846 0.00953814
-0.424012 -0.280849 -0.314257
-0.163097 -0.256971 0.0770572
-0.0309336 0.146543 -0.0437943
-0.316026 -0.206746 0.472582
-0.19848 -0.43336 -0.423891
-0.442161 -0.494911 0.115299
0.277814 0.0886736 -0.243408
-0.0606916 -0.150847 -0.385725
-0.0718052 -0.349308 0.242013
-0.0538855 -0.0125739 0.166367
0.0097015 0.448328 0.225465
-0.467596 0.196725 0.196695
0.116035 0.316304 0.426321
0.381052 0.385705 0.111804
-0.419926 -0.355266 -0.394594
-0.00361703 -0.120631 -0.433758
-0.0134816 -0.0603219 0.261784
-0.0395398 0.322216 0.330365
0.281913 -0.278393 0.182494
0.211474 0.122476 -0.184473
0.212634 0.306301 -0.311016
-0.4123 -0.24327 -0.214391
0.237628 0.0236928 -0.311161
-0.136192 -0.408925 -0.314887
-0.461488 -0.247169 0.040354
-0.0410586 0.282129 -0.163856
-0.463337 -0.0236607 -0.373734
0.0776287 0.360171 -0.496528
-0.472506 -0.469015 0.450722
-0.272319 0.293257 -0.203959
0.34541 -0.254562 0.358204
-0.456684 -0.11657 -0.0971544
-0.286254 0.309804 0.342229
0.285112 0.254379 -0.112169
0.316524 0.498919 0.147174
-0.0632334 0.210324 0.0722766
0.146079 -0.209061 0.23051
0.339673 -0.0597861 -0.435474
0.457321 -0.313114 0.189478
0.0761451 0.0193132 0.478703
-0.224595 0.357909 -0.134153
0.014369 -0.289113 0.0944435
-0.274239 -0.485472 0.496297
0.0202764 -0.195371 -0.0595086
0.269759 0.188899 -0.265826
0.335599 -0.373809 0.152698
0.434395 0.325145 0.395103
0.10388 0.373682 -0.280745
0.380263 -0.0578628 0.401543
-0.363052 0.217815 -0.371574
0.0481742 0.260622 -0.044609
0.489849 0.29861 0.00057266
0.481565 -0.43354 -0.46362
-0.453751 0.0514944 0.389062
-0.463597 0.0781768 -0.442618
0.482758 -0.0455086 -0.448958