0.494205 0.492464 -0.492465
-0.329615 -0.356185 -0.498412
-0.483623 -0.342046 -0.313411
-0.314835 0.48869 -0.30691
-0.125535 -0.487569 -0.48003
0.0250281 -0.329594 -0.491555
-0.171774 -0.330662 -0.336001
0.00899638 0.493973 -0.305556
0.170567 0.499787 -0.488119
0.338546 -0.330067 -0.498228
0.185635 -0.343714 -0.313882
0.342616 -0.491863 -0.317941
0.498212 -0.174106 0.495091
-0.315714 -0.032075 0.495837
-0.499893 -0.0139796 -0.352568
-0.332672 -0.172811 -0.325774
-0.159895 -0.187872 -0.494051
0.0161656 -0.00335491 -0.493381
-0.141634 -0.0151703 -0.325722
0.017124 -0.16487 -0.330975
0.172409 -0.173942 0.498009
0.336015 -0.00772111 0.483304
0.191387 -0.0106359 -0.348275
0.358958 -0.187766 -0.313858
-0.483042 0.140867 0.487628
-0.314878 0.316758 -0.499014
-0.464366 0.317126 -0.326431
-0.314142 0.154166 -0.3425
-0.135165 0.148986 -0.478806
0.00435356 0.335496 0.496578
-0.160641 0.324601 -0.335474
0.0221787 0.153009 -0.322409
0.169135 0.171875 0.498459
0.342949 0.328379 0.49858
0.185379 0.327441 -0.338631
0.346609 0.154079 -0.336467
-0.488939 -0.493475 -0.170265
-0.322059 -0.326021 -0.158187
-0.480988 -0.339219 0.0206943
-0.319824 -0.499502 0.00795053
-0.1598 -0.473673 -0.149254
0.0155256 -0.318384 -0.161114
-0.16874 -0.329234 0.027937
0.0130452 -0.479153 0.0135254
0.176883 0.492706 -0.15754
0.366181 -0.331901 -0.150386
0.194756 -0.322844 -0.00968337
0.360427 0.490567 -0.00114046
-0.473998 -0.13738 -0.165162
-0.307415 0.0207045 -0.166949
0.494422 -0.00364833 -0.0090882
-0.31678 -0.147754 0.0146761
-0.167366 -0.163663 -0.151095
0.0143569 -0.00633708 -0.154161
-0.153121 -0.000943602 -0.0030195
0.0142142 -0.176856 0.00736155
0.182468 -0.160007 -0.161002
0.324189 0.000321927 -0.172068
0.188431 -0.0089201 0.00972981
0.360745 -0.17081 -0.000192345
0.489341 0.163465 -0.160615
-0.317885 0.310879 -0.159785
-0.491617 0.324706 -5.55215e-05
-0.316836 0.147015 0.0212335
-0.145509 0.169347 -0.150096
0.00867958 0.328837 -0.155872
-0.145498 0.340713 0.0148771
0.0511184 0.170587 0.005024
0.175235 0.183734 -0.1733
0.35011 0.334317 -0.173139
0.183044 0.341033 9.33704e-06
0.337379 0.169831 -0.0174909
-0.491832 0.476147 0.171671
-0.327816 -0.362694 0.185833
-0.497672 -0.369983 0.344624
-0.321696 0.469081 0.339107
-0.158344 0.497829 0.176633
0.0117041 -0.313864 0.179286
-0.169214 -0.350995 0.351998
0.0171385 0.489783 0.335948
0.187514 0.499428 0.163526
0.355302 -0.362576 0.176771
0.1797 -0.348314 0.32935
0.348218 0.466384 0.328173
-0.48723 -0.170947 0.174703
-0.31739 -0.002074 0.196812
-0.490502 -0.0123416 0.319073
-0.320896 -0.169961 0.338571
-0.159112 -0.168116 0.183092
0.0106464 0.00644338 0.159941
-0.15441 -0.0198878 0.34933
0.00940873 -0.183154 0.335449
0.182755 -0.182337 0.15196
0.344496 -0.00446126 0.171407
0.16435 -0.0315149 0.328573
0.348528 -0.167754 0.339409
0.499869 0.159261 0.15341
-0.322429 0.308834 0.169958
-0.489689 0.305389 0.321111
-0.305397 0.173215 0.34575
-0.151963 0.172113 0.159883
0.0144589 0.327511 0.168319
-0.142274 0.323446 0.340034
0.0114061 0.162378 0.342102
0.178343 0.163756 0.170449
0.330628 0.320574 0.149661
0.160182 0.319013 0.340642
0.343335 0.186196 0.323098