100 -0.0724
200 0.0372
300 -0.0276
400 0.008
500 0.07
600 0.0348
700 0.096
800 0.0524
900 0.02
1000 0.1396
1100 0.2584
1200 0.0736
1300 -0.0224
1400 0.1008
1500 0.162
1600 0.0896
1700 0.2356
1800 -0.0592
1900 0.0912
2000 -0.038
2100 0.056
2200 0.082
2300 -0.066
2400 0.0712
2500 0.0804
2600 -0.1264
2700 -0.016
2800 0.0752
2900 0.148
3000 0.0956
3100 0.0444
3200 0.0132
3300 0.1992
3400 0.0436
3500 -0.0596
3600 0.1384
3700 0.1092
3800 0.034
3900 -0.056
4000 0.004
4100 -0.1704
4200 0.0576
4300 0.1456
4400 0.1056
4500 0.1292
4600 -0.0136
4700 -0.146
4800 0.1532
4900 0.1064
5000 0.0532
5100 0.0572
5200 -0.0088
5300 0.1452
5400 0.0952
5500 0.0872
5600 0.1984
5700 -0.0216
5800 0.0016
5900 0.0156
6000 0.104
6100 -0.0128
6200 0.0264
6300 0.1684
6400 0.0208
6500 0.0384
6600 0.062
6700 -0.1252
6800 0.0252
6900 0.1216
7000 0.1708
7100 0.0712
7200 0.0296
7300 0.01
7400 -0.1028
7500 0.0932
7600 0.0928
7700 0.1352
7800 -0.0216
7900 0.1568
8000 -0.0976
8100 -0.016
8200 -0.0792
8300 0.0612
8400 0.0368
8500 0.152
8600 0.05
8700 0.0084
8800 0.1592
8900 0.1036
9000 0.0044
9100 0.1232
9200 -0.0476
9300 -0.0208
9400 0.1936
9500 0.0516
9600 -0.0692
9700 0.0372
9800 0.0712
9900 0.1024
10000 0.112
10100 -0.0376
10200 0.18
10300 0.1676
10400 -0.0272
10500 -0.0592
10600 -0.0276
10700 0.0264
10800 0.216
10900 0.0128
11000 0.0256
11100 0.0996
11200 0.052
11300 0.1776
11400 0.1696
11500 -0.1096
11600 0.0996
11700 0.0436
11800 -0.0056
11900 -0.0952
12000 0.1604
12100 0.07
12200 0.0696
12300 -0.1076
12400 0.0792
12500 0.0144
12600 0.142
12700 0.0672
12800 -0.0356
12900 0.1576
13000 0.022
13100 -0.0392
13200 0.1764
13300 0.1796
13400 0.1288
13500 0.162
13600 0.2
13700 0.0048
13800 0.0068
13900 0.0956
14000 0.106
14100 0.0908
14200 0.0828
14300 0.1528
14400 -0.1012
14500 0.1136
14600 -0.0192
14700 0.1684
14800 0.1236
14900 0.194
15000 0.0532
15100 -0.1008
15200 0.1076
15300 0.2504
15400 0.1228
15500 0.0404
15600 -0.1568
15700 0.0996
15800 0.0016
15900 0.0724
16000 0.1396
16100 0.0152
16200 0.0296
16300 0.0544
16400 0.142
16500 0.0224
16600 0.1528
16700 0.0556
16800 0.0176
16900 0.114
17000 -0.1084
17100 0.0916
17200 0.0852
17300 -0.1056
17400 0.1236
17500 -0.0352
17600 -0.0076
17700 0.0756
17800 -0.0764
17900 -0.078
18000 0.1148
18100 -0.1468
18200 0.1152
18300 0.0864
18400 0.0452
18500 0.0232
18600 0.07
18700 0.114
18800 0.0052
18900 0.066
19000 0.0456
19100 0.0592
19200 0.09
19300 0.0008
19400 -0.0428
19500 0.0208
19600 0.1576
19700 0.0704
19800 0.0756
19900 -0.0956
20000 0.0412
20100 0.0308
20200 0.0132
20300 0.0024
20400 -0.0744
20500 0.0716
20600 0.1296
20700 -0.0708
20800 0.0312
20900 0.0004
21000 -0.0476
21100 0.1972
21200 0.002
21300 0.1848
21400 0.0504
21500 -0.084
21600 0.08
21700 0.0672
21800 -0.054
21900 -0.018
22000 -0.0304
22100 0.1236
22200 -0.0364
22300 0.1084
22400 0.0196
22500 0.0024
22600 0.134
22700 -0.0616
22800 0.086
22900 -0.1172
23000 0.05
23100 0.0196
23200 0.0364
23300 0
23400 0.0952
23500 0.0288
23600 -0.0316
23700 0.0476
23800 0.0528
23900 0.1532
24000 0.0276
24100 -0.0564
24200 0.0948
24300 -0.0004
24400 0.0324
24500 0.0564
24600 0.0756
24700 0.3124
24800 0.064
24900 -0.0208
25000 -0.0748
25100 -0.0216
25200 0.0884
25300 0.0072
25400 0.136
25500 0.0796
25600 0.1064
25700 0.0956
25800 -0.0032
25900 -0.002
26000 0.0116
26100 0.0208
26200 -0.0632
26300 -0.0792
26400 0.0344
26500 0.5008
26600 -0.038
26700 0.0812
26800 0.0756
26900 -0.1292
27000 -0.006
27100 0.1016
27200 0.1252
27300 0.1056
27400 -0.1364
27500 0.0048
27600 0.0464
27700 0.0152
27800 0.17
27900 0.0748
28000 -0.1048
28100 -0.1232
28200 0.0816
28300 0.1352
28400 0.0248
28500 0.0072
28600 -0.0124
28700 0.0568
28800 -0.0572
28900 0.0636
29000 0.0504
29100 0.1284
29200 0.1888
29300 0.0144
29400 -0.0792
29500 0.0172
29600 0.058
29700 -0.064
29800 -0.0516
29900 0.0912
30000 0.202
30100 0.1228
30200 0.0884
30300 -0.0172
30400 0.018
30500 0.1116
30600 0.1872
30700 0.0356
30800 -0.0796
30900 0.0092
31000 -0.0156
31100 0.0812
31200 0.0528
31300 0.1444
31400 -0.0264
31500 -0.0612
31600 0.024
31700 0.0616
31800 0.0688
31900 0.0368
32000 0.1024
32100 -0.1044
32200 0.0324
32300 -0.0032
32400 0.2544
32500 0.024
32600 -0.0568
32700 0.2004
32800 0.0768
32900 0.0964
33000 0.1164
33100 -0.0684
33200 0.0364
33300 0.1092
33400 -0.0632
33500 -0.0524
33600 0.0972
33700 0.1932
33800 0.0836
33900 0.022
34000 -0.106
34100 0.2596
34200 0.0676
34300 -0.0924
34400 0.0804
34500 0.1112
34600 0.0972
34700 -0.046
34800 0.1276
34900 0.128
35000 0.0496
35100 0.0436
35200 -0.0476
35300 0.1072
35400 0.126
35500 0.1028
35600 -0.0844
35700 0.0804
35800 0.0724
35900 0.1076
36000 0.0768
36100 0.0556
36200 0.0344
36300 0.0536
36400 0.1716
36500 0.1052
36600 -0.0724
36700 0.1832
36800 0.1316
36900 -0.0816
37000 0.1324
37100 0.0336
37200 -0.02
37300 0.1284
37400 0.0632
37500 0.0908
37600 -0.05
37700 0.0824
37800 0.052
37900 -0.0076
38000 0.078
38100 0.1564
38200 -0.0252
38300 -0.1092
38400 -0.0208
38500 0.1336
38600 0.0112
38700 0.0232
38800 -0.0308
38900 0.0468
39000 0.1616
39100 0.0296
39200 -0.0688
39300 0.1264
39400 0.0072
39500 0.0408
39600 0.1804
39700 -0.0924
39800 -0.0108
39900 0.0688
40000 0.0016
40100 0.0568
40200 0.0368
40300 0.0172
40400 0.1276
40500 -0.0132
40600 0.0048
40700 -0.0456
40800 0.0912
40900 0.1496
41000 0.1272
41100 -0.0548
41200 0.0788
41300 0.0272
41400 0.1036
41500 -0.0652
41600 -0.0364
41700 0.154
41800 0.1268
41900 0.0452
42000 0.0732
42100 -0.0032
42200 0.096
42300 0.0108
42400 0.0856
42500 0.112
42600 0.0272
42700 0.128
42800 -0.0312
42900 0.2056
43000 0.124
43100 0.1732
43200 0.1776
43300 0.0424
43400 0.0596
43500 0.166
43600 0.148
43700 0.004
43800 0.154
43900 0.0848
44000 -0.0116
44100 0.0368
44200 0.0772
44300 -0.0472
44400 -0.1056
44500 0.1376
44600 -0.0076
44700 0.1352
44800 0.0596
44900 -0.0508
45000 0.0104
45100 0.0084
45200 -0.0804
45300 0.0372
45400 0.0016
45500 -0.0888
45600 -0.0164
45700 0.0216
45800 -0.0196
45900 0.1612
46000 -0.138
46100 0.0132
46200 0.1604
46300 0.1628
46400 -0.0176
46500 0.0192
46600 0.0324
46700 0.1032
46800 -0.0656
46900 0.0384
47000 0.1604
47100 0.0196
47200 -0.0884
47300 0.2432
47400 0.2208
47500 0.2496
47600 0.032
47700 0.1984
47800 0.0244
47900 -0.0428
48000 0.1044
48100 0.1212
48200 0.0404
48300 0.1008
48400 0.1016
48500 -0.0392
48600 0.054
48700 -0.0372
48800 0.0616
48900 0.018
49000 -0.0052
49100 0.1008
49200 -0.054
49300 0.074
49400 0.1456
49500 0.0436
49600 0.0492
49700 0.0656
49800 0.204
49900 0.066
50000 0.06
50100 -0.0116
50200 -0.0388
50300 -0.0072
50400 0.1312
50500 -0.024
50600 -0.0104
50700 0.0632
50800 -0.1312
50900 0.112
51000 0.0428
51100 0.0536
51200 0.2196
51300 0.0224
51400 0.0524
51500 0.0868
51600 -0.0276
51700 -0.1164
51800 0.1128
51900 0.0176
52000 0.004
52100 -0.048
52200 0.0652
52300 -0.0196
52400 -0.026
52500 0.0384
52600 0.1176
52700 0.0092
52800 0.1636
52900 0.0912
53000 0.1188
53100 -0.15
53200 0.2076
53300 0.0464
53400 0.084
53500 0.0544
53600 0.0224
53700 0.0144
53800 -0.0292
53900 0.0484
54000 -0.0392
54100 0.0268
54200 0.0004
54300 0.01
54400 0.0964
54500 -0.0444
54600 -0.0524
54700 0.068
54800 0.0948
54900 -0.0536
55000 0.124
55100 0.2512
55200 0.0324
55300 0.0404
55400 0.078
55500 -0.06
55600 0.1944
55700 0.0768
55800 0.0176
55900 0.326
56000 0.0964
56100 0.0192
56200 0.1512
56300 0.0428
56400 0.1228
56500 -0.13
56600 0.0248
56700 -0.0016
56800 -0.0204
56900 -0.0204
57000 -0.0224
57100 -0.0784
57200 0.1448
57300 0.1512
57400 -0.0356
57500 -0.066
57600 0.1804
57700 -0.1016
57800 0.0804
57900 0.0124
58000 0.0584
58100 0.0916
58200 0.1204
58300 -0.0104
58400 0.2388
58500 -0.1048
58600 0.016
58700 0.1388
58800 0.0636
58900 -0.018
59000 -0.0288
59100 0.1544
59200 0.0096
59300 0.1036
59400 0.1948
59500 0.0428
59600 0.0224
59700 0.122
59800 0.1108
59900 0.078
60000 -0.0904
60100 0.0084
60200 0.012
60300 0.0812
60400 0.1372
60500 0.0404
60600 0.146
60700 0.0192
60800 -0.0012
60900 -0.0784
61000 0.1148
61100 0.176
61200 -0.1076
61300 0.15
61400 -0.0032
61500 0.1348
61600 0.1132
61700 0.0248
61800 -0.0316
61900 -0.0196
62000 0.168
62100 0.0876
62200 0.112
62300 0.0208
62400 0.2448
62500 -0.0908
62600 0.1052
62700 -0.0152
62800 0.104
62900 0.0928
63000 0.1144
63100 0.1524
63200 0.114
63300 0.1172
63400 0.008
63500 0.0008
63600 0.0808
63700 0.0768
63800 0.1268
63900 -0.0112
64000 -0.0348
64100 0.0148
64200 0.0068
64300 0.1508
64400 -0.0204
64500 0.124
64600 -0.05
64700 -0.0304
64800 0.0268
64900 0.1376
65000 -0.0232
65100 0.0124
65200 0.0392
65300 0.1392
65400 0.0476
65500 0.1868
65600 0.1208
65700 0.0288
65800 0.0436
65900 0.032
66000 -0.0544
66100 -0.0488
66200 0.034
66300 0.0412
66400 0.1576
66500 0.2996
66600 0.0104
66700 0.2512
66800 0.2584
66900 0.036
67000 0.11
67100 0.2068
67200 0.1016
67300 0.018
67400 -0.0184
67500 0.0816
67600 0.0296
67700 0.1156
67800 -0.052
67900 0.034
68000 -0.0088
68100 0.1376
68200 -0.006
68300 0.0144
68400 0.0256
68500 0.0496
68600 0.0144
68700 0.0756
68800 -0.0128
68900 0.2528
69000 0.0056
69100 0.0008
69200 0.0532
69300 0.1212
69400 0.1324
69500 0.0596
69600 0.0828
69700 0.0428
69800 0.0892
69900 0.0364
70000 0.0904
70100 0.0336
70200 -0.0012
70300 0.0628
70400 0.0788
70500 0.156
70600 0.044
70700 -0.1024
70800 0.1356
70900 0.0748
71000 0.1704
71100 0.1116
71200 0.1808
71300 -0.16
71400 0.1776
71500 0.0132
71600 -0.0728
71700 0.0704
71800 0.0456
71900 -0.0172
72000 0.0552
72100 -0.0056
72200 0.0192
72300 0.0696
72400 -0.0288
72500 0.106
72600 0.0048
72700 0.028
72800 0.1136
72900 -0.0676
73000 -0.012
73100 0.0248
73200 0.0404
73300 0.1572
73400 0.0712
73500 -0.0396
73600 0.132
73700 0.0136
73800 0.1272
73900 0.1
74000 0.0096
74100 0.1424
74200 0.1912
74300 0.0968
74400 0.0448
74500 0.0072
74600 0.0268
74700 -0.0112
74800 -0.002
74900 0.0376
75000 0.1048
75100 0.136
75200 -0.0044
75300 0.082
75400 0.1444
75500 0.1404
75600 0.06
75700 0.1344
75800 -0.1428
75900 0.1676
76000 0.0112
76100 0.102
76200 0.064
76300 0.0164
76400 -0.0064
76500 0.1064
76600 0.2084
76700 0.1928
76800 0.0364
76900 -0.0232
77000 0.0088
77100 -0.0424
77200 0.0628
77300 0.1304
77400 -0.0528
77500 0.0096
77600 0.1544
77700 0.122
77800 -0.0344
77900 0.0612
78000 0.0892
78100 0.0776
78200 -0.0048
78300 0.0744
78400 0.098
78500 0.0976
78600 -0.0964
78700 0.106
78800 0.0388
78900 -0.0772
79000 0.1852
79100 0.0532
79200 -0.0024
79300 0.0152
79400 0.1764
79500 0.1548
79600 0.098
79700 0.0604
79800 0.1252
79900 -0.0136
80000 0.1272
80100 -0.0244
80200 -0.0344
80300 -0.01
80400 0.1012
80500 -0.0016
80600 0.0084
80700 0.0868
80800 -0.0008
80900 0.1568
81000 -0.0124
81100 0.002
81200 -0.0128
81300 -0.0772
81400 0.1204
81500 0.0072
81600 0.0312
81700 0.0816
81800 0.1116
81900 0.0024
82000 0.0148
82100 0.122
82200 0.0368
82300 -0.0844
82400 0.0184
82500 0.1692
82600 -0.0172
82700 0.0672
82800 0.0368
82900 0.0836
83000 0.0128
83100 0.09
83200 0.0912
83300 -0.0416
83400 -0.0324
83500 -0.0208
83600 -0.0288
83700 0.0024
83800 0.2068
83900 0.0484
84000 0.1524
84100 -0.016
84200 -0.1332
84300 0.0276
84400 0.0536
84500 0.2112
84600 -0.03
84700 -0.0064
84800 0.0524
84900 0.084
85000 -0.1044
85100 0.04
85200 -0.074
85300 0.0868
85400 0.1444
85500 0.0792
85600 0.0452
85700 0.0352
85800 0.0392
85900 -0.0364
86000 0.0448
86100 -0.004
86200 0.1136
86300 0.018
86400 0.0772
86500 0.132
86600 0.14
86700 0.0636
86800 0.2384
86900 0.1296
87000 0.1676
87100 -0.0104
87200 0.0268
87300 0.1544
87400 0.01
87500 -0.04
87600 0.1832
87700 0.1028
87800 -0.0356
87900 0.0928
88000 0.0784
88100 0.0528
88200 0.2432
88300 0.0212
88400 -0.0156
88500 -0.0016
88600 0.0628
88700 0.0296
88800 0.0264
88900 -0.0172
89000 -0.052
89100 0.0572
89200 0.1832
89300 0.0468
89400 -0.0476
89500 0.1812
89600 0.018
89700 0.1252
89800 -0.0136
89900 0.0116
90000 0.1632
90100 0.0064
90200 0.0792
90300 0.0036
90400 -0.008
90500 0.1928
90600 0.21
90700 0.0388
90800 -0.004
90900 -0.0604
91000 -0.0152
91100 0.1304
91200 0.0656
91300 0.0224
91400 0.006
91500 0.0036
91600 0.0768
91700 -0.0852
91800 0.0732
91900 0.116
92000 -0.02
92100 0.0756
92200 0.0996
92300 -0.074
92400 0.2048
92500 0.046
92600 0.2768
92700 0.016
92800 0.098
92900 0.1512
93000 0.0304
93100 0.1664
93200 0.19
93300 0.1284
93400 -0.0132
93500 0.0004
93600 0.134
93700 0.1244
93800 0.0488
93900 -0.016
94000 0.0756
94100 0.154
94200 0.0728
94300 0.0968
94400 -0.0644
94500 0.112
94600 0.19
94700 0.0608
94800 0.1536
94900 0.1604
95000 0.1884
95100 0.1556
95200 0.1188
95300 0.0884
95400 0.2192
95500 0.1468
95600 0.116
95700 0.0208
95800 -0.0364
95900 0.1036
96000 0.1032
96100 0.05
96200 -0.0176
96300 -0.0204
96400 -0.036
96500 0.146
96600 0.0912
96700 0.062
96800 0.2328
96900 0.1512
97000 0.176
97100 0.198
97200 0.1284
97300 0.0244
97400 -0.0356
97500 0.0996
97600 0.1544
97700 0.0324
97800 0.068
97900 0.0044
98000 0.13
98100 0.1316
98200 0.1892
98300 0.0076
98400 0.1132
98500 -0.0432
98600 -0.0044
98700 0.0632
98800 0.0472
98900 0.0744
99000 0.16
99100 0.046
99200 -0.036
99300 0.0484
99400 0.0736
99500 0.1464
99600 -0.2176
99700 0.0916
99800 0.1456
99900 -0.0068
100000 0.0744
