6.958
6.56918
6.2917
6.01839
5.76254
5.50766
5.30157
5.09319
4.86833
4.67725
4.48483
4.27992
4.06058
3.87946
3.7119
3.60573
3.51278
3.41829
3.31577
3.22137
3.14075
3.07088
2.99891
2.9053
2.81835
2.75188
2.68679
2.62435
2.57891
2.52764
2.48826
2.43309
2.37504
2.30235
2.22526
2.16556
2.11048
2.0916
2.07012
2.04206
2.00841
1.98152
1.96677
1.94278
1.91686
1.88631
1.85751
1.81404
1.77211
1.75357
1.73668
1.71805
1.70896
1.69753
1.67808
1.65376
1.62969
1.59734
1.57148
1.55348
1.53224
1.51619
1.5088
1.50488
1.49683
1.48605
1.47415
1.45693
1.44195
1.42828
1.40889
1.38924
1.36532
1.345
1.32571
1.31189
1.29846
1.28228
1.26072
1.23827
1.20419
1.15198
1.10558
1.08353
1.07448
1.06156
1.04963
1.0406
1.03832
1.0369
1.03359
1.02824
1.0196
1.01155
1.00534
0.996477
0.982167
0.967675
0.959534
0.957187
0.955837
0.95364
0.94864
0.939736
0.930592
0.928819
0.92676
0.924221
0.918836
0.911705
0.902646
0.892487
0.881565
0.873258
0.860784
0.8443
0.840786
0.839064
0.835899
0.831361
0.826811
0.821216
0.817666
0.815207
0.815207
0.815207
0.815207
0.815207
0.815207
0.815207
0.815207
0.815207
0.815207
0.815207
0.815207
0.815207
0.815207
0.815103
0.815103
0.815103
0.815103
0.815103
0.815103
0.815093
0.815093
0.815082
0.815072
0.814958
0.814937
0.814701
0.814373
0.813706
0.812177
0.810146
0.809889
0.809869
0.809779
0.809709
0.809387
0.808732
0.807811
0.806272
0.804743
0.804726
0.804726
0.804726
0.804726
0.804693
0.804693
0.804693
0.804693
0.804693
0.804592
0.804575
0.804575
0.804575
0.804575
0.804575
0.804575
0.804575
0.804575
0.804575
0.804575
0.804575
0.804575
0.804575
0.804575
0.804575
0.804575
0.804575
0.804575
0.804575
0.804575
0.804575
0.804575
0.804575
0.804575
0.804575
0.804559
0.804559
0.804559
0.804559
0.804559
0.804559
0.804559
0.804559
0.804559
0.804559
0.804559
0.804559
0.804559
0.804559
0.804559
0.804559
0.804458
0.804458
0.804458
0.804458
0.804458
0.804441
0.80434
0.80434
0.80434
0.80434
0.804307
0.80429
0.804223
0.804223
0.804223
0.804223
0.804223
0.804122
0.80397
0.80397
0.80397
0.80397
0.80397
0.80397
0.80397
0.803869
0.803869
0.803684
0.803684
0.803583
0.803583
0.803583
0.803583
0.803583
0.803583
0.803583
0.803583
0.803583
0.803583
0.803583
0.803583
0.803583
0.803482
0.803482
0.803482
0.803482
0.803482
0.803482
0.803482
0.803482
0.803465
0.803364
0.803263
0.803263
0.803263
0.803178
0.803127
0.803127
0.803127
0.803042
0.803042
0.803042
0.803042
0.803025
0.803025
0.802924
0.802924
0.802823
0.802823
0.802823
0.802823
0.802823
0.802823
0.802823
0.802722
0.802689
0.802586
0.802586
0.802586
0.802586
0.802502
0.802502
0.802502
0.802502
0.802502
0.802585
0.802585
0.802299
0.802299
0.802299
0.802383
0.802383
0.802383
0.802383
0.802383
0.802383
0.802383
0.802383
0.80235
0.802164
0.802164
0.802164
0.802164
0.802164
0.802164
0.802063
0.802063
0.801978
0.801978
0.801978
0.801978
0.801978
0.801978
0.801978
0.801978
0.801978
0.801877
0.801877
0.801877
0.801877
0.801877
0.801877
0.801792
0.801792
0.801792
0.801792
0.801792
0.801691
0.801691
0.801775
0.80169
0.80169
0.801707
0.801707
0.801521
0.801521
0.801504
0.801521
0.801521
0.801521
0.801521
0.80142
0.801318
0.801324
0.801324
0.801239
0.801239
0.801239
0.801239
0.801239
0.801239
0.801154
0.801154
0.801154
0.801154
0.801154
0.801154
0.801154
0.801149
0.801131
0.801098
0.801098
0.801015
0.801015
0.800998
0.800998
0.800998
0.800982
0.800982
0.800982
0.800982
0.800965
0.800965
0.800965
0.800965
0.800965
0.800965
0.800965
0.800965
0.800965
0.800965
0.800965
0.800779
0.800695
0.800695
0.800593
0.800593
0.800408
0.800408
0.800408
0.800306
0.800205
0.800205
0.800205
0.800205
0.800205
0.800205
0.800003
0.800003
0.800003
0.800003
0.799817
0.799817
0.799817
0.799817
0.7998
0.7998
0.7998
0.799582
0.799396
0.799396
0.799396
0.799396
0.799294
0.799294
0.799193
0.799109
0.799109
0.799109
0.799192
0.799176
0.799176
0.799176
0.799074
0.798973
0.798973
0.798957
0.798856
0.798823
0.798823
0.798638
0.798638
0.798638
0.798638
0.798638
0.798638
0.798623
0.798623
0.79842
0.798202
0.797945
0.797742
0.797742
0.797742
0.797742
0.797658
0.797658
0.797759
0.797557
0.797472
0.797472
0.797472
0.797472
0.797455
0.797455
0.797455
0.797455
0.797455
0.797439
0.797338
0.797338
0.797338
0.797152
0.797135
0.797135
0.797135
0.797119
0.797034
0.797135
0.797051
0.797051
0.797051
0.796949
0.796832
0.796832
0.796832
0.796846
0.796846
0.796846
0.796846
0.796747
0.796747
0.79646
0.796359
0.796375
0.796375
0.796274
0.796291
0.796291
0.796189
0.796105
0.796105
0.796105
0.796105
0.796088
0.796088
0.796088
0.795987
0.796004
0.796004
0.795903
0.795903
0.795903
0.795903
0.795802
0.795802
0.795903
0.795785
0.795785
0.795583
0.795583
0.795583
0.795363
0.795363
0.795346
0.795447
0.795447
0.795447
0.795447
0.795346
0.795346
0.795245
0.795245
0.795143
0.795143
0.795245
0.795143
0.795042
0.795042
0.795042
0.794941
0.794941
0.794941
0.79484
0.79484
0.79484
0.79484
0.79484
0.794739
0.794637
0.794621
0.79452
0.79452
0.794418
0.794418
0.794317
0.794301
0.7942
0.794098
0.794182
0.794081
0.794081
0.793818
0.793717
0.793531
0.793531
0.79343
0.793454
0.793251
0.793227
0.793203
0.793203
0.793102
0.792899
0.792798
0.792697
0.792697
0.792697
0.792798
0.792798
0.792798
0.792697
0.792697
0.792697
0.792394
0.792276
0.792276
0.792073
0.792073
0.792073
0.79177
0.791737
0.791431
0.791346
0.791346
0.791346
0.791346
0.791245
0.791144
0.791043
0.790739
0.790739
0.790739
0.790739
0.790638
0.790537
0.790252
0.790049
0.789948
0.789847
0.789847
0.789847
0.789847
0.789746
0.789645
0.789655
0.789553
0.789553
0.789607
0.789421
0.789117
0.789016
0.789016
0.788915
0.788814
0.78851
0.788611
0.788351
0.788149
0.788149
0.788095
0.788095
0.787941
0.78784
0.787739
0.787739
0.787435
0.787435
0.787334
0.787233
0.787131
0.78703
0.78661
0.786407
0.786205
0.786104
0.786003
0.786003
0.785497
0.784991
0.784788
0.784485
0.784181
0.783761
0.783558
0.783255
0.783082
0.782864
0.782763
0.782257
0.782257
0.78165
0.781347
0.781433
0.781534
0.78113
0.780927
0.780725
0.780624
0.780624
0.780624
0.779785
0.780044
0.779957
0.780239
0.780652
0.780593
0.780217
0.780351
0.780793
0.780903
0.781488
0.781367
0.780627
0.78123
0.780314
0.780624
0.780183
0.779974
0.779508
0.779943
0.780139
0.779284
0.77818
0.777134
0.776013
0.776011
0.775449
0.774992
0.773201
0.772098
0.769971
0.765443
0.761869
0.753309
0.747226
0.74661
0.74661
0.74661
0.74661
0.74661
0.74661
0.74661
0.74661
0.74661
0.74661
0.74661
0.74661
0.74661
0.74661
0.74661
0.74661
0.74661
0.74661
0.74661
0.74661
0.74661
0.74661
0.74661
0.74661
0.74661
0.74661
0.74661
0.74661
0.74661
0.74661
0.74661
0.74661
0.74661
0.74661
0.74661
0.74661
0.74661
0.74661
0.74661
0.74661
0.74661
0.74661
0.74661
0.74661
0.74661
0.74661
0.74661
0.74661
0.74661
0.74661
0.74661
0.74661
0.74661
0.74661
0.74661
0.74661
0.74661
0.74661
0.74661
0.74661
0.74661
0.74661
0.74661
0.74661
0.74661
0.74661
0.74661
0.74661
0.74661
0.74661
0.74661
0.74661
0.74661
0.74661
0.74661
0.74661
0.74661
0.74661
0.74661
0.74661
0.74661
0.74661
0.74661
0.74661
0.74661
0.74661
0.74661
0.74661
0.74661
0.74661
0.74661
0.74661
0.74661
0.74661
0.74661
0.74661
0.74661
0.74661
0.74661
0.74661
0.74661
0.74661
0.74661
0.74661
0.74661
0.74661
0.74661
0.74661
0.74661
0.74661
0.74661
0.74661
0.74661
0.74661
0.74661
0.74661
0.74661
0.74661
0.74661
0.74661
0.74661
0.74661
0.74661
0.74661
0.74661
0.74661
0.74661
0.74661
0.74661
0.74661
0.74661
0.74661
0.74661
0.74661
0.74661
0.74661
0.74661
0.74661
0.74661
0.74661
0.74661
0.74661
0.74661
0.74661
0.74661
0.74661
0.74661
0.74661
0.74661
0.74661
0.74661
0.74661
0.74661
0.74661
0.74661
0.74661
0.74661
0.74661
0.74661
0.74661
0.74661
0.74661
0.74661
0.74661
0.74661
0.74661
0.74661
0.74661
0.74661
0.74661
0.74661
0.74661
0.74661
0.74661
0.74661
0.74661
0.74661
0.74661
0.74661
0.74661
0.74661
0.74661
0.74661
0.74661
0.74661
0.74661
0.74661
0.74661
0.74661
0.74661
0.74661
0.74661
0.74661
0.74661
0.74661
0.74661
0.74661
0.74661
0.74661
0.74661
0.74661
0.74661
0.74661
0.74661
0.74661
0.74661
0.74661
0.74661
0.74661
0.74661
0.74661
0.74661
0.74661
0.74661
0.74661
0.74661
0.74661
0.74661
0.74661
0.74661
0.74661
0.74661
0.74661
0.74661
0.74661
0.74661
0.74661
0.74661
0.74661
0.74661
0.74661
0.74661
0.74661
0.74661
0.74661
0.74661
0.74661
0.74661
0.74661
0.74661
0.74661
0.74661
0.74661
0.74661
0.74661
0.74661
0.74661
0.74661
0.74661
0.74661
0.74661
0.74661
0.74661
0.74661
0.74661
0.74661
0.74661
0.74661
0.74661
0.74661
0.74661
0.74661
0.74661
0.74661
0.74661
0.74661
0.74661
0.74661
0.74661
0.74661
0.74661
0.74661
0.74661
0.74661
0.74661
0.74661
0.74661
0.74661
0.74661
0.74661
0.74661
0.74661
0.74661
0.74661
0.74661
0.74661
0.74661
0.74661
0.74661
0.74661
