55.9918
53.0155
50.033
47.8099
45.4282
43.3949
41.8091
40.0897
38.4736
36.9046
35.4563
34.1271
32.5724
31.1754
29.7208
28.7548
27.8119
26.9507
26.1277
25.3357
24.3931
23.6611
22.6728
21.8654
21.0001
20.2788
19.8017
19.3072
18.7587
18.1935
17.2543
16.5395
16.0977
15.5733
14.893
14.4266
14.352
14.1935
13.9394
13.5521
13.3061
13.1964
13.1374
13.0457
12.879
12.7199
12.4745
12.1248
11.9169
11.8709
11.8033
11.7662
11.6975
11.5851
11.4184
11.2717
11.2429
11.2148
11.1827
11.1603
11.1372
11.087
11.0255
10.9744
10.9195
10.8703
10.7489
10.5467
10.2197
9.71639
9.24316
8.6962
8.25099
7.94881
7.67597
7.48457
7.27436
7.08715
6.89481
6.7015
6.46318
6.18293
5.82469
5.45753
5.24854
5.12181
5.04327
4.93741
4.85531
4.81189
4.72711
4.61219
4.56103
4.52149
4.45032
4.33418
4.27312
4.24837
4.19488
4.0943
3.99563
3.99061
3.98476
3.96857
3.9494
3.89728
3.80835
3.69584
3.662
3.62687
3.55636
3.49885
3.44253
3.40114
3.33663
3.26217
3.20696
3.17248
3.1134
3.0562
3.00782
2.94396
2.94055
2.93893
2.93374
2.919
2.90413
2.87038
2.82364
2.79223
2.77798
2.75199
2.71548
2.69201
2.66959
2.62915
2.57789
2.55667
2.53815
2.50036
2.43728
2.35774
2.34882
2.34882
2.34882
2.34808
2.34808
2.34689
2.34689
2.34689
2.34689
2.34689
2.34689
2.34587
2.34587
2.34587
2.34334
2.34186
2.34038
2.33816
2.33591
2.33176
2.33028
2.32585
2.32437
2.3153
2.30699
2.30045
2.29127
2.27301
2.2524
2.22919
2.1852
2.12343
2.02691
1.87284
1.74988
1.64906
1.54428
1.38817
1.31396
1.22974
1.22974
1.22974
1.22974
1.22974
1.22974
1.22974
1.22974
1.22974
1.22974
1.22974
1.22974
1.22974
1.22974
1.22974
1.22974
1.22974
1.22974
1.22974
1.22974
1.22974
1.22974
1.22974
1.22974
1.22974
1.22974
1.22974
1.22974
1.22974
1.22974
1.22974
1.22974
1.22974
1.22974
1.22974
1.22974
1.22974
1.22974
1.22974
1.22974
1.22974
1.22974
1.22974
1.22974
1.22974
1.22974
1.22974
1.22974
1.22974
1.22974
1.22974
1.22974
1.22974
1.22974
1.22974
1.22974
1.22974
1.22974
1.22974
1.22974
1.22974
1.22974
1.22974
1.22974
1.22974
1.22974
1.22974
1.22974
1.22974
1.22974
1.22974
1.22974
1.22974
1.22974
1.22974
1.22974
1.22974
1.22974
1.22974
1.22974
1.22974
1.22974
1.22974
1.22974
1.22974
1.22974
1.22974
1.22974
1.22974
1.22974
1.22974
1.22974
1.22974
1.22974
1.22974
1.22974
1.22974
1.22974
1.22974
1.22974
1.22974
1.22974
1.22974
1.22974
1.22974
1.22974
1.22974
1.22974
1.22974
1.22974
1.22974
1.22974
1.22974
1.22974
1.22974
1.22974
1.22974
1.22974
1.22974
1.22974
1.22974
1.22974
1.22974
1.22974
1.22974
1.22974
1.22974
1.22974
1.22974
1.22974
1.22974
1.22974
1.22974
1.22974
1.22974
1.22974
1.22974
1.22974
1.22974
1.22974
1.22974
1.22974
1.22974
1.22974
1.22974
1.22974
1.22974
1.22974
1.22974
1.22974
1.22974
1.22974
1.22974
1.22974
1.22974
1.22974
1.22974
1.22974
1.22974
1.22974
1.22974
1.22974
1.22974
1.22974
1.22974
1.22974
1.22974
1.22974
1.22974
1.22974
1.22974
1.22974
1.22974
1.22974
1.22974
1.22974
1.22974
1.22974
1.22974
1.22974
1.22974
1.22974
1.22974
1.22974
1.22974
1.22974
1.22974
1.22974
1.22974
1.22974
1.22974
1.22974
1.22974
1.22974
1.22974
1.22974
1.22974
1.22974
1.22974
1.22974
1.22974
1.22974
1.22974
1.22974
1.22974
1.22974
1.22974
1.22974
1.22974
1.22974
1.22974
1.22974
1.22974
1.22974
1.22974
1.22974
1.22974
1.22974
1.22974
1.22974
1.22974
1.22974
1.22974
1.22974
1.22974
1.22974
1.22974
1.22974
1.22974
1.22974
1.22974
1.22974
1.22974
1.22974
1.22974
1.22974
1.22974
1.22974
1.22974
1.22974
1.22974
1.22974
1.22974
1.22974
1.22974
1.22974
1.22974
1.22974
1.22974
1.22974
1.22974
1.22974
1.22974
1.22974
1.22974
1.22974
1.22974
1.22974
1.22974
1.22974
1.22974
1.22974
1.22974
1.22974
1.22974
1.22974
1.22974
1.22974
1.22974
1.22974
1.22974
1.22974
1.22974
1.22974
1.22974
1.22974
1.22974
1.22974
1.22974
1.22974
1.22974
1.22974
1.22974
1.22974
1.22974
1.22974
1.22974
1.22974
1.22974
1.22974
1.22974
1.22974
1.22974
1.22974
1.22974
1.22974
1.22974
1.22974
1.22974
1.22974
1.22974
1.22974
1.22974
1.22974
1.22974
1.22974
1.22974
1.22974
1.22974
1.22974
1.22974
1.22974
1.22974
1.22974
1.22974
1.22974
1.22974
1.22974
1.22974
1.22974
1.22974
1.22974
1.22974
1.22974
1.22974
1.22974
1.22974
1.22974
1.22974
1.22974
1.22974
1.22974
1.22974
1.22974
1.22974
1.22974
1.22974
1.22974
1.22974
1.22974
1.22974
1.22974
1.22974
1.22974
1.22974
1.22974
1.22974
1.22974
1.22974
1.22974
1.22974
1.22974
1.22974
1.22974
1.22974
1.22974
1.22974
1.22974
1.22974
1.22974
1.22974
1.22974
1.22974
1.22974
1.22974
1.22974
1.22974
1.22974
1.22974
1.22974
1.22974
1.22974
1.22974
1.22974
1.22974
1.22974
1.22974
1.22974
1.22974
1.22974
1.22974
1.22974
1.22974
1.22974
1.22974
1.22974
1.22974
1.22974
1.22974
1.22974
1.22974
1.22974
1.22974
1.22974
1.22974
1.22974
1.22974
1.22974
1.22974
1.22974
1.22974
1.22974
1.22974
1.22974
1.22974
1.22974
1.22974
1.22974
1.22974
1.22974
1.22974
1.22974
1.22974
1.22974
1.22974
1.22974
1.22974
1.22974
1.22974
1.22974
1.22974
1.22974
1.22974
1.22974
1.22974
1.22974
1.22974
1.22974
1.22974
1.22974
1.22974
1.22974
1.22974
1.22974
1.22974
1.22974
1.22974
1.22974
1.22974
1.22974
1.22974
1.22974
1.22974
1.22974
1.22974
1.22974
1.22974
1.22974
1.22974
1.22974
1.22974
1.22974
1.22974
1.22974
1.22974
1.22974
1.22974
1.22974
1.22974
1.22974
1.22974
1.22974
1.22974
1.22974
1.22974
1.22974
1.22974
1.22974
1.22974
1.22974
1.22974
1.22974
1.22974
1.22974
1.22974
1.22974
1.22974
1.22974
1.22974
1.22974
1.22974
1.22974
1.22974
1.22974
1.22974
1.22974
1.22974
1.22974
1.22974
1.22974
1.22974
1.22974
1.22974
1.22974
1.22974
1.22974
1.22974
1.22974
1.22974
1.22974
1.22974
1.22974
1.22974
1.22974
1.22974
1.22974
1.22974
1.22974
1.22974
1.22974
1.22974
1.22974
1.22974
1.22974
1.22974
1.22974
1.22974
1.22974
1.22974
1.22974
1.22974
1.22974
1.22974
1.22974
1.22974
1.22974
1.22974
1.22974
1.22974
1.22974
1.22974
1.22974
1.22974
1.22974
1.22974
1.22974
1.22974
1.22974
1.22974
1.22974
1.22974
1.22974
1.22974
1.22974
1.22974
1.22974
1.22974
1.22974
1.22974
1.22974
1.22974
1.22974
1.22974
1.22974
1.22974
1.22974
1.22974
1.22974
1.22974
1.22974
1.22974
1.22974
1.22974
1.22974
1.22974
1.22974
1.22974
1.22974
1.22974
1.22974
1.22974
1.22974
1.22974
1.22974
1.22974
1.22974
1.22974
1.22974
1.22974
1.22974
1.22974
1.22974
1.22974
1.22974
1.22974
1.22974
1.22974
1.22974
1.22974
1.22974
1.22974
1.22974
1.22974
1.22974
1.22974
1.22974
1.22974
1.22974
1.22974
1.22974
1.22974
1.22974
1.22974
1.22974
1.22974
1.22974
1.22974
1.22974
1.22974
1.22974
1.22974
1.22974
1.22974
1.22974
1.22974
1.22974
1.22974
1.22974
1.22974
1.22974
1.22974
1.22974
1.22974
1.22974
1.22974
1.22974
1.22974
1.22974
1.22974
1.22974
1.22974
1.22974
1.22974
1.22974
1.22974
1.22974
1.22974
1.22974
1.22974
1.22974
1.22974
1.22974
1.22974
1.22974
1.22974
1.22974
1.22974
1.22974
1.22974
1.22974
1.22974
1.22974
1.22974
1.22974
1.22974
1.22974
1.22974
1.22974
1.22974
1.22974
1.22974
1.22974
1.22974
1.22974
1.22974
1.22974
1.22974
1.22974
1.22974
1.22974
1.22974
1.22974
1.22974
1.22974
1.22974
1.22974
1.22974
1.22974
1.22974
1.22974
1.22974
1.22974
1.22974
1.22974
1.22974
1.22974
1.22974
1.22974
1.22974
1.22974
1.22974
1.22974
1.22974
1.22974
1.22974
1.22974
1.22974
1.22974
1.22974
1.22974
1.22974
1.22974
1.22974
1.22974
1.22974
1.22974
1.22974
1.22974
1.22974
1.22974
1.22974
1.22974
1.22974
1.22974
1.22974
1.22974
1.22974
1.22974
1.22974
1.22974
1.22974
1.22974
1.22974
1.22974
1.22974
1.22974
1.22974
1.22974
1.22974
1.22974
1.22974
1.22974
1.22974
1.22974
1.22974
1.22974
1.22974
1.22974
1.22974
1.22974
1.22974
1.22974
1.22974
1.22974
1.22974
1.22974
1.22974
1.22974
1.22974
1.22974
1.22974
1.22974
1.22974
1.22974
1.22974
1.22974
1.22974
1.22974
1.22974
1.22974
1.22974
1.22974
1.22974
1.22974
1.22974
1.22974
1.22974
1.22974
1.22974
1.22974
1.22974
1.22974
1.22974
1.22974
1.22974
1.22974
1.22974
1.22974
1.22974
1.22974
1.22974
1.22974
1.22974
1.22974
1.22974
1.22974
1.22974
1.22974
1.22974
1.22974
1.22974
1.22974
1.22974
1.22974
1.22974
1.22974
1.22974
1.22974
1.22974
1.22974
1.22974
1.22974
1.22974
1.22974
1.22974
1.22974
1.22974
1.22974
1.22974
1.22974
1.22974
1.22974
1.22974
1.22974
1.22974
1.22974
1.22974
1.22974
1.22974
