5.07129
4.75426
4.35099
3.6649
3.6649
3.6649
3.17731
3.17731
3.17731
3.17731
3.17731
3.17731
3.17731
2.94265
2.94265
2.94265
2.94265
2.94265
2.81838
2.81802
2.66548
2.66548
2.55387
2.55387
2.4954
2.4954
2.41752
2.29267
2.24975
2.12701
2.12701
2.09498
2.09498
2.02915
1.96732
1.96732
1.96732
1.96732
1.92241
1.90301
1.83228
1.83228
1.83228
1.72038
1.72038
1.72038
1.72038
1.72038
1.66521
1.66521
1.66521
1.48816
1.45552
1.45552
1.45552
1.45552
1.45552
1.4455
1.4455
1.4455
1.4455
1.4455
1.4455
1.4455
1.36822
1.36822
1.34807
1.32643
1.32643
1.32643
1.30331
1.30331
1.29615
1.26524
1.24875
1.22896
1.199
1.09412
1.06921
1.03925
1.03925
1.03925
1.03925
1.03925
1.03925
1.03925
1.01501
1.01501
1.01501
0.958093
0.958093
0.958093
0.957846
0.957846
0.956955
0.956955
0.956955
0.956955
0.893095
0.893095
0.893095
0.893095
0.884677
0.884677
0.884677
0.884677
0.884677
0.884677
0.884677
0.850926
0.842508
0.835227
0.835227
0.835227
0.822488
0.822488
0.815207
0.815207
0.815207
0.815207
0.815207
0.815207
0.815207
0.815207
0.815207
0.815207
0.815207
0.815207
0.815207
0.815207
0.815207
0.815207
0.815207
0.815207
0.815207
0.815207
0.815207
0.763249
0.763249
0.763249
0.763249
0.763249
0.763249
0.763249
0.763249
0.763249
0.763249
0.763249
0.763249
0.763249
0.763249
0.763249
0.763249
0.763249
0.763249
0.763249
0.763249
0.763249
0.763249
0.763249
0.763249
0.763249
0.763249
0.763249
0.763249
0.763249
0.763249
0.763249
0.763249
0.763249
0.763249
0.763249
0.754445
0.754445
0.754445
0.754445
0.754445
0.754445
0.754445
0.754445
0.754445
0.754445
0.754445
0.754445
0.754445
0.754445
0.754445
0.754445
0.754445
0.754445
0.754445
0.754445
0.754445
0.754445
0.754445
0.754445
0.754445
0.754445
0.754445
0.754445
0.754445
0.754445
0.754445
0.754445
0.754445
0.754445
0.754445
0.754445
0.754445
0.754445
0.754445
0.754445
0.754445
0.754445
0.754445
0.754445
0.754445
0.754445
0.754445
0.754445
0.754445
0.754445
0.754445
0.754445
0.754445
0.754445
0.754445
0.754445
0.754445
0.754445
0.754445
0.754445
0.754445
0.754445
0.754445
0.754445
0.754445
0.754445
0.754445
0.754445
0.754445
0.754445
0.754445
0.754445
0.754445
0.754445
0.754445
0.754445
0.754445
0.754445
0.754445
0.754445
0.754445
0.754445
0.754445
0.754445
0.754445
0.754445
0.754445
0.754445
0.754445
0.754445
0.754445
0.754445
0.754445
0.754445
0.754445
0.754445
0.754445
0.754445
0.754445
0.754445
0.754445
0.754445
0.754445
0.754445
0.754445
0.754445
0.754445
0.754445
0.754445
0.754445
0.754445
0.754445
0.754445
0.754445
0.754445
0.754445
0.754445
0.754445
0.754445
0.754445
0.754445
0.754445
0.754445
0.754445
0.754445
0.754445
0.754445
0.754445
0.754445
0.754445
0.754445
0.754445
0.754445
0.754445
0.754445
0.754445
0.754445
0.754445
0.754445
0.754445
0.754445
0.754445
0.754445
0.754445
0.754445
0.754445
0.754445
0.754445
0.754445
0.754445
0.754445
0.754445
0.754445
0.754445
0.754445
0.754445
0.754445
0.754445
0.754445
0.754445
0.754445
0.754445
0.754445
0.754445
0.754445
0.754445
0.754445
0.754445
0.754445
0.754445
0.754445
0.754445
0.754445
0.754445
0.754445
0.754445
0.754445
0.754445
0.754445
0.754445
0.754445
0.754445
0.754445
0.754445
0.754445
0.754445
0.754445
0.754445
0.754445
0.754445
0.754445
0.754445
0.754445
0.754445
0.754445
0.754445
0.754445
0.754445
0.754445
0.754445
0.754445
0.754445
0.754445
0.754445
0.754445
0.754445
0.754445
0.754445
0.754445
0.754445
0.754445
0.754445
0.754445
0.754445
0.754445
0.754445
0.754445
0.754445
0.754445
0.754445
0.754445
0.754445
0.754445
0.754445
0.754445
0.754445
0.754445
0.754445
0.754445
0.754445
0.754445
0.754445
0.754445
0.754445
0.754445
0.754445
0.754445
0.754445
0.754445
0.754445
0.754445
0.754445
0.754445
0.754445
0.754445
0.754445
0.754445
0.754445
0.754445
0.754445
0.754445
0.754445
0.754445
0.754445
0.754445
0.754445
0.754445
0.754445
0.754445
0.754445
0.754445
0.754445
0.754445
0.754445
0.754445
0.754445
0.754445
0.754445
0.754445
0.754445
0.754445
0.754445
0.754445
0.754445
0.754445
0.754445
0.754445
0.754445
0.754445
0.754445
0.754445
0.754445
0.754445
0.754445
0.754445
0.754445
0.754445
0.754445
0.754445
0.754445
0.754445
0.754445
0.754445
0.754445
0.754445
0.754445
0.754445
0.754445
0.754445
0.754445
0.754445
0.754445
0.754445
0.754445
0.754445
0.754445
0.754445
0.754445
0.754445
0.754445
0.754445
0.754445
0.754445
0.754445
0.754445
0.754445
0.754445
0.754445
0.754445
0.754445
0.754445
0.754445
0.754445
0.754445
0.754445
0.754445
0.754445
0.754445
0.754445
0.754445
0.754445
0.754445
0.754445
0.754445
0.754445
0.754445
0.754445
0.754445
0.754445
0.754445
0.754445
0.754445
0.754445
0.754445
0.754445
0.754445
0.754445
0.754445
0.754445
0.754445
0.754445
0.754445
0.754445
0.754445
0.754445
0.754445
0.754445
0.754445
0.754445
0.754445
0.754445
0.754445
0.754445
0.754445
0.754445
0.754445
0.754445
0.754445
0.754445
0.754445
0.754445
0.754445
0.754445
0.754445
0.754445
0.754445
0.754445
0.754445
0.754445
0.754445
0.754445
0.754445
0.754445
0.754445
0.754445
0.754445
0.754445
0.754445
0.754445
0.754445
0.754445
0.754445
0.754445
0.754445
0.754445
0.754445
0.754445
0.754445
0.754445
0.754445
0.754445
0.754445
0.754445
0.754445
0.754445
0.754445
0.754445
0.754445
0.754445
0.754445
0.754445
0.754445
0.754445
0.754445
0.754445
0.754445
0.754445
0.754445
0.754445
0.754445
0.754445
0.754445
0.754445
0.754445
0.754445
0.754445
0.754445
0.754445
0.754445
0.754445
0.754445
0.754445
0.754445
0.754445
0.754445
0.754445
0.754445
0.754445
0.754445
0.754445
0.754445
0.754445
0.754445
0.754445
0.754445
0.754445
0.754445
0.754445
0.754445
0.754445
0.754445
0.754445
0.754445
0.754445
0.754445
0.754445
0.754445
0.754445
0.754445
0.754445
0.754445
0.754445
0.754445
0.754445
0.754445
0.754445
0.754445
0.754445
0.754445
0.754445
0.754445
0.754445
0.754445
0.754445
0.74661
0.74661
0.74661
0.74661
0.74661
0.74661
0.74661
0.74661
0.74661
0.74661
0.74661
0.74661
0.74661
0.74661
0.74661
0.74661
0.74661
0.74661
0.74661
0.74661
0.74661
0.74661
0.74661
0.74661
0.74661
0.74661
0.74661
0.74661
0.74661
0.74661
0.74661
0.74661
0.74661
0.74661
0.74661
0.74661
0.74661
0.74661
0.74661
0.74661
0.74661
0.74661
0.74661
0.74661
0.74661
0.74661
0.74661
0.74661
0.74661
0.74661
0.74661
0.74661
0.74661
0.74661
0.74661
0.74661
0.74661
0.74661
0.74661
0.74661
0.74661
0.74661
0.74661
0.74661
0.74661
0.74661
0.74661
0.74661
0.74661
0.74661
0.74661
0.74661
0.74661
0.74661
0.74661
0.74661
0.74661
0.74661
0.74661
0.74661
0.74661
0.74661
0.74661
0.74661
0.74661
0.74661
0.74661
0.74661
0.74661
0.74661
0.74661
0.74661
0.74661
0.74661
0.74661
0.74661
0.74661
0.74661
0.74661
0.74661
0.74661
0.74661
0.74661
0.74661
0.74661
0.74661
0.74661
0.74661
0.74661
0.74661
0.74661
0.74661
0.74661
0.74661
0.74661
0.74661
0.74661
0.74661
0.74661
0.74661
0.74661
0.74661
0.74661
0.74661
0.74661
0.74661
0.74661
0.74661
0.74661
0.74661
0.74661
0.74661
0.74661
0.74661
0.74661
0.74661
0.74661
0.74661
0.74661
0.74661
0.74661
0.74661
0.74661
0.74661
0.74661
0.74661
0.74661
0.74661
0.74661
0.74661
0.74661
0.74661
0.74661
0.74661
0.74661
0.74661
0.74661
0.74661
0.74661
0.74661
0.74661
0.74661
0.74661
0.74661
0.74661
0.74661
0.74661
0.74661
0.74661
0.74661
0.74661
0.74661
0.74661
0.74661
0.74661
0.74661
0.74661
0.74661
0.74661
0.74661
0.74661
0.74661
0.74661
0.74661
0.74661
0.74661
0.74661
0.74661
0.74661
0.74661
0.74661
0.74661
0.74661
0.74661
0.74661
0.74661
0.74661
0.74661
0.74661
0.74661
0.74661
0.74661
0.74661
0.74661
0.74661
0.74661
0.74661
0.74661
0.74661
0.74661
0.74661
0.74661
0.74661
0.74661
0.74661
0.74661
0.74661
0.74661
0.74661
0.74661
0.74661
0.74661
0.74661
0.74661
0.74661
0.74661
0.74661
0.74661
0.74661
0.74661
0.74661
0.74661
0.74661
0.74661
0.74661
0.74661
0.74661
0.74661
0.74661
0.74661
0.74661
0.74661
0.74661
0.74661
0.74661
0.74661
0.74661
0.74661
0.74661
0.74661
0.74661
0.74661
0.74661
0.74661
0.74661
0.74661
0.74661
0.74661
0.74661
0.74661
0.74661
0.74661
0.74661
0.74661
0.74661
0.74661
0.74661
0.74661
0.74661
0.74661
0.74661
0.74661
0.74661
0.74661
0.74661
0.74661
0.74661
0.74661
0.74661
0.74661
0.74661
0.74661
0.74661
0.74661
0.74661
0.74661
0.74661
0.74661
0.74661
0.74661
0.74661
0.74661
0.74661
0.74661
0.74661
0.74661
0.74661
0.74661
0.74661
0.74661
0.74661
0.74661
0.74661
0.74661
0.74661
0.74661
0.74661
0.74661
0.74661
0.74661
0.74661
0.74661
0.74661
0.74661
0.74661
0.74661
0.74661
0.74661
0.74661
0.74661
0.74661
0.74661
0.74661
0.74661
0.74661
0.74661
0.74661
0.74661
0.74661
0.74661
0.74661
0.74661
0.74661
0.74661
0.74661
0.74661
0.74661
0.74661
0.74661
0.74661
0.74661
0.74661
0.74661
0.74661
0.74661
0.74661
0.74661
0.74661
0.74661
0.74661
0.74661
0.74661
0.74661
0.74661
