42.1522
38.2691
36.4359
33.7615
25.7214
25.7214
25.7214
25.7214
25.7214
24.1423
24.1423
24.1423
24.1423
24.1423
24.1423
22.9667
20.7281
20.6286
20.4718
20.3622
18.5929
18.5929
17.3024
16.6045
16.6045
14.855
14.855
14.855
14.4925
14.4925
14.4925
14.0812
13.2936
13.2936
13.252
13.2197
13.2197
11.5511
11.5511
11.5511
11.5511
11.5511
11.5511
11.236
11.236
11.236
11.236
11.236
10.5243
10.5243
10.5243
10.5243
10.5243
10.5243
10.5243
9.70355
9.70355
9.27
9.27
9.27
9.27
9.27
9.27
9.16547
9.16547
9.16547
8.65153
8.52894
7.98603
7.56914
7.43423
7.29931
7.1356
7.00068
6.56714
6.15025
6.15025
5.85162
5.71671
5.41808
5.19045
5.19045
4.89182
4.82081
4.82081
4.6642
4.59319
4.45828
3.86101
3.86101
3.86101
3.86101
3.86101
3.86101
3.86101
3.86101
3.86101
3.86101
3.86101
3.86101
3.6973
3.6973
3.6973
3.56238
3.56238
3.46967
3.46967
3.03613
3.03613
3.03613
3.03613
3.03613
3.03613
3.03613
2.94342
2.94342
2.94342
2.50987
2.50987
2.50987
2.50987
2.50987
2.50987
2.50987
2.50987
2.50987
2.50987
2.50987
1.98362
1.98362
1.98362
1.98362
1.98362
1.98362
1.98362
1.98362
1.98362
1.98362
1.98362
1.98362
1.98362
1.98362
1.98362
1.98362
1.98362
1.98362
1.98362
1.756
1.756
1.756
1.756
1.756
1.756
1.756
1.756
1.756
1.756
1.756
1.756
1.756
1.756
1.756
1.756
1.756
1.756
1.756
1.756
1.756
1.756
1.756
1.68499
1.22974
1.22974
1.22974
1.22974
1.22974
1.22974
1.22974
1.22974
1.22974
1.22974
1.22974
1.22974
1.22974
1.22974
1.22974
1.22974
1.22974
1.22974
1.22974
1.22974
1.22974
1.22974
1.22974
1.22974
1.22974
1.22974
1.22974
1.22974
1.22974
1.22974
1.22974
1.22974
1.22974
1.22974
1.22974
1.22974
1.22974
1.22974
1.22974
1.22974
1.22974
1.22974
1.22974
1.22974
1.22974
1.22974
1.22974
1.22974
1.22974
1.22974
1.22974
1.22974
1.22974
1.22974
1.22974
1.22974
1.22974
1.22974
1.22974
1.22974
1.22974
1.22974
1.22974
1.22974
1.22974
1.22974
1.22974
1.22974
1.22974
1.22974
1.22974
1.22974
1.22974
1.22974
1.22974
1.22974
1.22974
1.22974
1.22974
1.22974
1.22974
1.22974
1.22974
1.22974
1.22974
1.22974
1.22974
1.22974
1.22974
1.22974
1.22974
1.22974
1.22974
1.22974
1.22974
1.22974
1.22974
1.22974
1.22974
1.22974
1.22974
1.22974
1.22974
1.22974
1.22974
1.22974
1.22974
1.22974
1.22974
1.22974
1.22974
1.22974
1.22974
1.22974
1.22974
1.22974
1.22974
1.22974
1.22974
1.22974
1.22974
1.22974
1.22974
1.22974
1.22974
1.22974
1.22974
1.22974
1.22974
1.22974
1.22974
1.22974
1.22974
1.22974
1.22974
1.22974
1.22974
1.22974
1.22974
1.22974
1.22974
1.22974
1.22974
1.22974
1.22974
1.22974
1.22974
1.22974
1.22974
1.22974
1.22974
1.22974
1.22974
1.22974
1.22974
1.22974
1.22974
1.22974
1.22974
1.22974
1.22974
1.22974
1.22974
1.22974
1.22974
1.22974
1.22974
1.22974
1.22974
1.22974
1.22974
1.22974
1.22974
1.22974
1.22974
1.22974
1.22974
1.22974
1.22974
1.22974
1.22974
1.22974
1.22974
1.22974
1.22974
1.22974
1.22974
1.22974
1.22974
1.22974
1.22974
1.22974
1.22974
1.22974
1.22974
1.22974
1.22974
1.22974
1.22974
1.22974
1.22974
1.22974
1.22974
1.22974
1.22974
1.22974
1.22974
1.22974
1.22974
1.22974
1.22974
1.22974
1.22974
1.22974
1.22974
1.22974
1.22974
1.22974
1.22974
1.22974
1.22974
1.22974
1.22974
1.22974
1.22974
1.22974
1.22974
1.22974
1.22974
1.22974
1.22974
1.22974
1.22974
1.22974
1.22974
1.22974
1.22974
1.22974
1.22974
1.22974
1.22974
1.22974
1.22974
1.22974
1.22974
1.22974
1.22974
1.22974
1.22974
1.22974
1.22974
1.22974
1.22974
1.22974
1.22974
1.22974
1.22974
1.22974
1.22974
1.22974
1.22974
1.22974
1.22974
1.22974
1.22974
1.22974
1.22974
1.22974
1.22974
1.22974
1.22974
1.22974
1.22974
1.22974
1.22974
1.22974
1.22974
1.22974
1.22974
1.22974
1.22974
1.22974
1.22974
1.22974
1.22974
1.22974
1.22974
1.22974
1.22974
1.22974
1.22974
1.22974
1.22974
1.22974
1.22974
1.22974
1.22974
1.22974
1.22974
1.22974
1.22974
1.22974
1.22974
1.22974
1.22974
1.22974
1.22974
1.22974
1.22974
1.22974
1.22974
1.22974
1.22974
1.22974
1.22974
1.22974
1.22974
1.22974
1.22974
1.22974
1.22974
1.22974
1.22974
1.22974
1.22974
1.22974
1.22974
1.22974
1.22974
1.22974
1.22974
1.22974
1.22974
1.22974
1.22974
1.22974
1.22974
1.22974
1.22974
1.22974
1.22974
1.22974
1.22974
1.22974
1.22974
1.22974
1.22974
1.22974
1.22974
1.22974
1.22974
1.22974
1.22974
1.22974
1.22974
1.22974
1.22974
1.22974
1.22974
1.22974
1.22974
1.22974
1.22974
1.22974
1.22974
1.22974
1.22974
1.22974
1.22974
1.22974
1.22974
1.22974
1.22974
1.22974
1.22974
1.22974
1.22974
1.22974
1.22974
1.22974
1.22974
1.22974
1.22974
1.22974
1.22974
1.22974
1.22974
1.22974
1.22974
1.22974
1.22974
1.22974
1.22974
1.22974
1.22974
1.22974
1.22974
1.22974
1.22974
1.22974
1.22974
1.22974
1.22974
1.22974
1.22974
1.22974
1.22974
1.22974
1.22974
1.22974
1.22974
1.22974
1.22974
1.22974
1.22974
1.22974
1.22974
1.22974
1.22974
1.22974
1.22974
1.22974
1.22974
1.22974
1.22974
1.22974
1.22974
1.22974
1.22974
1.22974
1.22974
1.22974
1.22974
1.22974
1.22974
1.22974
1.22974
1.22974
1.22974
1.22974
1.22974
1.22974
1.22974
1.22974
1.22974
1.22974
1.22974
1.22974
1.22974
1.22974
1.22974
1.22974
1.22974
1.22974
1.22974
1.22974
1.22974
1.22974
1.22974
1.22974
1.22974
1.22974
1.22974
1.22974
1.22974
1.22974
1.22974
1.22974
1.22974
1.22974
1.22974
1.22974
1.22974
1.22974
1.22974
1.22974
1.22974
1.22974
1.22974
1.22974
1.22974
1.22974
1.22974
1.22974
1.22974
1.22974
1.22974
1.22974
1.22974
1.22974
1.22974
1.22974
1.22974
1.22974
1.22974
1.22974
1.22974
1.22974
1.22974
1.22974
1.22974
1.22974
1.22974
1.22974
1.22974
1.22974
1.22974
1.22974
1.22974
1.22974
1.22974
1.22974
1.22974
1.22974
1.22974
1.22974
1.22974
1.22974
1.22974
1.22974
1.22974
1.22974
1.22974
1.22974
1.22974
1.22974
1.22974
1.22974
1.22974
1.22974
1.22974
1.22974
1.22974
1.22974
1.22974
1.22974
1.22974
1.22974
1.22974
1.22974
1.22974
1.22974
1.22974
1.22974
1.22974
1.22974
1.22974
1.22974
1.22974
1.22974
1.22974
1.22974
1.22974
1.22974
1.22974
1.22974
1.22974
1.22974
1.22974
1.22974
1.22974
1.22974
1.22974
1.22974
1.22974
1.22974
1.22974
1.22974
1.22974
1.22974
1.22974
1.22974
1.22974
1.22974
1.22974
1.22974
1.22974
1.22974
1.22974
1.22974
1.22974
1.22974
1.22974
1.22974
1.22974
1.22974
1.22974
1.22974
1.22974
1.22974
1.22974
1.22974
1.22974
1.22974
1.22974
1.22974
1.22974
1.22974
1.22974
1.22974
1.22974
1.22974
1.22974
1.22974
1.22974
1.22974
1.22974
1.22974
1.22974
1.22974
1.22974
1.22974
1.22974
1.22974
1.22974
1.22974
1.22974
1.22974
1.22974
1.22974
1.22974
1.22974
1.22974
1.22974
1.22974
1.22974
1.22974
1.22974
1.22974
1.22974
1.22974
1.22974
1.22974
1.22974
1.22974
1.22974
1.22974
1.22974
1.22974
1.22974
1.22974
1.22974
1.22974
1.22974
1.22974
1.22974
1.22974
1.22974
1.22974
1.22974
1.22974
1.22974
1.22974
1.22974
1.22974
1.22974
1.22974
1.22974
1.22974
1.22974
1.22974
1.22974
1.22974
1.22974
1.22974
1.22974
1.22974
1.22974
1.22974
1.22974
1.22974
1.22974
1.22974
1.22974
1.22974
1.22974
1.22974
1.22974
1.22974
1.22974
1.22974
1.22974
1.22974
1.22974
1.22974
1.22974
1.22974
1.22974
1.22974
1.22974
1.22974
1.22974
1.22974
1.22974
1.22974
1.22974
1.22974
1.22974
1.22974
1.22974
1.22974
1.22974
1.22974
1.22974
1.22974
1.22974
1.22974
1.22974
1.22974
1.22974
1.22974
1.22974
1.22974
1.22974
1.22974
1.22974
1.22974
1.22974
1.22974
1.22974
1.22974
1.22974
1.22974
1.22974
1.22974
1.22974
1.22974
1.22974
1.22974
1.22974
1.22974
1.22974
1.22974
1.22974
1.22974
1.22974
1.22974
1.22974
1.22974
1.22974
1.22974
1.22974
1.22974
1.22974
1.22974
1.22974
1.22974
1.22974
1.22974
1.22974
1.22974
1.22974
1.22974
1.22974
1.22974
1.22974
1.22974
1.22974
1.22974
1.22974
1.22974
1.22974
1.22974
1.22974
1.22974
1.22974
1.22974
1.22974
1.22974
1.22974
1.22974
1.22974
1.22974
1.22974
1.22974
1.22974
1.22974
1.22974
1.22974
1.22974
1.22974
1.22974
1.22974
1.22974
1.22974
1.22974
1.22974
1.22974
1.22974
1.22974
1.22974
1.22974
1.22974
1.22974
1.22974
1.22974
1.22974
1.22974
1.22974
1.22974
1.22974
1.22974
1.22974
1.22974
1.22974
1.22974
1.22974
1.22974
1.22974
1.22974
1.22974
1.22974
1.22974
1.22974
1.22974
1.22974
1.22974
1.22974
1.22974
1.22974
1.22974
1.22974
1.22974
1.22974
1.22974
1.22974
1.22974
1.22974
1.22974
