0 18 8 6 16 31 19 21 5 29 11 30 22 4 15 28 17 20 7 9 3 2 14 26 23 27 12 25 24 1 13 10 
0 31 2 27 1 3 29 14 12 25 19 16 17 22 30 26 5 8 20 10 7 24 15 13 18 9 11 6 28 23 21 4 
0 28 29 25 3 8 5 19 11 7 30 4 23 27 21 16 18 10 17 15 9 26 31 13 2 12 22 14 6 20 1 24 
0 1 29 26 23 17 13 19 12 28 25 18 7 16 4 3 10 9 31 5 11 8 22 6 21 24 27 2 15 20 14 30 
0 27 5 25 4 15 13 20 21 9 31 26 17 24 30 12 2 10 3 14 7 1 19 28 29 22 23 11 6 16 18 8 
0 17 27 20 7 14 23 29 13 2 10 30 25 1 19 31 26 15 3 24 5 16 21 11 4 9 28 18 22 8 12 6 
0 17 27 20 7 14 23 29 13 2 10 30 25 1 19 31 26 15 3 24 5 16 21 11 4 9 28 18 22 8 12 6 
0 17 27 20 7 14 23 29 13 2 10 30 25 1 19 31 26 15 3 24 5 16 21 11 4 9 28 18 22 8 12 6 
0 17 13 15 1 7 8 23 9 12 10 30 26 22 24 16 27 29 19 4 11 5 2 14 28 6 25 20 31 3 21 18 
0 17 13 15 1 7 8 23 9 12 10 30 26 22 24 16 27 29 19 4 11 5 2 14 28 6 25 20 31 3 21 18 
0 17 13 15 1 7 8 23 9 12 10 30 26 22 24 16 27 29 19 4 11 5 2 14 28 6 25 20 31 3 21 18 
0 28 5 16 10 25 2 3 1 17 31 24 9 7 27 6 8 23 12 13 18 14 21 15 11 20 26 30 19 29 22 4 
0 21 15 5 24 9 23 27 31 8 29 16 22 3 25 13 17 19 7 10 28 4 1 2 26 20 6 14 12 18 11 30 
0 15 10 5 6 13 9 20 18 3 21 23 12 14 31 19 2 24 11 27 25 8 30 16 1 7 22 4 26 28 17 29 
0 15 10 5 6 13 9 20 18 3 21 23 12 14 31 19 2 24 11 27 25 8 30 16 1 7 22 4 26 28 17 29 
0 7 10 17 13 27 18 6 16 14 8 21 15 11 24 20 25 23 26 28 5 2 3 1 31 9 12 19 22 4 29 30 
0 7 10 17 13 27 18 6 16 14 8 21 15 11 24 20 25 23 26 28 5 2 3 1 31 9 12 19 22 4 29 30 
0 9 8 6 4 27 10 12 7 18 5 30 23 16 24 26 22 11 21 17 15 3 2 1 25 13 29 19 31 20 28 14 
0 3 14 12 18 25 27 31 8 5 10 30 16 1 7 15 22 2 9 6 4 23 24 26 11 21 28 20 17 19 29 13 
0 16 14 10 18 25 22 26 19 1 7 3 2 27 12 23 31 13 5 9 8 6 4 30 24 11 21 20 17 15 28 29 
0 28 5 16 10 9 24 31 17 1 3 2 25 7 27 6 8 23 12 4 18 30 26 22 11 21 15 19 20 13 29 14 
0 28 5 16 10 9 24 31 17 1 3 2 25 7 27 6 8 23 12 4 18 30 26 22 11 21 15 19 20 13 29 14 
0 9 8 6 4 27 10 12 7 18 5 30 23 16 24 26 22 11 21 14 25 19 1 3 29 2 28 15 31 17 13 20 
0 16 14 10 18 25 4 27 13 22 26 23 7 6 28 31 21 12 9 30 15 8 24 5 11 1 17 20 19 2 3 29 
0 16 14 10 18 25 4 27 13 22 26 23 7 6 28 31 21 12 9 30 15 8 24 5 11 1 17 20 19 2 3 29 
0 16 14 10 18 25 22 26 19 1 7 3 23 29 11 2 28 4 9 8 6 27 12 5 30 24 21 13 31 15 17 20 
0 9 8 6 4 27 10 12 7 1 21 11 22 26 24 18 5 30 23 31 15 25 16 28 2 14 13 17 29 20 19 3 
0 8 3 4 9 10 15 16 19 23 18 17 1 31 12 13 21 7 14 6 27 11 22 26 24 5 30 2 25 28 20 29 
0 8 3 4 9 10 15 16 19 23 18 17 1 31 12 13 21 7 14 6 27 11 22 26 24 5 30 2 25 28 20 29 
0 9 7 3 2 25 28 19 20 14 13 15 31 1 21 11 22 26 24 4 10 16 23 18 12 8 17 6 27 5 30 29 
0 9 8 6 4 27 10 12 7 1 21 11 22 26 24 18 5 30 25 2 3 23 28 19 20 17 13 15 31 16 14 29 
0 16 14 10 30 5 21 13 31 17 9 15 8 6 4 27 12 29 23 18 7 24 26 22 11 1 20 19 28 25 2 3 
0 9 8 3 2 25 12 10 27 4 6 24 22 26 11 1 21 31 15 13 17 20 19 28 7 18 5 30 23 16 14 29 
0 9 8 3 2 25 28 19 7 18 5 10 27 4 6 24 26 22 11 12 1 21 30 23 20 17 13 15 31 16 14 29 
0 9 8 6 4 27 10 12 7 1 21 11 22 26 24 18 5 30 23 3 2 25 31 15 13 17 20 19 28 16 14 29 
0 9 8 6 4 27 10 12 7 1 21 11 22 26 24 18 5 30 23 3 2 25 31 15 13 17 20 19 28 16 14 29 
0 9 8 6 4 27 10 12 7 1 21 11 22 26 24 18 5 30 23 3 2 25 31 15 13 17 20 19 28 16 14 29 
0 9 8 6 4 27 10 12 7 1 21 11 22 26 24 18 5 30 23 3 2 25 31 15 13 17 20 19 28 16 14 29 
0 31 15 13 17 20 19 28 4 2 3 10 9 1 21 11 26 22 24 18 8 27 25 5 6 7 12 30 23 16 14 29 
0 9 8 3 2 25 28 19 17 21 13 15 31 1 20 11 22 10 27 4 18 24 26 5 6 7 12 30 23 16 14 29 
0 9 8 3 2 25 28 19 17 21 13 15 31 1 20 11 22 10 27 4 18 24 26 5 6 7 12 30 23 16 14 29 
0 9 8 3 2 25 28 19 17 21 13 15 31 1 20 11 22 10 27 4 18 24 26 5 6 7 12 30 23 16 14 29 
0 9 8 3 2 25 4 16 10 30 7 5 18 1 24 22 26 11 21 12 31 15 13 17 20 19 28 27 6 23 14 29 
0 8 9 3 2 25 28 19 17 21 13 15 31 1 20 4 18 24 26 22 11 27 10 5 6 7 12 30 23 16 14 29 
0 8 9 3 2 25 28 19 17 21 13 15 31 1 20 11 22 23 16 14 30 12 7 6 5 10 27 4 18 24 26 29 
0 8 9 3 2 25 28 19 17 21 13 15 31 1 20 11 22 26 24 12 18 4 27 16 23 30 7 6 5 10 14 29 
0 8 9 3 2 25 28 19 17 13 21 15 31 1 20 11 22 7 12 30 23 16 27 4 18 24 26 6 5 10 14 29 
0 8 9 3 2 25 19 15 17 21 13 28 31 1 20 11 22 26 24 18 4 27 16 23 30 12 7 6 5 10 14 29 
0 8 9 3 2 25 19 15 17 21 13 28 31 1 20 11 22 26 24 18 4 27 16 23 30 12 7 6 5 10 14 29 
0 31 15 1 9 8 12 29 23 18 24 22 26 11 3 17 13 20 19 21 25 2 28 27 16 5 4 6 7 30 14 10 
0 8 9 3 2 25 28 19 1 31 15 13 21 17 20 11 6 26 30 18 4 27 16 23 24 12 7 22 5 10 14 29 
0 8 9 3 2 25 28 18 24 26 22 11 20 1 31 15 6 21 17 7 4 27 16 23 30 12 19 13 5 10 14 29 
0 31 15 1 9 8 3 2 28 21 19 25 26 17 20 11 13 22 24 18 4 27 16 23 30 12 7 6 5 10 14 29 
0 31 15 1 9 8 3 2 28 25 19 21 13 10 5 6 7 12 30 23 16 27 4 18 24 22 26 11 20 17 14 29 
0 31 15 1 9 8 3 2 28 25 19 21 13 10 5 6 7 12 30 23 16 27 4 18 24 22 26 11 20 17 14 29 
0 31 15 1 9 8 3 2 28 25 19 21 13 10 5 6 7 12 30 23 16 27 4 18 24 22 26 11 20 17 14 29 
0 31 15 1 9 8 3 2 28 25 19 21 13 10 5 6 7 12 30 23 16 27 4 18 24 22 26 11 20 17 14 29 
0 31 15 1 9 8 3 2 28 25 19 21 13 17 20 11 26 22 24 30 23 16 27 4 18 12 7 6 5 10 14 29 
0 31 15 1 9 8 3 2 28 25 19 21 13 17 20 11 23 16 27 4 18 24 22 26 6 5 10 14 30 7 12 29 
0 3 19 21 13 17 20 11 26 22 24 18 23 29 12 8 9 1 15 31 2 28 25 4 27 16 30 7 6 5 10 14 
0 31 15 1 9 8 3 2 28 25 18 24 22 26 20 11 17 13 16 27 4 12 29 23 19 21 30 7 6 5 10 14 
0 31 15 1 9 8 3 2 28 25 19 21 13 17 26 11 20 22 24 12 18 23 29 4 27 16 30 14 10 5 6 7 
0 31 15 1 9 8 3 2 28 25 19 21 13 17 26 11 20 22 24 12 18 23 29 4 27 16 30 14 10 5 6 7 
0 8 9 3 2 25 28 18 24 22 26 11 20 1 31 15 21 5 16 23 30 12 7 6 27 4 19 17 13 10 14 29 
0 6 5 10 14 30 23 16 27 4 18 24 22 26 11 20 17 13 21 31 15 1 9 8 3 2 7 19 25 28 12 29 
0 6 5 10 14 30 23 16 27 4 18 24 22 26 11 20 17 13 21 25 28 2 3 8 9 1 15 31 19 7 12 29 
0 6 5 10 14 30 23 16 27 4 18 24 22 26 11 20 17 13 21 25 28 2 3 8 9 1 15 31 19 7 12 29 
0 31 15 1 9 8 3 2 28 25 18 24 22 26 20 11 17 13 21 14 6 27 5 19 30 23 16 10 4 7 12 29 
0 31 15 1 9 8 3 2 28 25 18 24 22 26 4 19 21 13 17 11 20 27 6 7 12 30 23 16 5 10 14 29 
0 31 15 1 9 8 3 2 28 25 18 24 22 17 20 26 11 13 21 6 5 10 14 30 23 16 27 4 19 7 12 29 
0 31 15 8 9 1 3 2 28 25 18 24 22 27 17 11 26 13 21 19 4 12 6 7 20 30 23 16 5 10 14 29 
0 31 15 1 9 8 3 2 28 25 18 7 6 27 4 19 21 13 17 11 26 22 20 24 12 30 23 16 5 10 14 29 
0 31 15 1 9 8 3 18 28 25 2 24 22 26 20 11 17 4 21 27 13 19 16 5 10 14 30 23 6 7 12 29 
0 15 31 1 9 8 3 2 28 25 18 24 22 20 10 5 16 27 4 19 21 13 17 11 26 14 30 23 6 7 12 29 
0 31 15 1 9 8 3 2 28 25 18 24 20 19 21 13 17 11 26 22 4 27 16 5 10 14 30 23 6 7 12 29 
0 31 15 1 9 8 3 2 25 28 18 24 20 22 26 11 17 13 19 4 21 27 16 23 30 14 10 5 6 7 12 29 
0 31 15 8 1 9 3 2 11 20 22 24 25 28 26 17 13 21 19 18 4 27 16 23 6 5 10 14 30 7 12 29 
0 31 15 1 8 2 3 9 28 25 24 22 20 11 26 17 13 21 23 18 19 4 27 6 7 12 30 14 10 5 16 29 
0 31 15 1 9 8 3 18 28 25 2 24 22 26 20 11 19 13 21 17 4 27 16 5 10 14 30 23 6 7 12 29 
0 31 15 1 8 9 3 18 28 2 25 24 20 22 26 12 7 30 14 10 5 6 23 16 27 4 19 21 13 17 11 29 
0 31 15 1 8 9 3 18 28 2 25 24 20 22 26 12 7 30 14 10 5 6 23 16 27 4 19 21 13 17 11 29 
0 31 15 1 21 13 17 11 26 22 20 24 18 25 28 2 3 8 9 4 30 19 27 7 6 12 14 10 5 16 23 29 
0 31 15 1 21 13 17 11 26 22 20 7 6 23 30 14 10 5 16 27 4 19 9 8 3 2 28 25 18 24 12 29 
0 31 15 1 21 13 17 11 26 22 20 7 6 23 30 14 10 5 16 27 4 19 9 8 3 2 28 25 18 24 12 29 
0 31 15 1 21 13 19 11 26 22 20 24 9 3 28 2 25 17 18 29 12 8 4 27 6 7 30 14 10 5 16 23 
0 17 29 31 12 21 13 15 11 20 26 22 24 2 25 28 18 3 8 1 9 19 4 27 6 7 30 14 10 5 16 23 
0 31 15 29 12 21 13 17 11 20 26 22 24 2 25 14 18 3 8 1 9 19 28 27 6 7 30 4 10 5 16 23 
0 31 15 29 12 21 13 17 11 20 26 22 24 2 25 14 18 3 8 1 9 19 28 27 6 7 30 4 10 5 16 23 
0 31 15 29 12 21 13 17 11 20 26 22 24 2 25 14 18 3 8 1 9 19 28 27 6 7 30 4 10 5 16 23 
0 31 15 29 12 21 13 17 11 20 26 25 28 2 22 24 1 3 8 18 9 19 27 4 16 5 10 14 30 23 6 7 
0 31 15 29 12 28 25 2 24 22 26 20 11 17 13 21 18 3 8 1 9 19 4 27 16 5 10 14 30 23 6 7 
0 31 15 29 12 28 25 2 24 22 26 20 11 17 13 21 18 3 8 1 9 19 4 27 16 5 10 14 30 23 6 7 
0 31 15 29 12 28 25 2 24 22 26 20 11 17 13 21 18 3 8 1 9 19 4 27 16 5 10 14 30 23 6 7 
0 31 15 29 12 21 13 17 11 20 26 22 24 2 1 28 18 3 8 25 9 19 27 4 16 5 10 14 30 23 6 7 
0 31 15 29 12 21 13 17 11 20 26 22 3 2 25 24 18 9 8 1 28 19 4 27 5 16 23 6 10 14 30 7 
0 31 15 29 12 21 13 17 11 20 26 22 1 8 19 3 18 28 25 24 2 4 9 27 6 23 16 5 10 14 30 7 
0 31 15 29 12 21 13 17 11 20 26 22 5 16 23 6 27 4 19 9 1 8 3 18 28 25 2 24 10 14 30 7 
0 31 15 29 12 21 13 17 11 20 26 22 5 16 23 6 27 4 19 9 1 8 3 18 28 25 2 24 10 14 30 7 
0 31 15 29 12 21 13 17 11 20 26 22 5 16 23 6 27 4 19 9 1 8 3 18 28 25 2 24 10 14 30 7 
0 31 15 29 12 21 13 17 11 26 20 22 24 2 9 25 28 3 8 1 14 19 4 27 6 23 10 5 16 18 30 7 
0 31 15 29 12 21 1 17 20 26 4 11 24 2 25 28 18 3 8 22 9 19 13 27 6 23 16 5 10 14 30 7 
0 31 15 29 12 21 1 17 20 26 4 11 24 2 25 28 18 3 8 22 9 19 13 27 6 23 16 5 10 14 30 7 
0 31 15 29 12 21 13 17 11 25 20 22 3 2 26 28 24 18 8 1 9 19 4 27 6 23 16 5 10 14 30 7 
0 31 15 29 12 21 13 17 11 26 20 22 24 2 25 28 18 3 8 19 1 5 27 4 16 9 10 14 30 23 6 7 
0 31 15 29 12 21 13 17 26 11 20 22 24 2 25 28 18 3 8 19 27 1 9 10 6 23 16 14 4 5 30 7 
0 31 15 29 12 21 13 17 11 26 30 14 10 5 16 23 6 27 4 19 9 1 8 3 18 28 25 2 24 22 20 7 
0 31 15 29 12 21 13 17 11 26 30 14 10 5 16 23 6 27 4 19 9 1 8 3 18 28 25 2 24 22 20 7 
0 31 15 29 12 21 13 17 26 1 20 22 24 2 25 28 18 3 11 19 8 9 4 27 6 23 16 5 10 14 30 7 
0 31 15 29 12 2 24 22 20 26 11 17 13 21 25 28 18 3 19 8 1 9 4 27 6 23 16 5 10 14 30 7 
0 31 15 29 12 2 24 22 20 26 11 17 13 21 25 28 18 3 19 8 1 9 4 27 6 23 16 5 10 14 30 7 
0 31 15 29 12 21 13 17 26 1 20 22 24 2 25 28 18 3 11 8 19 9 4 27 6 23 5 16 10 14 30 7 
0 31 15 29 12 21 13 17 11 26 22 20 24 2 25 19 3 18 28 9 1 8 4 27 6 23 16 5 10 14 30 7 
0 31 15 29 12 21 13 17 11 26 20 22 24 2 25 28 30 14 10 5 16 23 6 27 4 9 1 8 19 3 18 7 
0 31 15 29 12 21 13 17 11 26 20 30 14 10 5 16 4 27 6 23 8 1 9 19 3 18 28 25 2 24 22 7 
0 31 15 29 12 21 13 17 11 26 20 22 24 4 25 28 18 3 8 9 2 19 1 27 6 23 16 5 10 14 30 7 
0 31 15 29 12 21 13 17 11 26 20 22 24 4 25 28 18 3 8 9 2 19 1 27 6 23 16 5 10 14 30 7 
0 31 15 29 12 21 13 17 11 26 22 23 6 27 4 8 1 9 19 3 18 28 25 2 24 20 16 5 10 14 30 7 
0 31 26 11 17 13 21 12 29 15 22 20 24 2 25 28 18 3 19 9 1 8 4 27 6 23 16 5 10 14 30 7 
0 31 15 29 22 26 11 17 13 21 12 20 24 2 25 28 18 3 19 9 1 8 4 27 6 23 16 5 10 14 30 7 
0 31 15 29 22 26 11 17 13 21 12 20 24 2 25 28 18 3 19 9 1 8 4 27 6 23 16 5 10 14 30 7 
0 31 15 29 12 21 13 17 26 11 22 20 24 2 23 6 27 4 8 1 9 19 3 18 28 25 16 5 10 14 30 7 
0 10 5 16 23 6 27 4 8 1 9 19 3 18 28 25 2 24 20 22 26 11 17 13 21 12 29 15 31 14 30 7 
0 31 15 29 12 21 13 17 26 11 22 20 24 2 25 28 18 27 6 23 8 1 19 9 3 4 16 5 10 14 30 7 
0 31 15 29 12 21 13 17 11 26 22 20 24 2 25 28 6 19 3 9 27 8 18 1 23 4 16 5 10 14 30 7 
0 31 15 29 12 21 13 17 26 11 22 20 4 27 6 10 8 1 9 19 3 18 28 25 2 24 23 5 14 16 30 7 
0 31 15 29 12 21 13 17 26 11 22 20 25 2 24 28 18 6 19 9 27 8 23 3 1 4 16 5 10 14 30 7 
0 31 15 29 12 21 13 17 26 11 22 20 25 2 24 28 18 6 19 9 27 8 23 3 1 4 16 5 10 14 30 7 
0 31 15 29 12 21 13 17 26 11 22 25 18 2 20 28 24 3 19 9 1 8 23 6 27 4 16 5 10 14 30 7 
0 31 15 29 12 21 13 17 26 11 22 25 18 2 20 28 24 3 19 9 1 8 23 6 27 4 16 5 10 14 30 7 
0 31 15 29 12 21 13 17 26 11 22 25 18 2 20 28 24 3 19 9 1 8 23 6 27 4 16 5 10 14 30 7 
0 31 15 29 22 11 26 17 13 21 12 20 24 2 25 28 18 3 19 9 1 8 23 6 27 4 16 5 10 14 30 7 
0 31 15 29 22 11 26 17 13 21 12 20 24 2 25 28 18 3 19 9 1 8 23 6 27 4 16 5 10 14 30 7 
0 31 15 29 12 21 13 17 26 18 22 20 23 2 25 28 11 27 19 9 1 8 24 6 3 4 16 5 10 14 30 7 
0 31 15 29 12 21 13 17 26 18 22 20 23 2 25 28 11 27 19 9 1 8 24 6 3 4 16 5 10 14 30 7 
0 31 15 29 12 21 13 17 26 4 27 6 23 9 1 8 19 3 18 28 25 2 24 20 22 11 16 5 10 14 30 7 
0 31 15 29 12 21 13 17 26 4 27 6 23 9 1 8 19 3 18 28 25 2 24 20 22 11 16 5 10 14 30 7 
0 26 17 13 21 12 29 15 31 11 22 20 24 2 25 28 18 3 19 9 1 8 23 6 27 4 16 5 10 14 30 7 
0 31 15 29 12 21 13 17 26 11 25 20 24 2 22 28 18 3 19 9 14 8 23 6 27 4 16 5 10 1 30 7 
0 31 15 29 8 14 9 19 3 18 28 25 2 24 20 22 11 26 17 13 21 12 23 6 27 4 16 5 10 1 30 7 
0 31 15 11 26 17 13 21 12 29 22 20 24 2 25 28 18 3 19 9 1 8 23 6 27 4 16 5 10 14 30 7 
0 31 15 11 26 17 13 21 12 29 22 20 24 2 25 28 18 3 19 9 1 8 23 6 27 4 16 5 10 14 30 7 
0 31 15 11 26 17 13 21 12 29 22 20 24 2 25 28 18 3 19 9 1 8 23 6 27 4 16 5 10 14 30 7 
0 31 15 29 12 21 13 17 26 11 30 14 10 5 16 4 27 6 23 8 1 9 19 3 18 28 25 2 24 20 22 7 
0 31 15 29 12 21 13 17 26 11 22 20 24 2 25 1 19 3 18 9 28 8 23 6 27 4 16 5 10 14 30 7 
0 31 15 29 12 21 20 17 22 13 26 11 24 2 25 28 18 3 19 9 1 8 23 6 27 4 16 5 10 14 30 7 
0 31 15 29 12 21 13 17 24 2 6 16 26 11 25 28 18 3 19 9 1 8 23 20 27 4 22 5 10 14 30 7 
0 31 15 29 12 21 13 17 24 2 6 16 26 11 25 28 18 3 19 9 1 8 23 20 27 4 22 5 10 14 30 7 
0 31 15 29 12 21 13 17 26 11 22 20 24 2 25 28 18 3 19 9 10 5 16 4 27 6 23 8 1 14 30 7 
0 31 15 29 30 14 10 5 16 4 27 6 23 8 28 9 19 3 18 1 25 2 24 20 22 11 26 17 13 21 12 7 
0 31 15 29 12 21 11 17 2 13 22 20 24 26 25 28 18 3 19 9 1 8 23 6 27 4 16 5 10 14 30 7 
0 31 15 29 12 21 13 17 4 27 6 23 8 1 9 19 3 18 28 25 2 24 20 22 11 26 16 5 10 14 30 7 
0 31 15 29 22 11 26 17 13 21 12 20 24 2 25 28 18 3 19 9 1 8 23 6 27 4 16 5 10 14 30 7 
0 29 15 31 12 21 13 17 2 11 22 26 24 20 25 28 18 3 19 9 1 8 23 6 27 4 16 5 10 14 30 7 
0 29 15 31 12 21 13 17 2 11 22 26 24 20 25 28 18 3 19 9 1 8 23 6 27 4 16 5 10 14 30 7 
0 29 15 31 12 21 13 17 26 25 22 20 24 2 11 28 19 3 18 9 1 8 23 6 27 4 16 5 10 14 30 7 
0 29 15 31 12 21 13 17 26 25 22 20 24 2 11 28 19 3 18 9 1 8 23 6 27 4 16 5 10 14 30 7 
0 29 15 30 28 18 3 19 9 1 8 23 6 27 4 16 5 10 14 31 12 21 13 17 26 11 22 20 24 2 25 7 
0 29 15 30 28 18 3 19 9 1 8 23 6 27 4 16 5 10 14 31 12 21 13 17 26 11 22 20 24 2 25 7 
0 29 15 31 12 21 13 17 26 11 22 20 24 2 9 19 3 18 28 25 1 8 23 6 27 4 16 5 10 14 30 7 
0 29 15 31 12 21 13 17 26 11 22 20 24 2 9 19 3 18 28 25 1 8 23 6 27 4 16 5 10 14 30 7 
0 29 15 31 12 21 13 17 26 11 22 3 6 2 5 28 18 20 19 9 1 8 23 16 27 4 24 25 10 14 30 7 
0 29 15 31 12 21 13 17 26 11 22 3 6 2 5 28 18 20 19 9 1 8 23 16 27 4 24 25 10 14 30 7 
0 29 15 31 12 21 13 17 26 11 22 20 24 16 25 28 18 19 3 9 1 8 23 6 27 4 2 5 10 14 30 7 
0 15 29 31 12 21 13 17 26 11 22 20 24 2 25 28 18 3 5 19 16 4 27 9 1 8 23 6 10 14 30 7 
0 15 29 31 12 21 2 24 20 22 11 26 17 13 25 28 18 3 19 9 1 8 23 6 27 4 16 5 10 14 30 7 
0 15 29 31 12 21 13 17 26 11 22 20 24 2 16 4 27 6 23 25 28 18 3 19 30 14 10 5 8 1 9 7 
0 15 29 31 12 21 13 17 26 11 4 27 6 23 8 1 9 19 3 18 28 25 2 24 20 22 16 5 10 14 30 7 
0 15 29 31 12 21 13 17 3 18 28 25 2 24 20 22 11 26 19 9 1 8 23 6 27 4 16 5 10 14 30 7 
0 15 29 31 12 21 20 22 13 11 17 26 24 2 25 28 18 3 19 9 1 8 23 6 27 4 16 5 10 14 30 7 
0 15 29 31 12 21 20 22 13 11 17 26 24 2 25 28 18 3 19 9 1 8 23 6 27 4 16 5 10 14 30 7 
0 31 15 29 30 14 10 5 16 4 27 6 23 8 1 9 19 3 18 12 21 13 17 26 11 22 20 24 2 25 28 7 
0 31 15 29 30 14 10 5 16 4 6 27 23 8 1 9 19 3 18 12 21 13 17 26 11 22 20 24 2 25 28 7 
0 31 15 29 30 14 10 5 16 4 27 6 23 8 1 9 19 3 18 12 21 13 17 26 11 22 20 24 2 25 28 7 
0 15 20 22 11 26 17 13 21 12 31 29 24 2 25 28 18 3 19 30 14 10 5 16 4 27 6 23 8 1 9 7 
0 15 29 31 12 21 13 17 26 11 22 20 24 10 5 16 4 27 6 23 8 1 9 19 3 18 28 25 2 14 30 7 
0 15 29 31 12 21 13 17 26 11 22 20 24 2 25 9 19 3 18 28 1 8 23 6 27 4 16 5 10 14 30 7 
0 15 29 31 12 21 13 17 26 11 22 20 24 2 25 9 19 3 18 28 1 8 23 6 27 4 16 5 10 14 30 7 
0 15 29 31 12 21 13 17 26 11 22 20 24 2 25 9 19 3 18 28 1 8 23 6 27 4 16 5 10 14 30 7 
0 15 29 31 12 21 13 17 26 11 22 20 24 2 25 9 19 3 18 28 1 8 23 6 27 4 16 5 10 14 30 7 
0 31 15 29 30 14 10 5 16 4 27 6 23 8 1 9 19 3 18 12 21 13 17 26 11 22 20 24 2 25 28 7 
0 31 15 29 30 14 10 5 16 4 27 6 23 8 1 9 19 3 18 12 21 13 17 26 11 22 20 24 2 25 28 7 
0 15 29 31 12 21 13 28 26 20 22 3 24 2 25 17 18 11 19 9 1 6 23 8 27 4 16 5 10 14 30 7 
0 15 29 31 12 21 5 16 4 27 6 23 8 1 9 19 3 18 28 25 2 24 20 22 11 26 17 13 10 14 30 7 
0 15 29 31 12 21 13 17 26 11 22 20 25 1 24 28 8 3 19 9 2 18 23 6 27 4 16 5 10 14 30 7 
0 15 29 31 12 21 13 17 26 11 22 20 25 1 24 28 8 3 19 9 2 18 23 6 27 4 16 5 10 14 30 7 
0 15 29 31 12 11 13 17 26 21 20 22 24 2 25 28 18 3 19 9 1 8 23 6 27 4 16 5 10 14 30 7 
0 15 30 14 10 5 16 4 27 6 23 8 1 9 19 3 18 28 25 29 31 12 21 13 17 26 11 22 20 24 2 7 
0 15 29 31 12 21 13 17 26 11 22 20 24 2 25 28 18 3 19 10 5 16 4 27 6 23 8 1 9 14 30 7 
0 15 29 31 12 21 13 17 26 11 22 20 24 2 25 1 3 18 19 9 28 8 23 6 27 4 16 5 10 14 30 7 
0 15 29 31 12 21 13 17 26 11 22 20 24 2 25 28 18 3 19 10 5 16 4 27 6 23 8 1 9 14 30 7 
0 15 29 31 12 21 13 17 26 11 22 20 24 2 3 18 28 25 19 30 14 10 5 16 4 27 6 23 8 1 9 7 
0 15 29 31 12 21 13 17 26 11 22 28 24 3 25 20 18 4 19 9 1 8 23 27 14 2 16 5 10 6 30 7 
0 15 29 31 12 21 13 17 26 8 1 9 19 3 18 28 25 2 24 20 22 11 23 6 27 4 16 5 10 14 30 7 
0 15 29 31 12 21 13 22 20 11 17 26 24 2 25 28 18 3 19 9 1 8 23 6 27 4 16 5 10 14 30 7 
0 15 29 31 12 21 13 22 20 11 17 26 24 2 25 28 18 3 19 9 1 8 23 6 27 4 16 5 10 14 30 7 
0 15 29 31 12 21 13 17 26 11 22 20 24 2 25 19 18 27 28 9 23 8 3 6 1 4 16 5 10 14 30 7 
0 15 29 31 17 21 13 11 12 22 26 20 24 2 25 28 18 3 19 9 1 8 23 6 27 4 16 5 10 14 30 7 
0 15 29 31 17 21 13 11 12 22 26 20 24 2 25 28 18 3 19 9 1 8 23 6 27 4 16 5 10 14 30 7 
0 15 29 31 17 21 13 11 12 22 26 20 24 2 25 28 18 3 19 9 1 8 23 6 27 4 16 5 10 14 30 7 
0 15 29 31 17 21 13 11 12 22 26 20 24 2 25 28 18 3 19 9 1 8 23 6 27 4 16 5 10 14 30 7 
0 15 29 31 17 21 13 11 12 22 26 20 24 2 25 28 18 3 19 9 1 8 23 6 27 4 16 5 10 14 30 7 
0 31 15 29 30 14 10 5 16 4 27 6 23 8 1 9 19 3 18 12 21 13 17 26 11 22 20 24 2 25 28 7 
0 15 29 31 12 21 13 17 26 11 22 20 24 2 25 28 9 3 19 1 18 8 23 6 27 4 16 5 10 14 30 7 
0 15 29 31 12 21 13 17 26 11 22 20 24 2 25 28 18 3 19 5 1 16 23 6 27 4 8 9 10 14 30 7 
0 15 29 31 12 21 13 25 2 24 20 22 11 26 17 28 18 3 19 9 1 8 23 6 27 4 16 5 10 14 30 7 
0 15 29 31 12 21 13 25 2 24 20 22 11 26 17 28 18 3 19 9 1 8 23 6 27 4 16 5 10 14 30 7 
0 15 29 31 12 21 13 25 2 24 20 22 11 26 17 28 18 3 19 9 1 8 23 6 27 4 16 5 10 14 30 7 
0 15 29 28 25 2 24 20 22 11 26 17 13 21 12 31 18 3 19 9 1 8 23 6 27 4 16 5 10 14 30 7 
0 15 29 31 12 21 13 17 26 11 22 20 18 2 3 25 24 28 19 30 14 10 5 16 4 27 6 23 8 1 9 7 
0 15 30 14 10 5 16 4 27 6 23 8 1 9 19 3 18 28 25 29 31 12 21 13 17 26 11 22 20 24 2 7 
0 15 30 14 10 5 16 4 27 6 23 8 1 9 19 3 18 28 25 29 31 12 21 13 17 26 11 22 20 24 2 7 
0 15 30 14 10 5 16 4 27 6 23 8 1 9 19 3 18 28 25 29 31 12 21 13 17 26 11 22 20 24 2 7 
0 15 29 31 12 21 13 17 26 11 22 20 24 2 25 28 18 3 19 27 4 8 23 5 9 1 16 6 10 14 30 7 
0 15 24 20 22 11 26 17 13 21 12 31 29 2 25 28 18 3 19 9 1 8 23 6 27 4 16 5 10 14 30 7 
0 15 24 20 22 11 26 17 13 21 12 31 29 2 25 28 18 3 19 9 1 8 23 6 27 4 16 5 10 14 30 7 
0 15 29 31 12 21 13 17 26 11 22 20 24 2 25 28 18 3 19 30 1 8 23 6 27 4 16 5 10 14 9 7 
0 15 30 14 10 5 16 4 27 6 23 8 1 9 19 3 18 28 25 29 31 12 21 13 17 26 11 22 20 24 2 7 
0 15 30 14 10 5 16 4 27 6 23 8 1 9 19 3 18 28 25 29 31 12 21 13 17 26 11 22 20 24 2 7 
0 15 30 14 10 5 16 4 27 6 23 8 1 9 19 3 18 28 25 29 31 12 21 13 17 26 11 22 20 24 2 7 
0 15 29 30 14 10 5 16 4 27 6 23 8 1 9 19 3 18 28 31 12 21 13 17 26 11 22 20 24 2 25 7 
0 15 29 30 14 10 5 16 4 27 6 23 8 1 9 19 3 18 28 31 12 21 13 17 26 11 22 20 24 2 25 7 
0 15 29 31 12 21 13 17 26 11 22 20 24 2 9 1 8 23 6 27 4 16 5 10 14 30 19 3 18 28 25 7 
0 15 29 31 12 21 13 17 26 11 22 20 24 2 25 28 18 3 19 30 14 4 10 16 5 27 6 23 8 1 9 7 
0 15 29 31 17 13 21 12 26 11 22 20 24 2 25 28 18 3 19 9 1 8 23 6 27 4 16 5 10 14 30 7 
0 15 29 31 17 13 21 12 26 11 22 20 24 2 25 28 18 3 19 9 1 8 23 6 27 4 16 5 10 14 30 7 
0 15 29 31 12 21 13 17 26 5 22 20 24 2 25 28 18 3 19 9 1 23 8 6 27 4 16 11 10 14 30 7 
0 15 29 31 12 11 13 21 26 17 22 20 24 2 25 28 18 3 19 9 1 8 23 6 27 4 16 5 10 14 30 7 
0 15 29 30 14 10 5 16 4 27 6 23 8 1 9 19 3 18 28 31 12 21 13 17 26 11 22 20 24 2 25 7 
0 29 15 30 14 10 5 16 4 27 6 23 8 1 9 19 3 18 28 31 12 21 13 17 26 11 22 20 24 2 25 7 
0 29 15 30 14 10 5 16 4 27 6 23 8 1 9 19 3 18 28 31 12 21 13 17 26 11 22 20 24 2 25 7 
0 31 15 29 30 14 10 5 16 4 27 6 23 8 1 9 19 3 18 12 21 13 17 26 11 22 20 24 2 25 28 7 
0 15 29 31 12 21 13 17 26 11 5 20 24 2 25 28 18 8 1 27 19 3 23 6 16 4 10 22 9 14 30 7 
0 15 29 31 12 21 13 17 26 11 5 20 24 2 25 28 18 8 1 27 19 3 23 6 16 4 10 22 9 14 30 7 
0 15 29 31 12 21 13 17 26 11 22 20 24 2 25 28 18 3 19 5 8 1 27 23 6 16 4 10 9 14 30 7 
0 15 29 31 12 21 13 17 26 11 22 20 24 2 25 28 18 3 19 8 9 14 1 23 16 27 4 6 10 5 30 7 
0 31 15 29 30 14 10 5 16 4 27 6 23 8 1 9 20 22 11 26 17 13 21 12 18 3 19 24 2 25 28 7 
0 15 30 14 10 5 16 4 27 6 23 8 1 9 19 3 18 28 25 29 31 12 21 13 17 26 11 22 20 24 2 7 
0 15 29 31 12 21 22 17 26 11 13 20 24 2 25 28 18 3 19 9 1 8 23 6 27 4 16 5 10 14 30 7 
0 15 29 31 12 21 22 17 26 11 13 20 24 2 25 28 18 3 19 9 1 8 23 6 27 4 16 5 10 14 30 7 
0 15 29 26 17 13 21 12 31 11 22 20 24 2 25 28 18 3 19 30 14 10 5 16 4 27 6 23 8 1 9 7 
0 15 30 14 10 5 16 4 27 6 23 8 1 9 19 3 18 28 25 29 31 12 21 13 17 26 11 22 20 24 2 7 
0 15 8 31 18 21 13 17 26 11 22 28 27 2 25 29 24 3 19 9 1 20 23 6 12 4 16 5 10 14 30 7 
0 15 29 31 12 21 13 17 26 11 25 2 24 20 22 28 18 3 19 9 1 8 23 6 27 4 16 5 10 14 30 7 
0 15 30 14 10 5 16 4 27 6 23 8 1 9 19 3 18 28 25 29 31 12 21 13 17 26 11 22 20 24 2 7 
0 15 30 14 10 5 16 4 27 6 23 8 1 9 19 3 18 28 25 29 31 12 21 13 17 26 11 22 20 24 2 7 
0 15 29 31 12 21 13 28 26 11 22 3 24 2 25 18 17 20 19 9 1 8 23 6 27 4 16 5 10 14 30 7 
0 15 29 31 12 21 13 17 26 11 22 20 24 2 25 23 18 9 19 3 1 8 28 6 27 4 16 5 10 14 30 7 
0 15 29 31 12 21 13 17 26 11 22 20 24 2 25 23 18 9 19 3 1 8 28 6 27 4 16 5 10 14 30 7 
0 31 15 29 30 14 4 5 8 10 27 6 16 23 1 9 19 3 18 12 21 13 17 26 11 22 20 24 2 25 28 7 
0 31 15 29 30 14 4 5 8 10 27 6 16 23 1 9 19 3 18 12 21 13 17 26 11 22 20 24 2 25 28 7 
0 31 15 29 30 14 4 5 8 10 27 6 16 23 1 9 19 3 18 12 21 13 17 26 11 22 20 24 2 25 28 7 
0 31 15 29 30 14 10 5 16 4 27 6 23 8 1 9 19 3 18 12 21 13 17 26 11 22 20 24 2 25 28 7 
0 15 29 31 12 21 11 13 26 17 22 20 24 2 25 28 18 3 19 9 1 8 23 6 27 4 16 5 10 14 30 7 
0 15 29 30 14 10 5 16 4 27 6 23 8 1 9 19 3 18 28 31 12 21 13 17 26 11 22 20 24 2 25 7 
0 15 29 31 4 9 1 8 23 6 27 19 3 18 28 25 2 24 20 12 21 13 17 26 11 22 16 5 10 14 30 7 
0 15 29 31 24 21 13 17 26 11 22 20 12 2 25 28 18 3 19 9 1 6 23 8 27 4 16 5 10 14 30 7 
0 15 29 31 24 21 13 17 26 11 22 20 12 2 25 28 18 3 19 9 1 6 23 8 27 4 16 5 10 14 30 7 
0 15 29 31 12 21 13 17 26 11 22 20 24 2 25 10 14 30 19 28 18 16 4 3 9 1 8 23 6 27 5 7 
0 15 29 30 14 10 5 16 4 27 6 23 8 1 9 19 3 18 28 31 12 21 13 17 26 11 22 20 24 2 25 7 
0 15 9 31 12 21 17 13 11 24 22 20 26 2 25 28 18 3 19 29 1 8 23 6 27 4 16 5 10 14 30 7 
0 15 29 31 12 21 13 17 24 11 22 20 26 2 25 28 18 3 19 30 14 10 5 16 4 27 6 23 8 1 9 7 
0 15 29 31 12 21 13 17 24 11 22 20 26 2 25 28 18 3 19 30 14 10 5 16 4 27 6 23 8 1 9 7 
0 15 29 30 14 10 5 16 4 27 6 23 8 1 9 19 3 18 28 31 12 21 13 17 26 11 22 20 24 2 25 7 
0 15 29 31 12 21 13 17 26 11 22 20 24 2 25 28 18 30 19 3 14 10 5 16 4 27 6 23 8 1 9 7 
0 15 29 30 14 10 5 16 4 27 6 23 8 1 9 19 3 18 28 31 12 21 13 17 26 11 22 20 24 2 25 7 
0 29 15 30 14 10 5 16 4 27 6 23 8 1 9 19 3 18 28 31 12 21 13 17 26 11 22 20 24 2 25 7 
0 15 29 31 12 21 13 2 24 20 22 11 26 17 25 28 18 3 19 9 1 8 23 6 27 4 16 5 10 14 30 7 
0 15 29 31 12 21 13 2 24 20 22 11 26 17 25 28 18 3 19 9 1 8 23 6 27 4 16 5 10 14 30 7 
0 15 29 26 21 12 13 20 17 11 22 31 24 2 25 28 18 3 19 9 1 8 23 6 27 4 16 5 10 14 30 7 
0 15 29 26 21 12 13 20 17 11 22 31 24 2 25 28 18 3 19 9 1 8 23 6 27 4 16 5 10 14 30 7 
0 15 29 26 21 12 13 20 17 11 22 31 24 2 25 28 18 3 19 9 1 8 23 6 27 4 16 5 10 14 30 7 
0 15 29 31 12 21 13 2 24 20 22 11 26 17 25 28 18 3 19 9 1 8 23 6 27 4 16 5 10 14 30 7 
0 15 29 30 14 10 5 16 4 27 6 23 8 1 9 19 3 18 28 31 12 21 13 17 26 11 22 20 24 2 25 7 
0 15 29 31 12 21 13 17 26 11 22 20 2 3 25 24 18 28 19 30 14 10 5 16 4 27 6 23 8 1 9 7 
0 15 29 31 12 21 13 17 26 11 22 20 2 3 25 24 18 28 19 30 14 10 5 16 4 27 6 23 8 1 9 7 
0 15 29 31 12 21 13 17 26 11 22 20 2 3 25 24 18 28 19 30 14 10 5 16 4 27 6 23 8 1 9 7 
0 15 29 31 12 21 13 17 26 11 22 20 2 3 25 24 18 28 19 30 14 10 5 16 4 27 6 23 8 1 9 7 
0 15 29 30 14 10 5 16 4 27 6 23 8 1 9 19 3 18 28 31 12 21 13 17 26 11 22 20 24 2 25 7 
0 15 29 31 12 21 13 17 26 11 22 20 24 10 14 30 19 3 18 28 25 2 5 16 4 27 6 23 8 1 9 7 
0 15 29 31 12 21 13 17 26 11 4 27 6 23 8 1 9 19 3 18 28 25 2 24 20 22 16 5 10 14 30 7 
0 15 29 31 12 21 13 17 26 11 22 20 14 10 5 16 4 27 6 23 8 1 9 19 3 18 28 25 2 24 30 7 
0 15 30 14 10 5 16 4 27 6 23 8 1 9 19 3 18 28 25 29 31 12 21 13 17 26 11 22 20 24 2 7 
0 15 29 30 14 10 5 16 4 27 6 23 8 1 9 19 3 18 28 31 12 21 13 17 26 11 22 20 24 2 25 7 
0 15 29 30 14 10 5 16 4 27 6 23 8 1 9 19 3 18 28 31 12 21 13 17 26 11 22 20 24 2 25 7 
0 15 29 31 12 21 13 17 26 11 22 20 24 2 25 28 18 10 19 30 14 3 5 16 4 27 6 23 8 1 9 7 
0 15 31 13 11 21 29 17 26 12 22 20 24 25 2 28 18 3 19 9 1 8 23 6 27 4 16 5 10 14 30 7 
0 15 30 14 10 5 16 4 27 6 23 8 1 9 19 3 18 28 25 29 31 12 21 13 17 26 11 22 20 24 2 7 
0 31 15 29 30 14 10 5 16 4 27 6 23 8 1 9 19 3 18 12 21 13 17 26 11 22 20 24 2 25 28 7 
0 15 28 31 12 21 13 24 26 11 22 20 17 2 25 29 18 3 19 9 1 8 23 6 27 4 16 5 10 14 30 7 
0 15 28 31 12 21 13 24 26 11 22 20 17 2 25 29 18 3 19 9 1 8 23 6 27 4 16 5 10 14 30 7 
0 15 30 14 10 5 16 4 27 6 23 8 1 9 19 3 18 28 25 29 31 12 21 13 17 26 11 22 20 24 2 7 
0 15 29 31 12 21 13 17 26 11 22 20 24 2 16 4 27 6 23 8 1 9 19 3 18 28 25 5 10 14 30 7 
0 15 29 30 14 10 5 16 4 27 6 23 8 1 9 19 3 18 28 31 25 2 24 20 22 11 26 17 13 21 12 7 
0 15 30 14 10 5 16 4 27 6 23 8 1 9 19 3 18 28 25 29 31 12 21 13 17 26 11 22 20 24 2 7 
0 15 29 31 12 21 13 17 14 10 5 16 4 27 6 23 8 1 9 19 3 18 28 25 2 24 20 22 11 26 30 7 
0 15 29 31 12 21 13 17 14 10 5 16 4 27 6 23 8 1 9 19 3 18 28 25 2 24 20 22 11 26 30 7 
0 15 29 30 14 10 5 16 4 27 6 23 8 1 9 19 3 18 28 31 12 21 13 17 26 11 22 20 24 2 25 7 
0 15 29 31 12 21 13 17 26 11 22 20 10 5 16 4 27 6 23 8 1 9 19 3 18 28 25 2 24 14 30 7 
0 15 29 31 12 21 13 17 26 11 22 20 24 2 27 4 16 5 10 14 30 19 3 18 28 25 6 23 8 1 9 7 
0 15 29 31 12 21 13 17 26 11 22 20 24 2 27 4 16 5 10 14 30 19 3 18 28 25 6 23 8 1 9 7 
0 15 29 31 12 21 13 17 26 11 22 25 2 24 20 28 18 3 19 30 14 10 5 16 4 27 6 23 8 1 9 7 
0 15 29 31 12 21 13 17 26 11 16 4 27 6 23 8 1 9 19 3 18 28 25 2 24 20 22 5 10 14 30 7 
0 15 29 31 12 21 13 17 26 11 16 4 27 6 23 8 1 9 19 3 18 28 25 2 24 20 22 5 10 14 30 7 
0 15 29 31 12 21 9 22 26 11 17 20 24 2 25 28 18 3 19 13 1 8 23 6 10 4 16 5 27 14 30 7 
0 15 29 31 12 21 13 17 26 11 22 19 3 18 28 25 2 24 20 30 14 10 5 16 4 27 6 23 8 1 9 7 
0 15 29 31 12 21 13 17 26 11 22 14 30 19 3 18 28 25 2 24 20 10 5 16 4 27 6 23 8 1 9 7 
0 15 29 31 12 21 13 17 26 11 22 20 24 2 25 23 6 27 4 16 5 10 14 30 19 3 18 28 8 1 9 7 
0 15 29 31 12 21 13 17 26 11 22 20 24 2 25 23 6 27 4 16 5 10 14 30 19 3 18 28 8 1 9 7 
0 15 29 30 14 10 5 16 4 27 6 23 8 1 9 19 3 18 28 31 12 21 13 17 11 26 22 20 24 2 25 7 
0 15 29 30 14 10 5 16 4 27 6 23 8 1 9 19 3 18 28 31 12 21 13 17 11 26 22 20 24 2 25 7 
0 15 20 22 11 26 17 13 21 12 31 29 24 2 25 28 18 3 19 30 14 10 5 16 4 27 6 23 8 1 9 7 
0 15 29 30 14 10 5 16 4 27 6 23 8 1 9 19 3 18 28 31 12 21 13 26 17 11 22 20 24 2 25 7 
0 15 29 30 14 10 5 16 4 27 6 23 8 1 9 19 3 18 28 31 12 21 13 17 26 11 22 20 24 2 25 7 
0 15 29 30 14 10 5 16 4 27 6 23 8 1 9 19 3 18 28 31 12 21 13 17 26 11 22 20 24 2 25 7 
0 15 29 31 12 3 9 17 26 11 22 20 24 2 25 28 18 21 19 13 1 8 23 6 27 4 16 5 10 14 30 7 
0 15 29 30 14 10 5 16 4 27 6 23 8 1 9 19 3 18 28 31 12 21 13 17 26 11 22 20 24 2 25 7 
0 15 29 31 12 21 13 17 26 11 22 20 24 2 25 28 14 30 19 3 18 10 5 16 4 27 6 23 8 1 9 7 
0 15 29 31 12 21 13 17 26 11 22 20 24 1 14 28 4 3 19 9 2 30 23 6 27 18 16 5 10 25 8 7 
0 15 29 30 14 10 11 16 4 27 6 23 8 1 9 19 26 18 22 31 12 21 13 17 3 5 28 20 24 2 25 7 
0 15 30 14 10 5 16 4 27 6 23 8 1 9 19 3 18 28 25 29 31 12 21 13 17 26 11 22 20 24 2 7 
0 15 29 31 12 21 13 17 26 11 22 27 24 2 25 28 18 3 19 23 1 8 9 6 20 4 16 5 10 14 30 7 
0 15 29 31 26 17 13 21 12 11 22 20 24 2 25 28 18 3 19 9 1 8 23 6 27 4 16 5 10 14 30 7 
0 31 15 29 30 14 10 5 16 4 27 6 23 8 1 9 19 3 18 12 21 13 17 26 11 22 20 2 24 25 28 7 
0 15 29 31 12 21 13 17 16 4 27 6 23 8 1 9 19 3 18 28 25 2 24 20 22 11 26 5 10 14 30 7 
0 15 30 14 10 5 16 4 27 6 23 8 1 9 19 3 18 28 25 29 31 12 21 13 17 26 11 22 20 24 2 7 
0 15 29 30 14 10 5 16 4 27 6 23 8 1 9 19 3 18 28 31 12 21 13 17 26 11 22 20 24 2 25 7 
0 15 29 30 14 10 5 16 4 27 6 23 8 1 9 19 3 18 28 31 12 21 13 17 26 11 22 20 24 2 25 7 
0 15 29 30 14 10 5 16 4 27 6 23 8 1 9 19 3 18 28 31 12 21 13 17 26 11 22 20 24 2 25 7 
0 15 29 30 14 10 5 16 4 27 6 23 8 1 9 19 3 18 28 31 12 21 13 17 26 11 22 20 24 2 25 7 
0 15 29 31 12 11 26 17 13 21 22 20 24 2 25 28 18 3 19 30 14 10 5 16 4 27 6 23 8 1 9 7 
0 15 29 31 12 11 26 17 13 21 22 20 24 2 25 28 18 3 19 30 14 10 5 16 4 27 6 23 8 1 9 7 
0 15 29 31 12 21 13 17 26 11 22 20 24 2 25 8 23 6 27 4 16 5 10 14 30 19 3 18 28 1 9 7 
0 15 30 14 10 5 16 4 27 6 23 8 1 9 19 3 18 28 25 29 31 12 21 13 17 26 11 22 20 24 2 7 
0 15 30 14 10 5 16 4 27 6 23 8 1 9 19 3 18 28 25 29 31 12 21 13 17 11 26 22 20 24 2 7 
0 15 29 30 14 10 5 23 4 6 27 16 8 1 9 19 3 18 28 31 12 21 13 17 26 11 22 20 24 2 25 7 
0 15 30 14 10 5 16 4 27 6 23 8 1 9 19 3 18 28 25 29 31 12 21 13 17 26 11 22 20 24 2 7 
0 15 30 14 10 5 16 4 27 6 23 8 1 9 19 3 18 28 25 29 31 12 21 13 17 26 11 22 20 24 2 7 
0 15 30 14 10 5 16 4 27 6 23 8 1 9 19 3 18 28 25 29 31 12 21 13 17 26 11 22 20 24 2 7 
0 15 29 30 14 10 5 16 4 27 6 23 8 1 9 19 3 18 28 31 12 21 13 17 26 11 22 20 24 2 25 7 
0 15 29 31 12 21 13 17 26 11 22 20 28 2 25 24 6 3 19 4 27 18 23 8 1 9 16 5 10 14 30 7 
0 15 29 30 14 10 5 16 4 27 6 23 8 1 9 19 3 18 28 31 12 21 13 17 26 11 22 20 24 2 25 7 
0 15 29 31 12 21 13 17 16 4 27 6 23 8 1 9 19 3 18 28 25 2 24 20 22 11 26 5 10 14 30 7 
0 15 29 30 14 10 5 16 4 27 6 23 8 1 9 19 3 18 28 31 12 21 13 17 26 11 22 20 24 2 25 7 
0 15 29 31 12 21 13 17 26 28 22 20 25 2 24 11 18 3 19 30 14 10 5 16 4 27 6 23 8 1 9 7 
0 15 29 31 12 21 13 14 10 5 16 4 27 6 23 8 1 9 19 3 18 28 25 2 24 20 22 11 26 17 30 7 
0 15 29 31 12 21 13 14 10 5 16 4 27 6 23 8 1 9 19 3 18 28 25 2 24 20 22 11 26 17 30 7 
0 15 29 31 12 21 13 17 26 11 22 20 24 2 25 10 18 19 1 28 3 8 9 23 27 4 16 5 6 14 30 7 
0 15 29 31 12 21 13 17 26 11 22 20 5 10 14 30 19 3 18 28 25 2 24 16 4 27 6 23 8 1 9 7 
0 15 29 30 14 10 5 16 4 27 6 23 8 1 9 19 3 18 28 31 12 21 13 17 26 11 22 20 24 2 25 7 
0 15 29 31 12 21 13 17 26 11 22 20 24 2 25 6 10 1 4 9 3 8 23 18 27 19 16 5 28 14 30 7 
0 15 29 31 12 21 13 17 26 11 22 20 24 2 25 6 10 1 4 9 3 8 23 18 27 19 16 5 28 14 30 7 
0 15 29 31 12 21 13 17 26 11 22 20 24 2 25 6 10 1 4 9 3 8 23 18 27 19 16 5 28 14 30 7 
0 15 29 31 12 21 13 17 26 11 22 20 24 2 25 6 10 1 4 9 3 8 23 18 27 19 16 5 28 14 30 7 
0 15 29 30 14 10 5 16 4 27 6 23 8 1 9 19 3 18 28 31 12 21 13 17 26 11 22 20 24 2 25 7 
0 15 29 31 12 21 18 17 26 11 22 20 24 2 25 28 13 3 19 9 1 8 23 6 27 4 16 5 10 14 30 7 
0 15 28 25 2 24 20 22 11 26 17 13 21 12 31 29 18 3 19 30 14 10 5 16 4 27 6 23 8 1 9 7 
0 15 28 25 2 24 20 22 11 26 17 13 21 12 31 29 18 3 19 30 14 10 5 16 4 27 6 23 8 1 9 7 
0 15 29 31 12 21 13 17 26 11 25 2 24 20 22 28 18 3 19 30 14 10 5 16 4 27 6 23 8 1 9 7 
0 15 29 30 14 10 5 16 4 27 6 23 8 1 9 19 3 18 28 31 12 21 13 17 26 11 22 20 24 2 25 7 
0 15 29 31 12 21 13 17 26 11 22 20 24 28 25 2 18 10 19 30 14 3 5 16 4 27 6 23 8 1 9 7 
0 15 29 30 14 10 5 16 4 27 6 23 8 1 9 19 3 18 28 31 12 21 13 17 26 11 22 20 24 2 25 7 
0 15 29 30 14 10 5 16 4 27 6 23 8 1 9 19 3 18 28 31 12 21 13 17 26 11 22 20 24 2 25 7 
0 15 29 30 14 10 5 16 4 27 6 23 8 1 9 19 3 18 28 31 12 21 13 17 26 11 22 20 24 2 25 7 
0 15 29 31 12 21 22 17 26 11 13 20 24 2 25 28 18 3 19 9 1 8 23 6 27 4 16 5 10 14 30 7 
0 15 29 31 12 21 13 17 26 11 22 20 24 2 23 28 18 3 19 9 1 8 25 6 27 4 16 5 10 14 30 7 
0 15 30 14 10 5 16 4 27 6 23 8 1 9 19 3 18 28 25 29 31 12 21 13 17 26 11 22 20 24 2 7 
0 15 29 31 12 21 13 17 26 11 5 16 4 27 6 23 8 1 9 19 3 18 28 25 2 24 20 22 10 14 30 7 
0 15 29 30 14 10 5 16 4 27 6 23 8 1 9 19 3 18 28 31 12 21 13 17 26 11 22 20 24 2 25 7 
0 15 29 30 14 10 5 16 4 27 6 23 8 1 9 19 3 18 28 31 12 21 13 17 26 11 22 20 24 2 25 7 
0 25 2 24 20 22 11 26 17 13 21 12 31 29 15 28 18 3 19 9 1 8 23 6 27 4 16 5 10 14 30 7 
0 15 29 31 12 21 13 17 10 11 22 24 20 2 25 28 18 3 19 9 1 8 23 6 27 4 16 5 26 14 30 7 
0 15 29 30 14 10 5 16 4 27 6 23 8 1 9 19 3 18 28 31 12 21 13 17 26 11 22 20 24 2 25 7 
0 15 29 31 11 26 17 13 21 12 22 20 24 2 25 28 18 3 19 9 1 8 23 6 27 4 16 5 10 14 30 7 
0 15 29 30 14 10 5 16 4 27 6 23 8 1 9 19 3 18 28 31 12 21 13 17 26 11 22 20 24 2 25 7 
0 15 29 31 12 21 13 28 25 2 24 20 22 11 26 17 18 3 19 9 1 8 23 6 27 4 16 5 14 10 30 7 
0 15 29 30 14 10 5 16 4 27 6 23 8 1 9 19 3 18 28 31 12 21 13 17 26 11 22 20 24 2 25 7 
0 15 29 30 14 10 5 16 4 27 6 23 8 1 9 19 3 18 28 31 12 21 13 17 26 11 22 20 24 2 25 7 
0 15 29 30 14 10 5 16 4 27 6 23 8 1 9 19 3 18 28 31 12 21 13 17 26 11 22 20 24 2 25 7 
0 15 29 30 14 10 5 16 4 27 6 23 8 1 9 19 3 18 28 31 12 21 13 17 26 11 22 20 24 2 25 7 
0 15 29 31 12 21 13 17 26 11 22 20 5 16 4 27 6 23 8 1 9 19 3 18 28 25 2 24 10 14 30 7 
0 15 29 31 12 21 13 17 26 11 22 20 24 18 25 28 2 4 10 9 16 3 1 6 23 8 27 5 19 14 30 7 
0 15 30 29 14 10 5 16 4 27 6 23 8 1 9 19 3 18 28 31 12 21 13 17 26 11 22 20 24 2 25 7 
0 15 29 30 14 10 5 16 4 27 6 23 8 1 9 19 3 18 28 31 12 21 13 17 26 11 22 20 24 2 25 7 
0 15 29 31 12 21 13 17 26 11 22 20 24 2 9 25 18 3 19 23 1 8 28 6 27 4 16 5 10 14 30 7 
0 15 29 30 14 10 5 16 4 27 6 23 8 1 9 19 3 18 28 31 12 21 13 17 26 11 22 20 24 2 25 7 
0 15 29 31 12 21 13 17 26 2 24 20 22 11 25 28 18 3 19 30 14 10 5 16 4 27 6 23 8 1 9 7 
0 15 29 30 14 10 5 16 4 27 6 23 8 1 9 19 3 18 28 31 12 21 13 17 26 11 22 20 24 2 25 7 
0 15 29 30 14 10 5 16 4 27 11 26 17 13 21 12 31 28 18 3 19 9 1 8 23 6 22 20 24 2 25 7 
0 15 29 30 14 10 5 16 4 27 11 26 17 13 21 12 31 28 18 3 19 9 1 8 23 6 22 20 24 2 25 7 
0 15 29 31 12 21 13 17 26 11 4 16 5 10 14 30 19 3 18 28 25 2 24 20 22 27 6 23 8 1 9 7 
0 15 29 31 12 21 13 17 26 11 22 20 10 14 30 19 3 18 28 25 2 24 5 16 4 27 6 23 8 1 9 7 
0 15 30 14 10 5 16 4 27 6 23 8 1 9 19 3 18 28 25 29 31 12 21 13 17 26 11 24 20 22 2 7 
0 15 30 14 10 5 16 4 27 6 23 8 1 9 19 3 18 28 25 31 29 2 24 20 22 11 26 17 13 21 12 7 
0 15 29 31 12 21 13 17 26 11 22 20 24 1 25 28 4 3 19 9 2 8 27 6 23 18 16 5 10 14 30 7 
0 15 29 30 14 10 5 16 4 27 6 23 8 1 9 19 3 18 28 31 12 21 13 17 26 11 22 24 20 2 25 7 
0 15 29 31 12 24 20 22 11 26 17 13 21 2 25 28 18 3 19 9 1 8 23 6 27 4 16 5 10 14 30 7 
0 15 29 31 12 24 20 22 11 26 17 13 21 2 25 28 18 3 19 9 1 8 23 6 27 4 16 5 10 14 30 7 
0 15 29 30 14 10 5 16 4 27 6 23 8 1 9 19 3 18 28 31 12 21 13 17 26 11 22 20 24 2 25 7 
0 15 29 31 12 21 13 17 30 14 10 5 16 4 27 6 23 8 1 9 19 3 18 28 25 2 24 20 22 11 26 7 
0 15 29 31 12 21 13 17 26 11 22 20 24 2 25 14 10 5 16 4 27 6 23 8 1 9 19 3 18 28 30 7 
0 15 29 30 14 10 5 16 4 27 6 23 8 1 9 19 3 18 28 31 12 21 13 17 26 11 22 20 24 2 25 7 
0 15 29 31 12 21 13 17 26 11 22 20 24 2 25 28 8 23 6 27 4 16 5 10 14 30 19 3 18 1 9 7 
0 15 29 31 12 21 13 17 26 11 22 20 24 16 5 10 14 30 19 3 18 28 25 2 4 27 6 23 8 1 9 7 
0 15 29 31 12 21 13 17 26 11 22 20 24 2 25 28 14 3 19 30 18 10 5 16 4 27 6 23 8 1 9 7 
0 15 29 31 12 21 24 20 22 11 26 17 13 2 25 28 18 3 19 30 14 10 5 16 4 27 6 23 8 1 9 7 
0 15 29 31 12 21 24 20 22 11 26 17 13 2 25 28 18 3 19 30 14 10 5 16 4 27 6 23 8 1 9 7 
0 15 30 14 10 5 16 4 1 8 23 6 27 9 19 3 18 28 25 29 31 12 21 13 17 26 11 22 20 24 2 7 
0 15 20 31 12 21 13 17 26 11 22 29 24 2 25 28 18 3 19 9 1 8 23 6 27 4 16 5 10 14 30 7 
0 15 29 30 14 10 5 16 4 27 6 23 8 1 9 19 3 18 28 31 12 21 13 17 26 11 22 20 24 2 25 7 
0 15 29 30 14 10 5 16 4 27 6 23 8 1 9 19 3 18 28 31 12 21 13 17 26 11 22 20 24 2 25 7 
0 15 29 30 14 10 5 16 4 27 6 23 8 1 31 28 18 3 19 9 12 21 13 17 26 11 22 20 24 2 25 7 
0 15 29 30 14 10 5 16 4 27 6 23 8 1 9 19 3 18 28 31 12 21 13 17 26 11 22 20 24 2 25 7 
0 15 29 30 14 10 5 16 4 27 6 23 8 1 9 19 3 18 28 31 12 21 13 17 26 11 22 20 24 2 25 7 
0 15 29 30 14 10 5 16 4 27 6 23 8 1 9 19 3 18 28 31 12 21 13 17 26 11 22 20 24 2 25 7 
0 15 29 31 12 21 13 22 2 11 17 26 24 20 25 28 18 3 19 9 1 8 23 6 27 4 16 5 10 14 30 7 
0 15 29 31 12 21 13 17 6 27 4 16 5 10 14 30 19 3 18 28 25 2 24 20 22 11 26 23 8 1 9 7 
0 15 29 30 14 10 5 16 4 27 6 23 8 1 9 19 3 18 28 31 12 21 13 17 26 11 22 20 24 2 25 7 
0 15 29 30 14 10 5 16 4 27 6 23 8 1 9 19 3 18 28 31 12 21 13 17 26 11 22 20 24 2 25 7 
0 15 29 30 14 10 5 16 4 27 6 23 8 1 9 19 3 18 28 31 12 21 13 17 26 11 22 20 24 2 25 7 
0 15 29 30 14 10 5 16 4 27 6 23 8 1 9 19 3 18 28 31 12 21 13 17 26 11 22 20 24 2 25 7 
0 15 29 30 14 10 5 16 4 27 6 23 8 1 9 19 3 18 28 31 12 21 13 17 26 11 22 20 24 2 25 7 
0 15 29 30 14 10 5 16 4 27 6 23 8 1 9 19 3 18 28 31 12 21 13 17 26 11 22 20 24 2 25 7 
0 15 29 30 14 10 16 4 5 27 8 23 6 1 9 19 3 18 28 31 12 21 13 17 26 11 22 20 24 2 25 7 
0 15 29 30 14 10 5 16 4 27 6 23 8 1 9 19 3 18 28 31 12 21 13 17 26 11 22 20 24 2 25 7 
0 15 29 30 14 10 5 16 4 27 6 23 8 1 9 19 3 18 28 31 12 21 13 17 26 11 22 20 24 2 25 7 
0 15 29 30 14 10 5 16 4 27 6 23 8 1 9 19 3 18 28 31 12 21 13 17 26 11 22 20 24 2 25 7 
0 15 29 31 12 21 13 17 26 11 22 20 14 10 5 16 4 27 6 23 8 1 9 19 3 18 28 25 2 24 30 7 
0 15 29 30 14 10 5 16 4 27 6 23 8 1 9 19 3 18 28 31 25 2 24 20 22 11 26 17 13 21 12 7 
0 15 29 30 14 10 5 16 4 27 6 23 8 1 9 19 3 18 28 31 25 2 24 20 22 11 26 17 13 21 12 7 
0 15 29 30 14 10 5 16 4 27 6 23 8 1 9 19 3 18 28 31 12 21 13 17 26 11 22 20 24 2 25 7 
0 15 29 30 14 10 5 16 4 27 6 23 8 1 9 19 3 18 28 31 12 21 13 17 26 11 22 20 24 2 25 7 
0 15 29 30 14 10 5 16 4 27 6 23 8 1 9 19 3 18 28 31 12 21 2 24 20 22 11 26 17 13 25 7 
0 15 29 30 14 10 5 16 4 27 6 23 8 1 9 19 3 18 28 31 12 21 2 24 20 22 11 26 17 13 25 7 
0 15 29 31 12 21 13 25 2 24 20 22 11 26 17 28 18 3 19 9 1 8 23 6 27 4 16 5 10 14 30 7 
0 15 29 31 12 21 13 25 2 24 20 22 11 26 17 28 18 3 19 9 1 8 23 6 27 4 16 5 10 14 30 7 
0 15 29 31 12 21 13 17 26 11 25 20 24 18 22 28 2 3 19 30 14 10 5 16 4 27 6 23 8 1 9 7 
0 15 29 31 12 21 13 17 26 11 25 20 24 18 22 28 2 3 19 30 14 10 5 16 4 27 6 23 8 1 9 7 
0 15 29 31 12 21 13 17 26 11 25 20 24 18 22 28 2 3 19 30 14 10 5 16 4 27 6 23 8 1 9 7 
0 15 29 30 14 10 5 16 4 27 6 23 8 1 9 19 3 18 28 31 12 21 13 17 26 11 22 20 24 2 25 7 
0 15 29 30 14 10 5 16 4 27 6 23 8 1 9 19 3 18 28 31 12 21 13 26 17 11 22 20 24 2 25 7 
0 15 29 30 14 10 5 16 4 27 6 23 8 1 9 19 3 18 28 31 12 21 13 26 17 11 22 20 24 2 25 7 
0 15 29 31 12 21 13 17 26 11 2 20 24 22 18 28 25 3 19 30 14 10 5 16 4 27 6 23 8 1 9 7 
0 15 29 30 14 10 5 16 4 27 6 23 8 1 9 19 3 18 28 31 12 21 13 17 26 11 22 20 24 2 25 7 
0 15 29 31 12 21 13 17 20 11 22 26 24 1 25 28 18 3 19 9 2 8 23 6 27 4 16 5 10 14 30 7 
0 15 29 31 12 21 13 17 20 11 22 26 24 1 25 28 18 3 19 9 2 8 23 6 27 4 16 5 10 14 30 7 
0 15 29 31 12 21 13 17 20 11 22 26 24 1 25 28 18 3 19 9 2 8 23 6 27 4 16 5 10 14 30 7 
0 15 29 20 22 11 26 17 13 21 12 31 24 2 25 28 18 3 19 9 1 8 23 6 27 4 16 5 10 14 30 7 
0 15 29 30 14 10 5 16 4 27 6 23 8 1 9 19 3 18 28 31 12 21 13 17 26 11 22 20 24 2 25 7 
0 15 29 30 14 10 5 16 4 27 6 23 8 1 9 19 3 18 28 31 12 21 13 17 26 11 22 20 24 2 25 7 
0 15 29 31 12 21 3 17 26 11 22 20 1 2 25 28 18 13 19 9 24 8 23 6 27 4 16 5 10 14 30 7 
0 15 30 14 10 5 16 4 27 6 23 8 1 9 19 3 18 28 25 29 31 12 21 13 17 26 11 22 20 24 2 7 
0 15 29 30 14 10 5 16 4 27 6 23 8 1 9 19 3 18 28 31 12 21 13 17 26 11 22 20 24 2 25 7 
0 15 29 30 14 10 5 16 4 27 6 23 8 1 9 19 3 18 28 31 12 21 13 17 26 11 22 20 24 2 25 7 
0 15 29 31 12 21 13 17 26 11 19 20 24 22 25 28 18 2 3 30 14 10 5 16 4 27 6 23 8 1 9 7 
0 15 29 30 14 10 5 16 4 27 6 23 8 1 9 19 3 18 28 31 12 21 13 17 26 11 22 20 24 2 25 7 
0 15 29 31 12 21 13 17 26 11 22 20 24 2 4 27 6 23 8 1 9 19 3 14 30 18 28 25 16 5 10 7 
0 15 29 31 12 21 22 17 26 11 13 20 24 2 25 28 18 3 19 30 14 10 5 16 4 27 6 23 8 1 9 7 
0 14 30 29 15 10 5 16 4 27 6 23 8 1 9 19 3 18 28 31 12 21 13 17 26 11 22 20 24 2 25 7 
0 14 30 29 15 10 5 16 4 27 6 23 8 1 9 19 3 18 28 31 12 21 13 17 26 11 22 20 24 2 25 7 
0 4 19 30 14 10 5 16 15 11 6 23 8 1 9 29 3 18 28 31 12 21 13 17 20 27 22 26 24 2 25 7 
0 4 19 30 14 10 5 16 15 11 6 23 8 1 9 29 3 18 28 31 12 21 13 17 20 27 22 26 24 2 25 7 
0 4 19 30 14 10 5 16 15 11 6 23 8 1 9 29 3 18 28 31 12 21 13 17 20 27 22 26 24 2 25 7 
0 4 19 30 14 10 5 16 15 11 6 23 8 1 9 29 3 18 28 31 12 21 13 17 20 27 22 26 24 2 25 7 
0 4 19 30 14 10 5 16 15 11 6 23 8 1 9 29 3 18 28 31 12 21 13 17 20 27 22 26 24 2 25 7 
0 15 29 30 14 10 5 16 4 27 6 23 8 1 9 19 3 18 28 31 12 21 13 17 26 11 22 20 24 2 25 7 
0 15 29 30 14 10 5 16 4 27 6 23 8 1 9 19 3 18 28 31 12 21 13 17 26 11 22 20 24 2 25 7 
0 15 29 31 28 25 2 24 20 22 11 26 17 13 21 12 18 3 19 9 1 8 23 6 27 4 16 5 10 14 30 7 
0 15 29 30 14 10 5 16 4 27 6 23 8 1 9 19 3 18 28 31 12 21 13 17 26 11 22 20 24 2 25 7 
0 15 29 31 12 21 13 17 26 11 22 20 24 2 25 28 5 18 14 30 3 10 19 16 4 27 6 23 8 1 9 7 
0 15 29 30 14 10 5 16 4 27 6 23 8 1 9 19 3 18 28 31 12 21 13 17 26 11 22 20 24 2 25 7 
0 15 29 30 14 10 5 16 4 27 6 23 8 1 9 19 3 18 28 31 12 21 13 17 26 11 22 20 24 2 25 7 
0 15 29 31 12 2 24 20 22 11 26 17 13 21 25 28 18 3 19 30 14 10 5 16 4 27 6 23 8 1 9 7 
0 15 29 30 14 10 5 16 4 27 6 23 8 1 9 19 3 18 28 31 12 21 24 20 22 11 26 17 13 2 25 7 
0 15 29 30 14 10 5 16 4 27 6 23 8 1 9 19 3 18 28 31 12 21 13 17 26 11 22 20 24 2 25 7 
0 15 29 30 14 10 5 16 4 27 6 23 8 1 9 19 3 18 28 31 12 21 13 17 26 11 22 20 24 2 25 7 
0 15 29 30 14 10 5 16 4 27 6 23 8 1 9 19 3 18 28 31 12 21 13 17 26 11 22 20 24 2 25 7 
0 15 29 30 14 10 5 16 4 27 6 23 8 1 9 19 3 18 28 31 12 21 25 2 24 20 22 11 26 17 13 7 
0 15 29 30 14 10 5 16 4 27 6 23 8 1 9 19 3 18 28 31 12 21 13 17 26 11 22 20 24 2 25 7 
0 15 29 31 12 21 13 17 26 11 22 20 24 9 25 28 19 18 8 2 1 3 23 6 27 4 16 5 10 14 30 7 
0 15 30 14 10 5 16 4 27 6 23 8 1 9 19 3 18 28 25 29 31 12 21 13 17 26 11 22 20 24 2 7 
0 15 29 30 14 10 5 16 4 27 6 23 8 1 9 19 3 18 28 31 12 21 13 17 26 11 22 20 24 2 25 7 
0 15 29 30 14 10 5 16 4 27 6 1 8 23 9 19 3 18 28 31 12 21 13 17 26 11 22 20 24 2 25 7 
0 15 29 30 14 10 5 16 4 27 6 23 8 1 9 19 3 18 28 31 12 21 13 17 26 11 22 20 24 2 25 7 
0 15 30 14 10 5 16 4 27 6 23 8 1 9 19 3 18 28 25 29 31 12 21 13 17 26 11 22 20 24 2 7 
0 15 29 30 14 10 5 16 4 27 6 23 8 1 9 19 3 18 28 31 12 21 13 17 26 11 22 20 24 2 25 7 
0 15 29 30 14 10 5 16 4 27 6 23 8 1 9 19 3 18 28 31 12 21 13 17 26 11 22 20 24 2 25 7 
0 15 29 31 12 21 13 17 26 11 22 20 24 2 25 14 10 5 16 4 27 6 23 8 1 9 19 3 18 28 30 7 
0 15 29 31 12 21 13 17 26 11 22 20 24 2 25 14 10 5 16 4 27 6 23 8 1 9 19 3 18 28 30 7 
0 15 29 31 12 21 11 17 20 13 22 26 24 2 25 9 3 18 19 28 1 8 23 6 27 4 16 5 10 14 30 7 
0 15 29 30 14 10 5 16 4 27 6 23 8 1 9 19 3 18 28 31 12 21 13 17 26 11 22 20 24 2 25 7 
0 2 24 20 22 11 26 17 13 21 12 31 28 18 3 19 9 1 8 23 6 27 4 16 5 10 14 30 29 15 25 7 
0 2 24 20 22 11 26 17 13 21 12 31 28 18 3 19 9 1 8 23 6 27 4 16 5 10 14 30 29 15 25 7 
0 2 24 20 22 11 26 17 13 21 12 31 28 18 3 19 9 1 8 23 6 27 4 16 5 10 14 30 29 15 25 7 
0 15 29 31 12 21 13 17 26 11 19 20 2 24 25 28 18 3 1 30 14 10 5 16 4 27 6 23 8 9 22 7 
0 15 29 30 14 10 5 16 4 27 6 23 8 1 9 19 3 18 28 2 24 20 22 11 26 17 13 21 12 31 25 7 
0 15 29 31 12 21 13 17 26 11 2 20 24 18 25 28 22 4 19 9 1 8 23 6 27 3 16 5 10 14 30 7 
0 15 29 30 14 10 5 16 4 27 6 23 8 1 9 19 3 18 28 2 24 20 22 11 26 17 13 21 12 31 25 7 
0 15 29 30 14 10 5 16 4 27 6 23 8 1 9 19 3 31 28 18 12 21 13 17 26 11 22 20 24 2 25 7 
0 15 29 31 12 21 13 17 26 11 22 20 24 2 25 28 5 16 19 18 14 10 4 30 3 27 6 23 8 1 9 7 
0 15 29 30 14 31 28 18 3 19 9 1 8 23 6 27 4 16 5 10 12 21 13 17 26 11 22 20 24 2 25 7 
0 15 29 31 12 21 13 17 26 25 2 24 20 22 11 28 18 3 19 30 14 10 5 16 4 27 6 23 8 1 9 7 
0 15 30 14 10 5 16 4 27 6 23 8 1 9 19 3 18 28 25 29 2 24 20 22 11 26 17 13 21 12 31 7 
0 15 30 14 10 5 16 4 27 6 23 8 1 9 19 3 18 28 25 29 2 24 20 22 11 26 17 13 21 12 31 7 
0 15 30 14 10 5 16 4 27 6 23 8 1 9 19 3 18 28 25 29 2 24 20 22 11 26 17 13 21 12 31 7 
0 15 29 31 12 21 26 17 13 11 22 27 4 16 30 14 10 5 19 3 18 28 25 2 24 20 6 23 8 1 9 7 
0 15 29 31 12 21 26 17 13 11 22 27 4 16 30 14 10 5 19 3 18 28 25 2 24 20 6 23 8 1 9 7 
0 15 29 31 12 21 26 17 13 11 22 27 4 16 30 14 10 5 19 3 18 28 25 2 24 20 6 23 8 1 9 7 
0 15 29 31 12 21 26 17 13 11 22 27 4 16 30 14 10 5 19 3 18 28 25 2 24 20 6 23 8 1 9 7 
0 15 29 31 12 21 26 17 13 11 22 27 4 16 30 14 10 5 19 3 18 28 25 2 24 20 6 23 8 1 9 7 
0 15 29 30 14 10 5 16 4 27 6 23 8 1 9 19 3 18 28 31 12 21 13 17 26 11 22 20 24 2 25 7 
0 15 29 30 14 10 5 16 4 27 6 23 8 1 9 19 3 18 28 31 12 21 13 17 26 11 22 20 24 2 25 7 
0 15 29 31 12 21 13 17 26 16 4 27 6 23 8 1 9 19 3 18 28 25 2 24 20 22 11 5 10 14 30 7 
0 15 29 30 14 10 5 16 4 27 6 23 8 1 9 19 3 18 28 31 12 21 13 17 26 11 22 20 24 2 25 7 
0 15 29 31 12 21 13 14 30 19 3 18 28 25 2 24 20 22 11 26 17 10 5 16 4 27 6 23 8 1 9 7 
0 15 29 31 12 21 13 14 30 19 3 18 28 25 2 24 20 22 11 26 17 10 5 16 4 27 6 23 8 1 9 7 
0 15 29 30 14 10 5 16 4 27 6 23 8 1 9 19 3 18 28 31 12 25 2 24 20 22 11 26 17 13 21 7 
0 15 29 30 14 10 5 16 4 27 6 23 8 1 9 19 3 18 28 31 12 25 2 24 20 22 11 26 17 13 21 7 
0 15 29 30 14 10 5 9 1 8 23 6 27 4 16 19 3 18 28 31 12 21 13 17 26 11 22 20 24 2 25 7 
0 15 29 30 14 10 5 16 4 27 6 23 8 1 9 19 3 18 28 31 12 21 13 17 2 11 22 20 24 26 25 7 
0 15 29 31 12 21 13 17 24 11 22 20 28 2 25 26 14 30 19 3 18 10 5 16 4 27 6 23 8 1 9 7 
0 15 29 31 12 21 13 17 24 11 22 20 28 2 25 26 14 30 19 3 18 10 5 16 4 27 6 23 8 1 9 7 
0 15 29 31 12 21 13 17 24 11 22 20 28 2 25 26 14 30 19 3 18 10 5 16 4 27 6 23 8 1 9 7 
0 15 29 31 12 21 13 17 24 11 22 20 28 2 25 26 14 30 19 3 18 10 5 16 4 27 6 23 8 1 9 7 
0 15 29 31 12 21 13 17 2 11 25 20 24 26 22 28 18 3 19 9 1 8 23 6 27 4 16 5 10 14 30 7 
0 15 29 31 12 21 25 2 24 20 22 11 26 17 13 28 18 3 19 9 1 8 23 6 27 4 16 5 10 14 30 7 
0 15 29 31 12 21 25 2 24 20 22 11 26 17 13 28 18 3 19 9 1 8 23 6 27 4 16 5 10 14 30 7 
0 15 29 31 22 11 13 26 17 21 12 20 24 2 25 28 18 3 19 9 1 8 23 6 27 4 16 5 10 14 30 7 
0 15 29 30 14 10 5 16 4 27 6 23 8 1 9 19 3 18 28 31 12 21 13 17 26 11 22 20 24 2 25 7 
0 15 29 30 14 10 5 16 18 27 6 23 8 1 9 19 3 4 11 31 12 21 13 17 26 28 22 20 24 2 25 7 
0 15 29 30 14 10 5 16 18 27 6 23 8 1 9 19 3 4 11 31 12 21 13 17 26 28 22 20 24 2 25 7 
0 15 29 30 14 10 5 16 4 27 6 23 8 1 9 19 3 18 28 31 12 21 13 17 26 11 22 20 24 2 25 7 
0 15 29 30 14 10 5 16 4 27 6 23 8 1 9 19 3 18 28 31 12 21 13 17 26 11 22 20 24 2 25 7 
0 15 29 30 14 10 5 16 4 27 6 23 8 1 9 19 3 18 28 31 12 21 13 17 26 11 22 20 24 2 25 7 
0 15 29 30 14 10 5 16 4 27 6 23 8 1 9 19 3 18 28 31 12 21 13 17 26 11 22 20 24 2 25 7 
0 15 29 30 14 10 5 16 4 27 6 23 8 1 9 19 3 18 28 31 12 21 13 17 26 11 22 20 24 2 25 7 
0 15 29 30 14 10 5 16 4 27 6 23 8 1 9 19 3 18 28 31 12 21 13 17 26 11 22 20 24 2 25 7 
0 15 29 30 14 10 5 16 4 27 6 23 8 1 9 19 3 18 28 31 12 21 13 17 26 11 22 20 24 2 25 7 
0 15 29 30 14 10 5 16 4 27 6 23 8 1 9 19 3 18 28 31 12 21 13 17 26 11 22 20 24 2 25 7 
0 15 29 30 14 10 5 16 4 27 6 23 8 1 9 19 3 18 28 31 12 21 13 17 26 11 22 20 24 2 25 7 
0 15 29 30 14 10 5 16 4 27 6 23 8 1 9 19 3 18 28 31 12 21 13 17 26 11 22 20 24 2 25 7 
0 15 29 31 2 24 20 22 11 26 17 13 21 12 25 28 18 3 19 9 1 8 23 6 27 4 16 5 10 14 30 7 
0 15 29 30 14 10 5 16 4 27 6 23 8 1 9 19 3 18 28 31 12 21 13 17 26 11 22 20 24 2 25 7 
0 15 29 30 5 10 14 16 4 27 6 3 23 1 8 19 9 18 28 31 12 21 13 17 26 11 22 20 24 2 25 7 
0 15 29 30 5 10 14 16 4 27 6 3 23 1 8 19 9 18 28 31 12 21 13 17 26 11 22 20 24 2 25 7 
0 15 29 30 14 10 5 16 4 27 6 23 8 1 9 19 3 18 28 31 12 21 13 17 26 11 22 20 24 2 25 7 
0 15 29 31 12 21 13 17 3 11 22 20 2 24 23 18 28 26 19 9 1 8 25 6 27 4 16 5 10 14 30 7 
0 15 29 30 14 10 5 16 4 27 6 23 8 1 9 19 3 18 28 31 12 21 13 17 26 11 22 20 24 2 25 7 
0 15 29 31 12 16 5 10 14 30 19 3 18 28 25 2 24 20 22 26 17 13 21 9 1 8 23 6 27 4 11 7 
0 15 29 30 14 10 5 16 4 27 6 23 8 1 9 19 3 18 28 31 12 21 13 17 26 11 22 20 24 2 25 7 
0 15 29 30 14 10 5 31 4 16 6 23 8 1 9 19 3 18 28 27 12 21 13 26 17 11 22 20 24 2 25 7 
0 15 29 30 14 10 5 16 4 27 6 23 8 1 9 19 3 18 28 31 12 21 13 17 26 11 22 20 24 2 25 7 
0 15 29 31 11 26 17 13 21 12 22 20 24 2 25 28 18 3 19 9 1 8 23 6 27 4 16 5 10 14 30 7 
0 15 29 30 14 10 5 16 4 27 6 23 8 1 9 19 3 18 28 31 12 21 13 17 26 11 22 20 24 2 25 7 
0 15 29 30 14 10 5 16 4 27 6 23 8 1 9 19 3 18 28 31 12 21 13 17 26 11 22 20 24 2 25 7 
0 15 29 30 14 10 5 16 4 27 6 23 8 1 9 19 3 18 28 31 12 21 13 17 26 11 22 20 24 25 2 7 
0 15 29 30 14 10 5 16 4 27 6 23 8 1 9 19 3 18 28 31 12 21 13 17 26 11 22 20 24 2 25 7 
0 15 29 30 14 10 5 16 4 27 6 23 8 1 9 19 3 18 28 31 12 21 13 17 26 11 22 20 24 2 25 7 
0 15 29 30 14 10 5 16 4 27 6 23 8 1 9 19 3 18 28 31 12 25 2 24 20 22 11 26 17 13 21 7 
0 15 29 30 14 10 5 16 4 27 6 23 8 1 9 19 3 18 28 31 12 25 2 24 20 22 11 26 17 13 21 7 
0 15 29 30 14 10 5 16 4 27 6 23 8 1 9 19 3 18 28 31 12 25 2 24 20 22 11 26 17 13 21 7 
0 15 29 30 14 10 5 16 4 27 6 23 8 1 9 19 3 18 28 31 12 21 13 17 26 11 20 22 24 2 25 7 
0 15 29 30 14 10 5 16 4 27 6 23 8 1 9 19 3 18 28 31 12 21 13 17 26 11 22 20 24 2 25 7 
0 15 29 30 14 10 5 16 4 27 6 23 8 1 9 19 3 18 28 31 12 21 13 17 26 11 22 20 24 2 25 7 
0 15 29 31 12 21 13 17 2 18 22 20 24 26 25 28 11 3 19 30 14 10 5 16 4 27 6 23 8 1 9 7 
0 15 29 30 14 10 5 16 4 27 6 23 8 1 9 19 3 18 28 31 12 21 13 17 26 11 22 20 24 2 25 7 
0 15 29 31 12 21 13 17 26 11 9 20 24 8 25 28 18 3 19 22 1 2 23 6 27 4 16 5 10 14 30 7 
0 15 29 31 12 21 13 17 26 11 22 20 27 25 9 28 18 3 19 24 2 30 14 10 5 16 4 6 23 8 1 7 
0 15 29 31 12 21 13 17 26 11 22 20 27 25 9 28 18 3 19 24 2 30 14 10 5 16 4 6 23 8 1 7 
0 15 29 31 12 21 13 17 26 11 22 20 27 25 9 28 18 3 19 24 2 30 14 10 5 16 4 6 23 8 1 7 
0 15 29 31 12 21 13 17 26 11 22 20 27 25 9 28 18 3 19 24 2 30 14 10 5 16 4 6 23 8 1 7 
0 15 29 30 14 10 5 16 4 27 23 6 8 1 9 19 3 18 28 31 12 21 13 17 26 11 22 20 24 2 25 7 
0 15 29 31 12 21 13 17 26 11 22 23 6 27 4 16 5 10 14 20 24 2 25 28 18 3 19 9 1 8 30 7 
0 15 29 31 12 21 13 17 26 11 22 23 6 27 4 16 5 10 14 20 24 2 25 28 18 3 19 9 1 8 30 7 
0 15 29 31 12 21 13 17 26 11 22 20 24 2 25 30 18 3 19 9 4 8 23 6 5 1 16 27 10 14 28 7 
0 15 29 31 12 21 13 17 26 11 22 20 24 2 25 16 18 3 19 30 14 10 5 28 27 4 6 23 8 1 9 7 
0 15 29 30 14 10 5 16 4 27 6 23 8 1 9 19 3 18 28 31 12 21 13 17 26 11 22 20 24 2 25 7 
0 15 29 31 12 21 13 17 2 24 20 22 11 26 25 28 18 3 19 30 14 10 5 16 4 27 6 23 8 1 9 7 
0 15 29 30 14 10 5 16 4 27 6 23 8 1 9 19 3 18 28 31 12 21 13 17 26 11 22 20 24 2 25 7 
0 15 29 31 12 21 13 17 26 11 22 20 2 24 25 28 14 30 19 3 18 10 5 16 4 27 6 23 8 1 9 7 
0 15 29 30 14 10 5 16 4 27 6 23 17 13 21 12 31 28 18 3 19 9 1 8 26 11 22 20 24 2 25 7 
0 15 29 31 13 21 17 12 26 11 22 20 24 2 25 28 18 3 19 30 14 10 5 16 4 27 6 23 8 1 9 7 
0 15 29 31 13 21 17 12 26 11 22 20 24 2 25 28 18 3 19 30 14 10 5 16 4 27 6 23 8 1 9 7 
0 15 12 31 29 21 13 17 3 11 22 20 24 2 25 28 18 26 19 9 1 16 23 6 27 4 8 5 10 14 30 7 
0 15 29 31 13 21 17 12 26 11 22 20 24 2 25 28 18 3 19 30 14 10 5 16 4 27 6 23 8 1 9 7 
0 15 29 30 14 10 5 16 4 27 6 23 8 1 9 19 3 18 28 31 12 21 13 17 26 11 22 20 24 25 2 7 
0 15 29 31 12 21 13 25 2 24 20 22 11 26 17 28 18 3 19 30 14 10 5 16 4 27 6 23 8 1 9 7 
0 15 29 31 12 21 13 25 2 24 20 22 11 26 17 28 18 3 19 30 14 10 5 16 4 27 6 23 8 1 9 7 
0 15 29 31 12 21 25 2 24 20 22 11 26 17 13 28 18 3 19 9 1 8 23 6 27 4 16 5 10 14 30 7 
0 15 29 31 12 21 13 17 26 11 22 20 24 2 25 28 18 14 19 30 3 10 5 16 4 27 6 23 8 1 9 7 
0 15 29 31 12 21 13 17 26 11 22 20 24 2 25 28 18 14 19 30 3 10 5 16 4 27 6 23 8 1 9 7 
0 15 29 31 12 21 13 17 6 27 4 16 5 10 14 30 19 3 18 23 8 1 9 28 25 2 24 20 22 11 26 7 
0 15 29 31 12 21 13 17 26 11 22 20 24 2 28 16 18 5 19 30 14 10 3 25 4 27 6 23 8 1 9 7 
0 15 29 30 14 10 5 16 4 27 6 23 8 1 9 19 3 18 28 31 12 21 13 17 26 11 22 20 24 2 25 7 
0 15 29 30 14 10 5 16 4 27 6 23 8 1 9 19 3 18 28 31 12 21 13 17 26 11 22 20 24 2 25 7 
0 15 29 30 14 10 5 16 4 27 6 23 8 1 9 19 3 18 28 31 12 21 13 17 26 11 22 20 24 2 25 7 
0 15 29 30 14 10 5 16 4 27 6 23 8 1 9 19 3 18 28 31 12 21 13 17 26 11 22 20 24 2 25 7 
0 15 29 30 14 10 5 16 4 27 6 23 8 1 9 19 3 18 28 31 21 12 13 17 26 11 22 20 24 2 25 7 
0 15 29 26 12 21 13 31 17 11 22 20 24 2 25 28 18 3 19 30 14 10 5 16 4 27 6 23 8 1 9 7 
0 15 29 30 14 10 5 16 4 27 6 23 8 1 9 19 3 18 28 31 12 21 13 17 26 11 22 20 24 2 25 7 
0 15 29 30 14 10 5 16 4 27 6 23 8 1 9 19 3 18 28 31 12 21 13 17 26 11 22 20 24 2 25 7 
0 15 29 30 14 10 5 16 4 27 6 23 8 1 9 19 3 18 28 11 26 17 13 21 12 31 22 20 24 2 25 7 
0 15 29 30 14 10 5 16 4 27 6 23 8 1 9 19 3 18 28 31 12 21 13 17 26 11 22 20 24 2 25 7 
0 15 29 30 14 10 5 16 4 27 6 23 8 1 9 19 3 18 28 31 12 21 26 17 13 11 22 20 24 2 25 7 
0 15 29 30 14 10 5 16 4 27 6 23 8 1 9 19 3 18 28 31 12 21 13 17 26 11 22 20 24 2 25 7 
0 15 29 30 14 10 5 16 4 27 6 1 8 23 9 31 12 18 28 19 3 21 13 17 26 11 22 20 24 2 25 7 
0 15 29 30 14 10 5 16 4 27 6 23 8 1 9 19 3 18 28 31 12 21 13 17 26 11 22 20 24 2 25 7 
0 15 29 30 14 10 5 16 4 27 6 23 8 1 9 19 3 18 28 31 12 21 13 17 26 11 22 20 24 2 25 7 
0 15 29 30 14 10 5 16 4 27 6 23 8 1 9 19 3 18 28 31 12 21 13 17 26 11 22 20 24 2 25 7 
0 15 29 30 14 10 5 16 4 27 6 23 8 1 9 19 3 18 28 31 12 21 13 17 26 11 22 20 24 2 25 7 
0 15 29 30 14 10 5 16 4 27 6 23 8 1 9 19 3 18 28 31 12 21 13 17 26 11 22 20 24 2 25 7 
0 15 29 30 14 10 5 16 4 27 6 23 8 1 9 19 3 18 25 31 12 21 13 17 26 11 22 20 24 2 28 7 
0 15 25 2 24 20 22 11 26 17 13 21 12 31 29 28 18 3 19 30 14 10 5 16 4 27 6 23 8 1 9 7 
0 15 25 2 24 20 22 11 26 17 13 21 12 31 29 28 18 3 19 30 14 10 5 16 4 27 6 23 8 1 9 7 
0 15 29 31 12 21 13 17 26 11 22 20 24 2 27 28 18 3 4 6 25 19 30 5 10 14 16 23 8 1 9 7 
0 15 29 30 14 10 5 16 4 27 6 23 8 1 9 19 3 18 28 31 12 21 13 17 26 11 22 20 24 2 25 7 
0 15 29 31 12 21 13 16 5 10 14 30 19 3 18 28 25 2 24 20 22 11 26 17 4 27 23 6 8 1 9 7 
0 15 29 30 14 10 5 16 4 27 6 23 8 1 9 19 3 18 28 31 12 21 13 17 26 11 22 20 24 2 25 7 
0 15 29 30 14 10 5 16 4 27 6 23 8 1 9 19 3 18 28 31 12 21 13 17 26 11 22 20 24 2 25 7 
0 15 29 20 12 21 13 17 26 11 22 31 19 2 25 28 18 3 24 30 14 10 5 16 4 27 6 23 8 1 9 7 
0 15 29 20 12 21 13 17 26 11 22 31 19 2 25 28 18 3 24 30 14 10 5 16 4 27 6 23 8 1 9 7 
0 15 29 30 14 10 5 16 4 27 6 23 8 1 9 19 3 18 28 31 12 21 13 17 26 11 22 20 24 2 25 7 
0 15 29 31 12 22 13 17 26 11 21 20 24 2 25 28 18 3 19 9 1 8 23 5 16 4 27 6 10 14 30 7 
0 15 29 30 14 10 5 16 4 27 6 23 8 1 19 9 3 18 28 31 12 21 13 17 26 11 22 20 24 2 25 7 
0 15 29 31 12 21 13 17 26 8 22 20 11 25 2 28 18 3 19 9 1 24 23 6 27 4 16 5 10 14 30 7 
0 15 29 31 12 10 14 30 19 3 18 28 25 2 24 20 22 11 26 5 16 4 27 6 23 8 1 9 17 13 21 7 
0 15 29 31 12 21 13 17 26 30 19 3 18 28 25 2 24 20 22 11 14 10 5 16 4 27 6 23 8 1 9 7 
0 15 29 31 12 21 13 14 30 19 3 18 28 25 2 24 20 22 11 26 17 10 5 16 4 27 6 23 8 1 9 7 
0 15 29 31 12 21 13 14 30 19 3 18 28 25 2 24 20 22 11 26 17 10 5 16 4 27 6 23 8 1 9 7 
0 15 29 31 12 10 14 30 19 3 18 28 25 2 24 20 22 11 26 5 16 4 27 6 23 8 1 9 17 13 21 7 
0 15 29 31 12 21 13 17 24 20 22 25 2 26 11 28 19 3 18 30 14 10 5 16 4 27 6 23 8 1 9 7 
0 15 29 30 14 10 5 16 4 27 6 23 8 1 9 19 3 18 28 31 12 21 13 17 26 11 22 20 24 2 25 7 
0 15 29 31 12 21 22 17 20 11 13 24 26 2 25 28 18 3 19 30 14 10 5 16 4 27 6 23 8 1 9 7 
0 15 29 31 12 21 22 17 20 11 13 24 26 2 25 28 18 3 19 30 14 10 5 16 4 27 6 23 8 1 9 7 
0 15 29 31 12 21 13 17 26 11 22 20 24 2 14 30 19 3 18 28 25 10 5 16 4 27 6 23 8 1 9 7 
0 15 29 31 12 21 13 17 26 11 22 20 24 2 14 30 19 3 18 28 25 10 5 16 4 27 6 23 8 1 9 7 
0 15 29 31 12 21 13 25 2 24 20 22 11 26 17 28 18 3 19 30 14 10 5 16 4 27 6 23 8 1 9 7 
0 15 29 31 12 21 13 25 2 24 20 22 11 26 17 28 18 3 19 30 14 10 5 16 4 27 6 23 8 1 9 7 
0 15 29 31 12 21 13 25 2 24 20 22 11 26 17 28 18 3 19 30 14 10 5 16 4 27 6 23 8 1 9 7 
0 15 29 30 14 10 5 16 4 27 6 23 8 1 9 19 3 18 28 31 12 21 13 17 26 11 22 25 2 20 24 7 
0 15 29 30 14 10 5 16 4 27 6 23 8 1 9 19 3 18 28 31 12 21 13 25 2 24 20 22 11 26 17 7 
0 15 29 30 14 10 5 16 4 27 6 23 8 1 9 26 17 13 21 12 31 28 18 3 19 11 22 20 2 24 25 7 
0 15 29 30 14 10 5 16 4 27 6 23 8 1 9 19 3 18 28 31 12 21 13 25 2 24 20 22 11 26 17 7 
0 15 29 31 12 21 26 11 13 17 22 20 24 2 25 28 18 3 19 30 14 10 6 16 23 27 5 4 8 1 9 7 
0 15 29 31 12 21 13 17 26 30 19 3 18 28 25 2 24 20 22 11 14 10 5 16 4 27 6 23 8 1 9 7 
0 15 29 26 17 13 21 12 31 11 22 20 24 2 25 28 18 3 19 30 14 10 5 16 4 27 6 23 8 1 9 7 
0 15 29 30 14 10 5 16 4 27 6 21 8 1 9 19 3 13 28 31 12 23 18 17 26 11 22 20 24 2 25 7 
0 15 29 30 14 10 5 16 4 27 9 23 8 6 1 19 3 18 28 31 12 21 13 17 26 11 22 20 24 2 25 7 
0 15 29 30 14 10 5 16 4 27 6 23 8 1 9 19 3 18 28 31 12 21 13 17 22 11 26 20 24 2 25 7 
0 15 29 30 14 10 5 16 4 27 6 23 8 1 9 19 3 18 28 31 12 21 13 17 22 11 26 20 24 2 25 7 
0 15 29 31 12 21 13 27 4 16 5 10 14 30 19 3 11 22 20 24 2 25 28 18 26 17 6 23 8 1 9 7 
0 15 29 30 14 10 5 16 4 27 6 23 8 1 9 19 3 18 28 17 31 12 21 13 26 11 22 20 24 2 25 7 
0 15 29 30 14 10 5 16 4 27 6 23 8 1 9 19 3 18 28 17 31 12 21 13 26 11 22 20 24 2 25 7 
0 15 29 31 12 21 13 17 26 11 22 20 24 16 25 4 18 3 19 30 27 10 5 2 28 14 6 23 8 1 9 7 
0 15 29 31 12 21 13 17 20 11 18 26 24 2 25 28 22 3 19 30 14 10 5 16 4 27 6 23 8 1 9 7 
0 15 29 31 12 21 13 17 20 11 18 26 24 2 25 28 22 3 19 30 14 10 5 16 4 27 6 23 8 1 9 7 
0 15 29 31 12 21 13 17 20 11 18 26 24 2 25 28 22 3 19 30 14 10 5 16 4 27 6 23 8 1 9 7 
0 15 29 30 22 11 26 17 13 21 12 31 6 27 16 4 5 10 14 20 24 2 25 28 18 3 19 9 1 8 23 7 
0 15 29 31 12 21 13 17 20 11 18 26 24 2 25 28 22 3 19 9 1 8 23 6 27 4 16 5 10 14 30 7 
0 15 29 30 14 10 5 16 4 27 6 23 8 1 9 19 3 24 31 12 28 21 13 17 26 11 22 20 18 2 25 7 
0 15 29 30 14 10 5 16 4 27 6 23 8 1 9 19 3 24 31 12 28 21 13 17 26 11 22 20 18 2 25 7 
0 15 26 17 13 21 12 31 29 11 22 20 24 2 25 28 18 3 19 30 14 10 5 16 4 27 6 23 8 1 9 7 
0 15 29 30 14 10 5 16 12 27 25 2 24 20 22 11 26 17 13 21 31 18 6 19 3 4 23 1 8 9 28 7 
0 15 29 30 14 10 5 16 12 27 25 2 24 20 22 11 26 17 13 21 31 18 6 19 3 4 23 1 8 9 28 7 
0 15 29 31 12 21 13 17 26 11 22 19 18 20 25 28 24 3 2 30 14 10 5 16 4 27 6 23 8 1 9 7 
0 15 29 30 14 10 5 16 4 27 6 23 8 1 9 19 3 18 28 31 12 21 13 17 26 11 22 20 25 24 2 7 
0 15 29 30 14 10 5 16 4 1 8 23 6 27 9 19 3 18 28 31 12 21 13 17 26 11 22 20 24 2 25 7 
0 15 29 30 14 10 5 16 4 27 6 23 11 26 17 13 21 12 31 28 18 3 19 9 1 8 22 20 24 2 25 7 
0 15 29 30 14 10 5 16 4 27 6 23 8 1 9 19 3 18 28 2 12 21 13 17 26 11 22 20 24 31 25 7 
0 15 29 30 14 10 5 16 4 27 6 23 8 1 9 19 3 18 28 2 12 21 13 17 26 11 22 20 24 31 25 7 
0 15 29 30 14 10 5 16 4 27 6 23 8 1 9 19 3 18 28 2 12 21 13 17 26 11 22 20 24 31 25 7 
0 15 29 30 14 10 5 16 4 27 6 23 8 1 9 19 3 18 28 2 12 21 13 17 26 11 22 20 24 31 25 7 
0 15 29 30 14 10 5 16 4 27 6 23 8 1 9 19 3 18 28 2 12 21 13 17 26 11 22 20 24 31 25 7 
0 15 29 30 14 10 5 16 4 27 6 23 8 1 9 19 3 18 28 2 12 21 13 17 26 11 22 20 24 31 25 7 
0 15 29 30 14 10 5 16 4 27 6 23 8 1 9 19 3 18 28 2 12 21 13 17 26 11 22 20 24 31 25 7 
0 15 29 30 14 10 5 16 4 27 31 6 12 21 13 2 26 22 11 20 24 17 25 28 18 3 19 23 8 1 9 7 
0 15 29 30 14 10 5 16 4 27 6 23 8 1 9 19 3 18 28 2 12 21 13 17 26 11 22 20 24 31 25 7 
0 15 29 30 14 10 5 16 4 27 6 23 8 1 9 19 3 18 28 2 12 21 13 17 26 11 22 20 24 31 25 7 
0 15 29 30 14 10 5 16 4 27 6 23 8 1 9 19 3 18 28 31 12 21 13 17 26 11 22 20 24 2 25 7 
0 15 29 31 12 11 13 17 26 21 22 20 24 2 25 28 18 3 19 30 14 10 5 16 4 27 6 23 8 1 9 7 
0 15 29 31 12 11 13 17 26 21 22 20 24 2 25 28 18 3 19 30 14 10 5 16 4 27 6 23 8 1 9 7 
0 15 29 31 12 11 13 17 26 21 22 20 24 2 25 28 18 3 19 30 14 10 5 16 4 27 6 23 8 1 9 7 
0 15 29 30 14 10 5 31 16 28 6 4 12 21 13 17 26 11 22 23 27 19 9 8 3 18 1 25 2 24 20 7 
0 15 29 31 12 11 13 17 26 21 22 20 24 2 25 28 18 3 19 30 14 10 5 16 4 27 6 23 8 1 9 7 
0 15 29 31 12 11 13 17 26 21 22 20 24 2 25 28 18 3 19 30 14 10 5 16 4 27 6 23 8 1 9 7 
0 15 29 30 14 10 5 16 4 27 6 23 8 1 9 19 3 18 28 31 12 21 13 17 26 11 25 2 24 20 22 7 
0 15 29 30 14 10 5 16 4 27 6 23 8 1 9 19 3 18 28 31 12 21 13 17 26 11 22 2 20 25 24 7 
0 15 29 30 14 10 5 16 4 27 6 23 8 1 9 24 3 18 28 2 20 12 25 22 11 13 17 26 21 19 31 7 
0 15 29 30 14 10 5 16 4 17 6 31 27 21 13 12 26 11 22 23 8 1 9 19 3 18 28 25 2 24 20 7 
0 15 29 30 14 10 5 16 4 17 6 31 27 21 13 12 26 11 22 23 8 1 9 19 3 18 28 25 2 24 20 7 
0 15 29 30 14 10 5 16 4 27 6 31 12 21 13 2 26 11 22 20 24 17 25 28 18 3 19 23 8 1 9 7 
0 15 29 30 14 17 13 21 12 31 6 27 4 16 5 10 26 11 22 23 8 1 9 19 3 18 28 25 2 24 20 7 
0 15 29 30 14 17 13 21 12 31 6 27 4 16 5 10 26 11 22 23 8 1 9 19 3 18 28 25 2 24 20 7 
0 15 29 30 14 17 13 21 12 31 6 27 4 16 5 10 26 11 22 23 8 1 9 19 3 18 28 25 2 24 20 7 
0 15 29 30 14 10 5 16 4 27 6 23 8 1 9 19 3 18 28 31 12 21 13 17 22 11 26 25 2 24 20 7 
0 15 29 30 14 10 5 4 16 27 6 12 13 21 31 17 26 11 22 23 8 1 9 19 3 18 28 25 2 24 20 7 
0 15 29 30 14 4 16 5 10 27 6 31 12 21 13 17 26 11 22 23 8 1 9 19 3 18 28 20 24 2 25 7 
0 15 29 30 14 4 16 5 10 27 6 31 12 21 13 17 26 11 22 23 8 1 9 19 3 18 28 20 24 2 25 7 
0 15 29 30 14 4 16 5 10 27 6 31 12 21 13 17 26 11 22 23 8 1 9 19 3 18 28 20 24 2 25 7 
0 15 29 30 14 10 5 16 4 27 6 23 19 28 9 8 3 18 1 31 12 21 13 17 26 11 22 20 24 2 25 7 
0 15 29 30 14 10 5 16 4 27 6 23 8 1 9 19 3 18 28 31 12 21 13 17 26 11 22 24 20 2 25 7 
0 15 29 30 14 10 5 16 4 27 6 23 8 1 24 20 22 11 26 17 13 21 12 31 28 18 3 19 9 2 25 7 
0 15 29 30 14 10 5 16 4 27 6 31 12 21 13 17 26 11 22 23 8 1 9 19 3 18 28 24 20 2 25 7 
0 15 29 30 14 10 5 16 4 27 6 23 8 1 9 19 3 18 28 13 12 21 31 17 26 11 22 20 24 2 25 7 
0 17 13 21 12 25 28 18 3 19 9 1 15 29 30 14 10 5 16 4 27 6 31 26 11 22 20 24 2 8 23 7 
0 15 29 30 14 10 5 16 4 27 6 23 8 1 9 19 3 18 28 31 12 21 13 22 11 26 17 25 2 24 20 7 
0 15 29 30 14 10 5 16 4 27 6 23 8 1 9 19 3 18 28 31 12 21 13 22 11 26 17 25 2 24 20 7 
0 31 12 21 13 17 26 11 22 20 24 2 14 28 18 5 15 9 30 19 29 1 25 10 3 16 4 27 6 8 23 7 
0 15 29 30 14 10 5 16 4 27 6 23 8 1 9 19 3 18 28 31 12 21 13 22 11 26 17 25 2 24 20 7 
0 6 27 4 16 5 10 14 30 29 15 31 12 21 13 17 26 11 22 23 8 1 9 19 3 18 28 20 24 2 25 7 
0 6 27 4 16 5 10 14 30 29 15 31 12 21 13 17 26 11 22 23 8 1 9 19 3 18 28 20 24 2 25 7 
0 6 27 4 16 5 10 14 30 29 15 31 12 21 13 17 26 11 22 23 8 1 9 19 3 18 28 20 24 2 25 7 
0 6 27 4 16 5 10 14 30 29 15 31 12 21 13 17 26 11 22 23 8 1 9 19 3 18 28 20 24 2 25 7 
0 6 27 4 16 5 10 14 30 29 15 31 12 21 13 17 26 11 22 23 8 1 9 19 3 18 28 20 24 2 25 7 
0 6 27 4 16 5 10 14 30 29 15 31 12 21 17 13 26 11 22 23 8 1 9 19 24 2 25 28 18 3 20 7 
0 6 27 4 16 5 10 14 30 29 15 31 12 21 17 13 26 11 22 23 8 1 9 19 24 2 25 28 18 3 20 7 
0 31 12 21 13 17 27 6 23 8 1 9 19 3 18 28 25 2 24 20 22 11 26 4 16 5 10 14 30 29 15 7 
0 31 12 21 13 17 27 6 23 8 1 9 19 3 18 28 25 2 24 20 22 11 26 4 16 5 10 14 30 29 15 7 
0 31 12 21 13 17 26 11 22 20 24 2 25 28 18 3 19 9 1 15 29 30 14 10 5 16 4 27 6 23 8 7 
0 31 12 21 13 17 26 11 22 2 24 20 25 28 18 3 19 9 1 8 23 6 27 4 16 5 10 14 30 29 15 7 
0 31 12 21 13 17 26 11 22 2 24 20 25 28 18 3 19 9 1 8 23 6 27 4 16 5 10 14 30 29 15 7 
0 31 12 21 13 17 26 11 22 20 24 2 1 9 19 3 18 28 25 8 23 6 27 4 16 5 10 14 30 29 15 7 
0 31 12 21 13 17 26 11 22 20 24 2 25 28 18 3 19 9 1 15 29 30 14 5 10 6 4 27 16 8 23 7 
0 31 12 21 13 17 26 11 22 6 23 8 1 9 19 3 18 28 25 2 24 20 27 4 16 5 10 14 30 29 15 7 
0 31 12 21 13 17 26 11 22 20 24 2 25 28 18 3 19 16 1 5 30 6 27 10 9 8 4 14 23 29 15 7 
0 15 29 30 14 10 5 16 4 27 6 31 12 21 26 13 17 11 22 20 24 2 25 28 18 3 19 9 1 8 23 7 
0 31 12 21 13 17 26 11 22 20 24 2 16 4 27 6 23 8 1 9 19 3 18 28 25 5 10 14 30 29 15 7 
0 31 12 21 13 17 26 11 22 20 24 2 4 28 18 3 23 25 8 1 19 6 27 9 16 5 10 14 30 29 15 7 
0 31 12 21 13 17 26 11 22 20 24 2 4 28 18 3 23 25 8 1 19 6 27 9 16 5 10 14 30 29 15 7 
0 31 12 21 13 17 26 11 22 20 24 15 29 30 14 10 5 16 4 27 6 23 8 1 9 19 3 18 28 25 2 7 
0 31 12 21 13 17 26 11 22 20 24 2 25 28 18 3 14 9 1 8 23 6 10 4 16 5 27 19 30 29 15 7 
0 31 12 21 13 17 26 11 22 20 24 2 30 14 10 5 16 4 27 6 23 8 1 9 19 3 18 28 25 29 15 7 
0 31 12 21 13 17 26 11 22 20 24 2 30 14 10 5 16 4 27 6 23 8 1 9 19 3 18 28 25 29 15 7 
0 31 12 21 13 17 26 11 22 20 24 25 2 1 3 28 19 9 18 10 23 6 27 4 16 5 8 14 30 29 15 7 
0 31 12 21 13 17 26 11 22 20 24 2 6 23 8 1 9 19 3 18 28 25 27 4 16 5 10 14 30 29 15 7 
0 31 12 21 13 17 26 2 22 11 20 24 25 28 18 3 19 9 1 8 23 6 27 4 16 5 10 14 30 29 15 7 
0 31 12 21 13 17 9 11 22 20 24 2 6 28 18 3 19 26 1 25 23 8 27 4 16 5 10 14 30 29 15 7 
0 31 12 21 13 17 9 11 22 20 24 2 6 28 18 3 19 26 1 25 23 8 27 4 16 5 10 14 30 29 15 7 
0 31 12 21 13 17 26 11 22 20 24 14 10 5 16 4 27 6 23 8 1 9 19 3 18 28 25 2 30 29 15 7 
0 31 12 21 13 17 26 11 22 20 24 2 25 28 18 3 19 10 1 8 9 5 27 4 16 6 23 14 30 29 15 7 
0 31 12 21 13 17 26 11 22 5 16 4 27 6 23 8 1 9 19 3 18 28 25 2 24 20 10 14 30 29 15 7 
0 31 12 21 13 17 26 11 22 5 16 4 27 6 23 8 1 9 19 3 18 28 25 2 24 20 10 14 30 29 15 7 
0 31 12 21 13 17 26 11 22 5 16 4 27 6 23 8 1 9 19 3 18 28 25 2 24 20 10 14 30 29 15 7 
0 31 12 21 13 17 26 11 22 20 24 25 2 6 18 3 19 9 1 8 23 28 27 4 16 5 10 14 30 29 15 7 
0 31 12 21 13 17 26 11 22 20 24 2 25 28 18 3 9 14 8 1 23 6 27 4 16 5 10 19 30 29 15 7 
0 31 12 21 13 17 26 11 22 28 3 2 20 25 18 24 19 9 1 8 23 6 27 4 16 5 10 14 30 29 15 7 
0 31 12 21 13 17 26 11 22 2 24 20 25 18 9 3 19 28 1 8 23 6 27 4 16 5 10 14 30 29 15 7 
0 31 12 21 13 17 26 11 22 23 8 1 9 19 3 18 28 25 2 24 20 6 27 4 16 5 10 14 30 29 15 7 
0 31 12 21 13 17 26 22 11 20 24 2 25 1 6 3 19 9 28 8 15 18 16 4 27 5 10 14 23 29 30 7 
0 31 12 21 13 17 26 22 11 20 24 2 25 1 6 3 19 9 28 8 15 18 16 4 27 5 10 14 23 29 30 7 
0 31 12 21 13 17 26 22 11 20 24 2 25 1 6 3 19 9 28 8 15 18 16 4 27 5 10 14 23 29 30 7 
0 31 12 21 13 17 26 11 22 20 10 5 16 4 27 6 23 8 1 9 19 3 18 28 25 2 24 14 30 29 15 7 
0 31 12 21 13 17 26 11 22 20 24 2 25 28 18 3 19 9 1 10 5 16 4 27 6 23 8 14 30 29 15 7 
0 31 12 21 13 17 26 11 22 20 24 2 25 28 18 5 16 4 27 3 19 9 1 8 6 30 14 10 23 29 15 7 
0 31 12 21 13 17 26 11 22 20 24 2 25 29 30 14 10 5 16 4 27 6 23 8 1 9 19 3 18 28 15 7 
0 31 12 21 13 17 26 1 9 19 3 18 28 25 2 24 20 22 11 8 23 6 27 4 16 5 10 14 30 29 15 7 
0 31 12 21 13 17 26 28 25 2 24 20 22 11 18 3 19 9 1 8 23 6 27 4 16 5 10 14 30 29 15 7 
0 31 12 21 13 17 26 28 25 2 24 20 22 11 18 3 19 9 1 8 23 6 27 4 16 5 10 14 30 29 15 7 
0 31 12 21 13 17 26 28 25 2 24 20 22 11 18 3 19 9 1 8 23 6 27 4 16 5 10 14 30 29 15 7 
0 31 12 21 13 17 26 11 22 20 24 28 25 23 18 3 19 2 1 8 9 6 27 4 16 5 10 14 30 29 15 7 
0 31 12 21 13 17 26 11 22 20 24 28 25 23 18 3 19 2 1 8 9 6 27 4 16 5 10 14 30 29 15 7 
0 31 12 21 13 17 26 11 22 20 24 5 16 4 27 6 23 8 1 9 19 3 18 28 25 2 10 14 30 29 15 7 
0 31 12 21 13 17 26 11 22 20 24 5 16 4 27 6 23 8 1 9 19 3 18 28 25 2 10 14 30 29 15 7 
0 31 12 21 13 17 26 11 22 20 24 2 25 28 8 3 19 1 9 18 23 6 27 4 16 5 10 14 30 29 15 7 
0 31 12 21 13 17 26 11 22 28 24 2 25 9 18 3 19 20 1 8 23 6 27 4 16 5 10 14 30 29 15 7 
0 31 12 21 13 17 26 11 22 28 24 2 25 9 18 3 19 20 1 8 23 6 27 4 16 5 10 14 30 29 15 7 
0 31 12 21 13 17 26 11 22 20 24 2 25 28 16 9 4 3 1 6 23 8 27 19 18 5 10 14 30 29 15 7 
0 31 12 21 13 17 26 11 22 20 24 2 25 28 16 9 4 3 1 6 23 8 27 19 18 5 10 14 30 29 15 7 
0 31 12 21 13 17 26 11 22 20 24 2 25 28 16 9 4 3 1 6 23 8 27 19 18 5 10 14 30 29 15 7 
0 31 12 21 13 17 26 11 22 20 24 2 25 28 16 9 4 3 1 6 23 8 27 19 18 5 10 14 30 29 15 7 
0 31 12 21 13 17 26 11 22 6 23 8 1 9 19 3 18 28 25 2 24 20 27 4 16 5 10 14 30 29 15 7 
0 31 12 21 13 17 26 11 22 6 23 8 1 9 19 3 18 28 25 2 24 20 27 4 16 5 10 14 30 29 15 7 
0 31 12 21 13 17 26 11 22 25 24 2 20 28 18 3 19 9 1 8 23 6 27 4 16 5 10 14 30 29 15 7 
0 31 12 21 13 17 26 11 22 20 24 2 25 23 18 3 27 9 1 8 28 6 19 4 16 5 10 14 30 29 15 7 
0 31 12 21 13 17 26 11 22 20 24 2 25 18 28 3 19 6 9 8 23 1 27 4 16 5 10 14 30 29 15 7 
0 31 12 21 13 30 14 10 6 23 8 1 9 19 3 27 4 16 5 18 28 25 2 24 20 22 11 26 17 29 15 7 
0 31 12 21 13 17 26 11 22 28 2 24 8 20 18 3 19 9 1 25 23 6 27 4 16 5 10 14 30 29 15 7 
0 31 12 21 13 17 26 11 22 20 24 23 8 1 9 19 3 18 28 25 2 6 27 4 16 5 10 14 30 29 15 7 
0 31 12 21 11 26 17 13 22 20 24 2 25 28 18 3 19 9 1 8 23 6 27 4 16 5 10 14 30 29 15 7 
0 20 22 11 26 17 13 21 12 31 24 2 25 28 18 3 19 9 1 8 23 6 27 4 16 5 10 14 30 29 15 7 
0 20 22 11 26 17 13 21 12 31 24 2 25 28 18 3 19 9 1 8 23 6 27 4 16 5 10 14 30 29 15 7 
0 31 12 21 13 17 26 11 22 20 24 2 25 28 18 3 5 4 1 8 23 6 27 9 16 19 10 14 30 29 15 7 
0 31 12 21 13 17 26 11 22 20 24 2 25 28 18 3 5 4 1 8 23 6 27 9 16 19 10 14 30 29 15 7 
0 31 12 21 13 17 26 11 22 20 24 2 25 28 18 3 5 4 1 8 23 6 27 9 16 19 10 14 30 29 15 7 
0 31 12 21 13 17 26 11 22 20 24 2 25 28 18 3 5 4 1 8 23 6 27 9 16 19 10 14 30 29 15 7 
0 31 12 21 13 17 26 11 22 20 24 2 25 28 18 3 5 4 1 8 23 6 27 9 16 19 10 14 30 29 15 7 
0 31 12 21 13 17 26 11 22 20 24 2 15 28 18 3 19 9 1 8 23 6 27 4 16 5 10 14 30 29 25 7 
0 31 12 21 13 17 6 23 8 1 9 19 3 18 28 25 2 24 20 22 11 26 27 4 16 5 10 14 30 29 15 7 
0 31 12 21 13 17 26 11 22 18 24 2 25 28 6 3 19 9 8 4 23 20 27 1 16 5 10 14 30 29 15 7 
0 31 12 21 13 17 26 11 22 20 24 2 25 1 18 3 19 28 9 8 23 6 27 4 16 5 10 14 30 29 15 7 
0 31 12 21 13 26 17 11 22 28 24 2 18 25 20 3 19 9 1 8 23 6 27 4 16 5 10 14 30 29 15 7 
0 31 12 21 13 17 26 11 22 16 4 27 6 23 8 1 9 19 3 18 28 25 2 24 20 5 10 14 30 29 15 7 
0 31 12 21 13 17 26 11 22 20 24 2 25 23 8 1 9 19 3 18 28 6 27 4 16 5 10 14 30 29 15 7 
0 31 12 21 13 17 26 11 22 20 24 2 25 28 18 3 19 23 1 8 16 6 27 4 9 5 10 14 30 29 15 7 
0 28 25 2 24 20 22 11 26 17 13 21 12 31 18 3 19 9 1 8 23 6 27 4 16 5 10 14 30 29 15 7 
0 31 12 21 13 17 26 11 22 20 24 2 25 28 18 3 19 14 8 23 1 6 27 4 16 5 9 10 30 29 15 7 
0 31 12 21 13 17 26 11 22 27 24 2 25 28 18 3 19 9 1 8 20 6 23 4 16 5 10 14 30 29 15 7 
0 31 12 21 16 4 5 6 9 8 1 23 19 3 18 28 25 2 24 20 22 11 26 17 13 27 10 14 30 29 15 7 
0 31 12 21 13 17 26 11 22 20 10 5 16 4 27 6 23 8 1 9 19 3 18 28 25 2 24 14 30 29 15 7 
0 31 12 21 13 17 26 11 22 20 10 5 16 4 27 6 23 8 1 9 19 3 18 28 25 2 24 14 30 29 15 7 
0 31 12 21 13 17 26 11 23 8 1 9 19 3 18 28 25 2 24 20 22 6 27 4 16 5 10 14 30 29 15 7 
0 31 12 21 13 17 26 11 22 20 24 2 25 28 18 3 19 9 14 1 8 23 6 27 4 16 5 10 30 29 15 7 
0 31 12 21 13 17 26 11 22 20 24 2 19 28 18 3 25 9 1 8 23 6 27 4 16 5 10 14 30 29 15 7 
0 31 21 17 13 26 12 11 22 20 24 2 25 28 18 3 19 9 1 8 23 6 27 4 16 5 10 14 30 29 15 7 
0 31 12 21 13 17 26 11 22 20 24 2 25 9 18 23 8 28 1 19 3 6 27 4 16 5 10 14 30 29 15 7 
0 26 12 21 13 17 31 11 22 20 24 2 25 28 18 19 3 9 1 8 23 6 27 4 16 5 10 14 30 29 15 7 
0 26 12 21 13 17 31 11 22 20 24 2 25 28 18 19 3 9 1 8 23 6 27 4 16 5 10 14 30 29 15 7 
0 26 12 21 13 17 31 11 22 20 24 2 25 28 18 19 3 9 1 8 23 6 27 4 16 5 10 14 30 29 15 7 
0 31 12 21 13 17 26 11 22 24 25 2 20 28 18 3 19 9 1 8 23 6 27 4 16 5 10 14 30 29 15 7 
0 31 12 21 13 17 26 11 22 20 6 2 25 28 18 23 9 3 1 8 19 24 27 4 16 5 10 14 30 29 15 7 
0 31 12 21 13 17 26 11 22 20 6 2 25 28 18 23 9 3 1 8 19 24 27 4 16 5 10 14 30 29 15 7 
0 31 12 21 13 17 26 11 22 20 24 2 6 23 8 1 9 19 3 18 28 25 27 4 16 5 10 14 30 29 15 7 
0 31 12 21 13 17 5 16 4 27 6 23 8 1 9 19 3 18 28 25 2 24 20 22 11 26 10 14 30 29 15 7 
0 31 12 21 13 17 5 16 4 27 6 23 8 1 9 19 3 18 28 25 2 24 20 22 11 26 10 14 30 29 15 7 
0 31 12 21 13 17 5 16 4 27 6 23 8 1 9 19 3 18 28 25 2 24 20 22 11 26 10 14 30 29 15 7 
0 31 12 21 13 17 26 11 22 20 24 2 25 5 16 4 27 6 23 8 1 9 19 3 18 28 10 14 30 29 15 7 
0 31 12 21 13 17 26 11 22 20 24 2 25 28 18 3 19 9 1 5 16 4 27 6 23 8 10 14 30 15 29 7 
0 31 12 21 13 17 24 11 20 19 26 2 25 28 18 3 22 9 1 8 23 6 27 4 16 5 10 14 30 29 15 7 
0 31 12 21 13 17 24 11 20 19 26 2 25 28 18 3 22 9 1 8 23 6 27 4 16 5 10 14 30 29 15 7 
0 31 12 21 13 17 26 11 18 20 24 2 25 28 22 3 19 9 1 27 6 23 8 4 16 5 10 14 30 29 15 7 
0 31 12 21 13 17 19 11 22 20 9 28 24 2 18 3 26 25 1 8 23 6 27 4 16 5 10 14 30 29 15 7 
0 31 12 21 13 17 19 11 22 20 9 28 24 2 18 3 26 25 1 8 23 6 27 4 16 5 10 14 30 29 15 7 
0 31 12 21 13 17 19 11 22 20 9 28 24 2 18 3 26 25 1 8 23 6 27 4 16 5 10 14 30 29 15 7 
0 31 12 21 11 17 26 13 1 9 19 3 18 28 25 2 24 20 22 8 23 6 27 4 16 5 10 14 30 29 15 7 
0 31 12 21 13 17 26 11 22 20 24 2 25 28 18 10 5 16 4 27 6 23 8 1 9 19 3 14 30 29 15 7 
0 31 12 21 3 18 28 25 2 24 20 22 11 26 17 13 19 9 1 8 23 6 27 4 16 5 10 14 30 29 15 7 
0 31 12 21 13 17 26 4 27 6 23 8 1 9 19 3 18 28 25 2 24 20 22 11 16 5 10 14 30 29 15 7 
0 31 12 21 13 17 26 4 27 6 23 8 1 9 19 3 18 28 25 2 24 20 22 11 16 5 10 14 30 29 15 7 
0 31 12 21 13 17 26 11 28 24 18 2 25 20 22 3 19 9 1 8 23 6 27 4 16 5 10 14 30 29 15 7 
0 31 12 21 13 17 26 11 22 6 23 8 1 9 19 3 18 28 25 2 24 20 27 4 16 5 10 14 30 29 15 7 
0 31 12 21 13 17 26 11 22 20 24 2 25 28 23 3 19 9 1 8 18 6 27 4 16 5 10 14 30 29 15 7 
0 31 12 21 13 17 26 11 22 20 9 2 25 28 1 3 19 24 18 8 14 6 27 4 16 5 10 23 30 29 15 7 
0 31 12 21 13 24 20 22 11 26 17 2 25 28 18 3 19 9 1 8 23 6 27 4 16 5 10 14 30 29 15 7 
0 31 12 21 13 24 20 22 11 26 17 2 25 28 18 3 19 9 1 8 23 6 27 4 16 5 10 14 30 29 15 7 
0 31 12 21 13 22 11 26 17 20 24 2 25 28 18 3 19 9 1 8 23 6 27 4 16 5 10 14 30 29 15 7 
0 31 12 21 13 17 26 11 22 20 24 2 16 4 27 6 23 8 1 9 19 3 18 28 25 5 10 14 30 29 15 7 
0 31 12 21 13 17 26 11 22 20 24 2 16 4 27 6 23 8 1 9 19 3 18 28 25 5 10 14 30 29 15 7 
0 31 12 21 13 17 26 11 22 20 24 2 25 28 8 9 19 3 1 18 23 6 27 4 16 5 10 14 30 29 15 7 
0 31 12 21 13 17 26 11 22 20 24 2 25 28 8 9 19 3 1 18 23 6 27 4 16 5 10 14 30 29 15 7 
0 31 12 21 13 17 26 11 22 20 24 2 25 28 8 9 19 3 1 18 23 6 27 4 16 5 10 14 30 29 15 7 
0 31 12 21 13 17 26 11 22 20 24 2 25 28 18 3 19 9 16 4 27 6 23 8 1 5 10 14 30 29 15 7 
0 31 12 21 13 17 11 26 22 20 16 2 25 28 18 3 19 9 1 8 23 6 27 4 24 5 10 14 30 29 15 7 
0 31 12 21 13 17 26 11 22 20 4 27 6 23 8 1 9 19 3 18 28 25 2 24 16 5 10 14 30 29 15 7 
0 31 12 21 13 17 26 11 22 20 24 2 25 28 18 3 19 9 1 16 4 27 6 23 8 5 10 14 30 29 15 7 
0 31 19 21 13 24 26 11 9 2 17 20 25 28 18 3 12 22 1 8 23 6 27 4 16 5 10 14 30 29 15 7 
0 31 12 21 13 17 26 11 22 20 24 2 25 28 18 3 19 9 5 16 4 27 6 23 8 1 10 14 30 29 15 7 
0 31 12 21 13 17 26 11 22 20 24 2 16 4 27 6 23 8 1 9 19 3 18 28 25 5 10 14 30 29 15 7 
0 31 12 21 22 11 26 17 13 20 24 2 25 28 18 3 19 9 1 8 23 6 27 4 16 5 10 14 30 29 15 7 
0 31 12 21 22 11 26 17 13 20 24 2 25 28 18 3 19 9 1 8 23 6 27 4 16 5 10 14 30 29 15 7 
0 31 12 21 22 11 26 17 13 20 24 2 25 28 18 3 19 9 1 8 23 6 27 4 16 5 10 14 30 29 15 7 
0 31 12 21 13 17 29 30 14 10 5 16 4 27 6 23 8 1 9 19 3 18 28 25 2 24 20 22 11 26 15 7 
0 31 12 21 13 17 26 11 22 20 24 2 25 28 18 3 19 9 1 16 4 27 6 23 8 5 10 14 30 29 15 7 
0 31 12 21 13 17 26 11 22 20 24 2 16 4 27 6 23 8 1 9 19 3 18 28 25 5 10 14 30 29 15 7 
0 31 12 21 13 17 26 11 22 20 4 27 6 9 1 8 3 19 23 18 28 25 2 24 16 5 10 14 30 29 15 7 
0 31 12 21 13 17 26 11 22 20 24 2 25 28 6 3 4 9 1 18 23 30 10 19 16 5 27 14 8 29 15 7 
0 31 12 21 13 17 26 11 22 20 24 2 25 28 6 3 4 9 1 18 23 30 10 19 16 5 27 14 8 29 15 7 
0 31 12 21 13 17 1 11 25 26 24 2 22 28 18 3 19 9 20 8 23 6 27 4 16 5 10 14 30 29 15 7 
0 31 12 21 13 17 1 11 25 26 24 2 22 28 18 3 19 9 20 8 23 6 27 4 16 5 10 14 30 29 15 7 
0 31 12 21 13 17 1 11 25 26 24 2 22 28 18 3 19 9 20 8 23 6 27 4 16 5 10 14 30 29 15 7 
0 31 12 21 13 17 1 11 25 26 24 2 22 28 18 3 19 9 20 8 23 6 27 4 16 5 10 14 30 29 15 7 
0 31 12 21 13 17 26 11 22 15 29 30 14 10 5 16 4 27 6 23 8 1 9 19 3 18 28 25 2 24 20 7 
0 31 12 21 13 17 26 11 22 20 24 2 25 28 18 3 19 9 30 14 10 5 16 4 27 6 23 8 1 29 15 7 
0 31 12 21 20 17 13 11 22 26 24 2 25 28 18 3 19 9 1 8 23 6 27 4 16 5 10 14 30 29 15 7 
0 31 12 21 13 17 26 11 22 19 3 6 27 4 16 18 20 24 2 25 28 9 1 8 23 5 10 14 30 29 15 7 
0 31 12 21 13 17 26 11 22 20 24 2 25 28 18 3 19 9 1 14 8 27 6 5 16 4 23 10 30 29 15 7 
0 31 12 21 13 17 26 11 22 20 24 2 25 28 18 3 19 9 1 14 8 27 6 5 16 4 23 10 30 29 15 7 
0 31 12 21 13 17 26 11 22 20 24 2 25 28 18 3 19 9 1 14 8 27 6 5 16 4 23 10 30 29 15 7 
0 31 12 21 13 17 26 15 29 30 14 10 5 16 4 27 6 23 8 1 9 19 3 18 28 25 2 24 20 22 11 7 
0 31 12 21 13 17 26 15 29 30 14 10 5 16 4 27 6 23 8 1 9 19 3 18 28 25 2 24 20 22 11 7 
0 31 12 21 13 17 26 11 22 20 24 2 25 28 18 3 19 9 5 16 4 27 6 23 8 1 10 14 30 29 15 7 
0 31 12 21 13 17 26 11 22 20 24 2 25 28 18 3 19 9 1 15 29 30 14 10 5 16 4 27 6 23 8 7 
0 31 12 21 13 17 26 11 22 20 24 2 25 28 10 5 16 4 27 6 23 8 1 9 19 3 18 14 30 29 15 7 
0 31 12 21 13 17 26 11 22 20 24 2 25 28 10 5 16 4 27 6 23 8 1 9 19 3 18 14 30 29 15 7 
0 31 12 21 13 17 26 11 22 20 24 2 25 28 18 23 19 6 4 9 3 8 27 1 16 5 10 14 30 29 15 7 
0 31 12 21 13 17 26 11 22 20 24 15 29 30 14 10 5 16 4 27 6 23 8 1 9 19 3 18 28 25 2 7 
0 31 12 21 13 17 5 16 4 27 6 23 8 1 9 19 3 18 28 25 2 24 20 22 11 26 10 14 30 29 15 7 
0 31 12 21 13 17 26 11 22 20 24 15 29 30 14 10 5 16 4 27 6 23 8 1 9 19 3 18 28 25 2 7 
0 31 12 21 13 17 26 11 22 20 24 2 29 30 14 10 5 16 4 27 6 23 8 1 9 19 3 18 28 25 15 7 
0 31 12 21 13 17 26 11 22 20 24 2 25 28 18 3 19 9 5 16 4 27 6 23 8 1 10 14 30 29 15 7 
0 31 12 21 13 17 26 11 22 20 24 2 25 28 18 3 19 9 5 16 4 27 6 23 8 1 10 14 30 29 15 7 
0 31 12 21 13 17 26 11 22 20 24 2 25 28 18 3 19 9 1 5 8 23 6 27 4 16 10 14 30 29 15 7 
0 31 12 21 13 17 26 11 22 14 10 5 16 4 27 6 23 8 1 9 19 3 18 28 25 2 24 20 30 29 15 7 
0 31 12 21 13 17 26 11 22 20 24 2 25 28 18 3 19 9 1 14 10 5 16 4 27 6 23 8 30 29 15 7 
0 31 12 21 13 17 26 11 22 20 24 2 25 28 23 8 1 9 19 3 18 6 27 4 16 5 10 14 30 29 15 7 
0 31 12 21 13 17 26 11 22 20 24 2 25 28 23 8 1 9 19 3 18 6 27 4 16 5 10 14 30 29 15 7 
0 31 12 21 13 17 26 11 22 20 24 2 25 28 23 8 1 9 19 3 18 6 27 4 16 5 10 14 30 29 15 7 
0 31 12 21 13 17 26 11 22 20 24 2 25 28 18 3 19 9 10 5 16 4 27 6 23 8 1 14 30 29 15 7 
0 31 12 21 13 17 26 11 22 20 23 18 28 25 2 1 19 9 3 8 6 24 27 4 16 5 10 14 30 29 15 7 
0 31 12 21 13 17 26 11 22 20 23 18 28 25 2 1 19 9 3 8 6 24 27 4 16 5 10 14 30 29 15 7 
0 31 12 21 13 17 26 11 22 20 24 2 25 28 30 14 10 5 16 4 27 6 23 8 1 9 19 3 18 29 15 7 
0 31 12 21 13 17 26 11 22 20 24 2 25 28 18 3 19 9 1 10 5 16 4 27 6 23 8 14 30 29 15 7 
0 31 24 20 22 11 26 17 13 21 12 2 25 28 18 3 19 9 1 8 23 6 27 4 16 5 10 14 30 29 15 7 
0 31 24 20 22 11 26 17 13 21 12 2 25 28 18 3 19 9 1 8 23 6 27 4 16 5 10 14 30 29 15 7 
0 31 12 21 13 17 26 11 22 20 24 2 25 28 18 3 19 9 1 8 23 6 14 5 16 4 10 27 30 29 15 7 
0 31 12 21 13 17 26 11 22 20 24 2 25 28 18 3 19 9 1 8 23 6 14 5 16 4 10 27 30 29 15 7 
0 31 12 21 26 17 13 11 22 20 24 2 25 28 18 3 19 9 1 8 23 6 27 4 16 5 10 14 30 29 15 7 
0 31 12 21 13 17 26 11 22 20 24 2 25 28 18 3 19 9 1 8 23 6 14 5 16 4 10 27 30 29 15 7 
0 31 12 21 13 17 26 11 22 20 24 2 25 28 18 3 19 9 1 5 16 4 27 6 23 8 10 14 30 29 15 7 
0 31 12 21 13 17 26 11 22 20 24 2 25 19 18 3 1 9 28 8 23 6 27 4 16 5 10 14 30 29 15 7 
0 31 12 21 13 17 26 11 27 20 24 2 25 28 18 3 19 23 1 8 9 6 22 4 16 5 10 14 30 29 15 7 
0 31 12 21 13 17 26 11 22 20 24 2 23 9 18 28 19 3 1 8 25 6 27 4 16 5 10 14 30 29 15 7 
0 31 12 21 13 28 25 2 24 20 22 11 26 17 18 3 19 9 1 8 23 6 27 4 16 5 10 14 30 29 15 7 
0 31 12 21 13 17 26 11 22 20 24 2 25 28 18 3 1 10 19 8 23 6 27 4 16 5 9 14 30 29 15 7 
0 31 12 21 13 17 26 11 22 20 24 2 25 16 4 27 6 23 8 1 9 19 3 18 28 5 10 14 30 29 15 7 
0 31 12 21 13 17 3 11 22 20 2 24 25 9 18 26 28 19 1 8 23 6 27 4 16 5 10 14 30 29 15 7 
0 31 12 21 13 17 26 11 22 20 24 2 25 16 4 27 6 23 8 1 9 19 3 18 28 5 10 14 30 29 15 7 
0 31 12 21 13 17 26 11 22 20 24 2 25 8 1 9 19 3 18 28 23 6 27 4 16 5 10 14 30 29 15 7 
0 31 12 21 13 17 26 19 3 18 28 25 2 24 20 22 11 9 1 8 23 6 27 4 16 5 10 14 30 29 15 7 
0 31 12 21 13 17 23 8 1 9 19 3 18 28 25 2 24 20 22 11 26 6 27 4 16 5 10 14 30 29 15 7 
0 31 12 21 13 17 23 8 1 9 19 3 18 28 25 2 24 20 22 11 26 6 27 4 16 5 10 14 30 29 15 7 
0 31 12 21 13 17 23 8 1 9 19 3 18 28 25 2 24 20 22 11 26 6 27 4 16 5 10 14 30 29 15 7 
0 31 12 21 13 17 23 8 1 9 19 3 18 28 25 2 24 20 22 11 26 6 27 4 16 5 10 14 30 29 15 7 
0 31 12 21 13 17 26 11 22 25 24 2 20 28 18 3 19 9 1 8 23 6 27 4 16 5 10 14 30 29 15 7 
0 31 12 21 13 17 23 8 1 9 19 3 18 28 25 2 24 20 22 11 26 6 27 4 16 5 10 14 30 29 15 7 
0 31 12 21 13 17 26 11 22 20 24 2 25 6 18 9 19 8 1 3 23 28 27 4 16 5 10 14 30 29 15 7 
0 31 12 21 4 27 6 23 8 1 9 19 3 18 28 25 2 24 20 22 11 26 17 13 16 5 10 14 30 29 15 7 
0 31 12 18 28 25 2 24 20 22 11 26 17 13 21 3 19 9 1 8 23 6 27 4 16 5 10 14 30 29 15 7 
0 31 12 21 13 17 26 11 22 20 24 2 25 28 18 3 30 14 10 5 16 4 27 6 23 8 1 9 19 29 15 7 
0 31 12 11 21 17 26 13 22 20 24 2 25 28 18 3 19 9 1 8 23 6 27 4 16 5 10 14 30 29 15 7 
0 31 12 11 21 17 26 13 22 20 24 2 25 28 18 3 19 9 1 8 23 6 27 4 16 5 10 14 30 29 15 7 
0 31 12 11 21 17 26 13 22 20 24 2 25 28 18 3 19 9 1 8 23 6 27 4 16 5 10 14 30 29 15 7 
0 31 12 21 13 17 26 11 22 20 24 2 25 28 1 3 8 9 18 19 23 6 4 27 16 5 10 14 30 29 15 7 
0 31 12 21 13 17 26 11 22 5 16 4 27 6 23 8 1 9 19 3 18 28 25 2 24 20 10 14 30 29 15 7 
0 31 12 21 13 17 26 11 22 5 16 4 27 6 23 8 1 9 19 3 18 28 25 2 24 20 10 14 30 29 15 7 
0 31 12 21 11 26 17 13 22 20 24 2 25 28 18 3 19 9 1 8 23 6 27 4 16 5 10 14 30 29 15 7 
0 31 12 21 11 26 17 13 22 20 24 2 25 28 18 3 19 9 1 8 23 6 27 4 16 5 10 14 30 29 15 7 
0 31 12 21 11 26 17 13 22 20 24 2 25 28 18 3 19 9 1 8 23 6 27 4 16 5 10 14 30 29 15 7 
0 31 12 21 13 17 26 9 19 3 18 28 25 2 24 20 22 11 1 8 23 6 27 4 16 5 10 14 30 29 15 7 
0 31 12 21 13 17 26 11 22 2 24 20 25 28 18 3 19 9 1 8 23 6 27 4 16 5 10 14 30 29 15 7 
0 31 12 21 13 17 26 11 22 27 6 23 8 1 9 19 3 18 28 25 2 24 20 4 16 5 10 14 30 29 15 7 
0 31 12 21 13 17 26 11 22 20 30 14 10 5 16 4 27 6 23 8 1 9 19 3 18 28 25 2 24 29 15 7 
0 31 12 21 13 17 26 11 22 20 24 2 25 8 1 9 19 3 18 28 23 6 27 4 16 5 10 14 30 29 15 7 
0 31 12 21 13 17 26 11 22 20 24 2 25 8 1 9 19 3 18 28 23 6 27 4 16 5 10 14 30 29 15 7 
0 31 12 21 13 17 1 8 22 20 24 2 11 28 18 3 19 9 26 25 23 6 27 4 16 5 10 14 30 29 15 7 
0 31 12 21 13 17 26 11 22 20 24 2 25 28 18 3 19 5 16 9 1 8 23 6 27 4 10 14 30 29 15 7 
0 31 12 21 13 17 26 11 22 20 24 6 25 28 18 19 23 9 1 3 8 2 27 4 16 5 10 14 30 29 15 7 
0 31 12 21 13 17 26 11 22 20 24 6 25 28 18 19 23 9 1 3 8 2 27 4 16 5 10 14 30 29 15 7 
0 31 12 21 13 17 26 10 5 16 4 27 6 23 8 1 9 19 3 18 28 25 2 24 20 22 11 14 30 29 15 7 
0 31 12 21 13 17 26 10 5 16 4 27 6 23 8 1 9 19 3 18 28 25 2 24 20 22 11 14 30 29 15 7 
0 31 12 21 13 17 26 10 5 16 4 27 6 23 8 1 9 19 3 18 28 25 2 24 20 22 11 14 30 29 15 7 
0 31 12 21 13 17 26 11 22 20 24 2 25 28 18 3 19 9 1 14 23 6 27 4 16 5 10 8 30 29 15 7 
0 31 12 21 13 17 2 24 20 22 11 26 25 28 18 3 19 9 1 8 23 6 27 4 16 5 10 14 30 29 15 7 
0 31 12 21 13 17 26 11 22 20 24 2 25 28 18 3 19 5 16 9 1 8 23 6 27 4 10 14 30 29 15 7 
0 31 12 21 13 17 26 11 22 20 24 2 25 28 18 3 19 23 1 9 5 6 27 4 10 8 16 14 30 29 15 7 
0 31 12 21 13 17 26 11 4 27 6 23 8 1 9 19 3 18 28 25 2 24 20 22 16 5 10 14 30 29 15 7 
0 31 12 21 13 17 26 11 22 20 24 2 25 28 18 3 19 5 16 9 1 8 23 6 27 4 10 14 30 29 15 7 
0 31 12 21 3 18 28 25 2 24 20 22 11 26 17 13 19 9 1 8 23 6 27 4 16 5 10 14 30 29 15 7 
0 31 12 21 13 17 26 11 22 20 24 2 25 28 18 3 16 4 27 6 23 8 1 9 19 5 10 14 30 29 15 7 
0 31 12 21 13 17 26 11 22 20 24 2 25 28 18 3 19 9 1 8 23 6 27 10 14 5 4 16 30 29 15 7 
0 31 12 21 13 11 26 17 22 20 24 2 25 28 18 3 19 9 1 8 23 6 27 4 16 5 10 14 30 29 15 7 
0 31 12 21 13 17 26 11 22 5 16 4 27 6 23 8 1 9 19 3 18 28 25 2 24 20 10 14 30 29 15 7 
0 31 12 21 13 17 26 11 22 20 24 2 1 27 18 3 23 9 25 8 19 6 28 4 16 5 10 14 30 29 15 7 
0 31 12 21 13 17 26 11 22 9 24 2 25 28 19 3 18 20 1 8 23 6 27 4 16 5 10 14 30 29 15 7 
0 31 12 21 13 17 26 11 18 28 25 2 24 20 22 3 19 9 1 8 23 6 27 4 16 5 10 14 30 29 15 7 
0 31 12 21 13 17 26 29 30 14 10 5 16 4 27 6 23 8 1 9 19 3 18 28 25 2 24 20 22 11 15 7 
0 31 12 21 13 17 26 11 20 22 24 25 2 28 18 3 19 5 1 10 9 16 4 27 6 23 8 14 30 29 15 7 
0 31 12 21 13 17 26 11 22 20 24 2 25 28 15 29 30 14 10 5 16 4 27 6 23 8 1 9 19 3 18 7 
0 31 12 21 13 17 26 11 22 20 24 2 25 28 15 29 30 14 10 5 16 4 27 6 23 8 1 9 19 3 18 7 
0 31 12 16 4 27 6 23 8 1 9 19 3 18 28 25 2 24 20 22 11 26 17 13 21 5 10 14 30 29 15 7 
0 31 12 21 13 17 26 11 22 20 14 10 5 16 4 27 6 23 8 1 9 19 3 18 28 25 2 24 30 29 15 7 
0 31 12 21 13 17 26 11 22 20 24 2 25 28 18 3 19 10 5 16 4 27 6 23 8 1 9 14 30 29 15 7 
0 31 12 21 13 17 26 11 22 20 24 2 25 28 18 3 19 10 5 9 1 8 23 6 27 4 16 14 30 29 15 7 
0 31 12 21 13 17 26 11 22 20 24 2 25 28 18 3 19 10 5 9 1 8 23 6 27 4 16 14 30 29 15 7 
0 31 12 21 13 17 26 11 22 20 24 2 25 28 18 3 10 5 1 8 30 6 14 4 27 23 19 16 9 29 15 7 
0 31 12 21 13 17 26 11 22 20 24 2 25 28 18 3 10 5 1 19 9 8 23 6 27 4 16 14 30 29 15 7 
0 31 12 21 13 17 26 11 22 20 24 2 25 28 8 27 1 4 19 18 23 9 3 6 16 5 10 14 30 29 15 7 
0 31 12 21 13 17 26 11 22 20 24 2 25 28 18 3 19 9 1 10 5 8 23 6 27 4 16 14 30 29 15 7 
0 31 12 21 13 17 26 11 22 20 24 2 25 28 18 3 19 9 1 10 5 16 4 27 6 23 8 14 30 29 15 7 
0 31 12 21 13 17 26 11 22 20 24 2 25 5 8 3 19 9 23 18 28 6 27 4 16 1 10 14 30 29 15 7 
0 31 12 21 13 17 26 11 22 20 24 2 25 28 18 3 23 9 1 19 8 6 10 5 16 4 27 14 30 29 15 7 
0 31 12 21 13 17 26 11 22 20 24 2 25 28 18 3 23 9 1 19 8 6 10 5 16 4 27 14 30 29 15 7 
0 31 12 21 13 17 26 11 22 20 24 2 25 28 18 3 19 6 16 14 9 1 27 4 23 5 10 8 30 29 15 7 
0 31 12 21 13 17 26 11 22 20 24 2 25 3 28 18 19 9 1 8 23 6 27 4 16 5 10 14 30 29 15 7 
0 31 12 21 13 17 26 11 22 20 24 2 25 28 18 3 19 9 1 14 10 5 16 4 27 6 23 8 30 29 15 7 
0 31 12 21 13 17 26 11 18 20 24 2 25 28 8 3 19 9 1 22 23 6 27 4 16 5 10 14 30 29 15 7 
0 31 12 21 13 17 26 11 22 20 24 2 25 28 18 3 19 9 1 14 23 4 27 16 6 5 10 8 30 29 15 7 
0 31 12 21 13 17 26 25 2 24 20 22 11 28 18 3 19 9 1 8 23 6 27 4 16 5 10 14 30 29 15 7 
0 31 12 21 13 18 28 25 2 24 20 22 11 26 17 3 19 9 1 8 23 6 27 4 16 5 10 14 30 29 15 7 
0 31 12 21 13 18 28 25 2 24 20 22 11 26 17 3 19 9 1 8 23 6 27 4 16 5 10 14 30 29 15 7 
0 31 12 21 13 17 26 11 22 20 24 2 25 28 18 3 19 9 5 23 8 10 27 4 16 1 6 14 30 29 15 7 
0 31 12 21 13 17 26 11 22 20 24 2 25 28 18 3 19 9 5 23 8 10 27 4 16 1 6 14 30 29 15 7 
0 31 12 21 13 17 26 11 22 20 24 2 25 28 18 3 19 9 5 23 8 10 27 4 16 1 6 14 30 29 15 7 
0 31 12 21 13 17 26 11 22 9 24 2 25 28 18 3 19 20 1 6 23 8 27 4 16 5 10 14 30 29 15 7 
0 31 12 21 13 17 26 2 20 11 24 22 25 28 18 3 19 9 1 8 23 6 27 4 16 5 10 14 30 29 15 7 
0 31 2 24 20 22 11 26 17 13 21 12 25 28 18 3 19 9 1 8 23 6 27 4 16 5 10 14 30 29 15 7 
0 31 12 21 13 17 26 11 22 20 8 9 19 23 18 3 25 2 24 1 28 6 27 4 16 5 10 14 30 15 29 7 
0 31 12 21 13 17 26 11 22 20 8 9 19 23 18 3 25 2 24 1 28 6 27 4 16 5 10 14 30 15 29 7 
0 31 12 21 13 17 26 11 22 20 8 9 19 23 18 3 25 2 24 28 1 6 27 4 16 5 10 14 30 29 15 7 
0 31 12 21 13 17 26 11 22 20 8 9 19 23 18 3 25 2 24 28 1 6 27 4 16 5 10 14 30 29 15 7 
0 31 12 21 13 17 26 11 22 20 8 9 19 23 18 3 25 2 24 28 1 6 27 4 16 5 10 14 30 29 15 7 
0 31 12 21 11 17 13 26 22 20 24 2 25 28 18 3 19 9 1 8 23 6 27 4 16 5 10 14 30 29 15 7 
0 31 12 21 11 17 13 26 22 20 24 2 25 28 18 3 19 9 1 8 23 6 27 4 16 5 10 14 30 29 15 7 
0 31 12 21 13 17 26 11 23 8 1 9 19 3 18 28 25 2 24 20 22 6 27 4 16 5 10 14 30 29 15 7 
0 31 12 21 13 17 26 11 22 20 24 2 25 28 18 14 10 5 16 4 27 6 23 8 1 9 19 3 30 29 15 7 
0 31 12 21 13 17 26 11 22 20 24 2 25 28 18 3 10 5 16 4 27 6 23 8 1 9 19 14 30 29 15 7 
0 31 12 21 13 17 26 11 22 20 24 2 25 28 18 3 10 9 1 19 8 23 6 27 4 16 5 14 30 29 15 7 
0 31 12 3 18 28 25 2 24 20 22 11 26 17 13 21 19 9 1 8 23 6 27 4 16 5 10 14 30 29 15 7 
0 31 12 21 13 17 26 11 22 20 8 28 2 25 18 3 19 1 9 24 23 6 27 4 16 5 10 14 30 29 15 7 
0 31 12 21 13 17 26 11 22 20 24 2 25 28 18 30 14 10 5 16 4 27 6 23 8 1 9 19 3 29 15 7 
0 31 13 21 12 17 26 11 22 20 24 2 25 28 18 3 19 9 1 8 23 6 27 4 16 5 10 14 30 29 15 7 
0 31 12 21 13 17 26 11 22 20 24 2 8 1 9 19 3 18 28 25 23 6 27 4 16 5 10 14 30 29 15 7 
