0 23 3 14 9 5 12 30 19 16 25 17 21 31 7 29 8 28 1 13 27 6 20 10 26 24 11 22 4 18 2 15 
0 28 16 23 7 31 20 6 21 11 26 12 1 14 18 3 25 8 5 2 15 10 24 30 13 27 4 22 19 9 17 29 
0 11 25 19 17 15 1 12 22 6 7 28 10 27 5 3 30 13 29 9 8 23 31 21 18 24 14 2 16 26 4 20 
0 9 3 30 4 8 23 15 29 7 24 2 26 13 10 16 11 25 19 6 18 1 21 5 31 20 28 27 12 22 14 17 
0 9 3 30 4 8 23 15 29 7 24 2 26 13 10 16 11 25 19 6 18 1 21 5 31 20 28 27 12 22 14 17 
0 17 12 23 31 3 30 22 1 10 2 9 4 14 19 13 29 21 28 11 24 8 27 6 26 5 20 18 16 7 15 25 
0 17 12 23 31 3 30 22 1 10 2 9 4 14 19 13 29 21 28 11 24 8 27 6 26 5 20 18 16 7 15 25 
0 6 13 27 1 23 7 18 24 15 4 19 10 14 21 28 11 22 20 26 8 17 31 9 30 5 12 25 16 2 3 29 
0 28 31 19 20 12 8 26 24 27 10 17 29 16 5 3 9 18 6 11 23 22 14 1 21 13 7 30 2 15 4 25 
0 2 17 9 10 22 15 13 11 25 30 19 18 7 4 5 3 14 1 21 6 20 31 24 28 12 8 26 23 16 27 29 
0 6 17 29 23 24 10 3 11 14 8 5 16 9 25 18 22 27 26 31 30 12 15 21 13 19 1 7 2 28 4 20 
0 6 17 29 23 24 10 3 11 14 8 5 16 9 25 18 22 27 26 31 30 12 15 21 13 19 1 7 2 28 4 20 
0 29 28 4 16 15 19 27 8 9 3 30 20 25 21 13 14 23 17 26 12 5 6 24 2 31 1 10 18 11 7 22 
0 29 28 4 16 15 19 27 8 9 14 23 17 7 13 21 20 25 30 2 6 3 22 18 10 24 11 5 26 31 12 1 
0 2 12 28 31 7 3 8 6 24 18 15 13 14 5 10 16 19 29 4 20 11 21 30 25 23 22 17 26 27 9 1 
0 2 12 28 31 7 3 8 6 24 18 15 13 14 5 10 16 19 29 4 20 11 21 30 25 23 22 17 26 27 9 1 
0 7 30 31 27 2 9 8 14 15 18 11 16 19 20 23 13 25 1 12 10 26 4 3 6 21 29 22 28 24 17 5 
0 7 30 31 27 2 9 8 14 15 18 11 16 19 20 23 13 25 1 12 10 26 4 3 6 21 29 22 28 24 17 5 
0 5 12 10 6 13 23 22 19 21 27 15 17 11 26 29 28 4 7 3 8 14 20 16 2 30 25 1 9 24 18 31 
0 3 1 7 6 10 11 8 9 17 19 20 24 29 13 16 21 14 23 5 12 18 4 28 26 15 27 22 31 2 30 25 
0 3 1 7 6 10 11 8 9 17 19 20 24 29 13 16 21 14 23 5 12 18 4 28 26 15 27 22 31 2 30 25 
0 3 1 7 6 10 11 8 9 17 19 20 24 29 13 16 21 14 23 5 12 18 4 28 26 15 27 22 31 2 30 25 
0 3 1 7 6 10 29 24 20 21 16 13 11 8 9 17 19 14 23 4 12 15 5 25 30 18 27 31 28 26 22 2 
0 3 1 7 6 10 29 24 20 21 16 13 11 8 9 17 19 14 23 4 12 15 5 25 30 18 27 31 28 26 22 2 
0 3 1 7 6 10 11 8 9 17 19 14 21 16 13 29 24 20 23 12 28 27 30 22 31 5 4 15 18 25 26 2 
0 3 1 7 6 10 11 8 9 17 13 5 12 21 4 31 30 28 26 29 19 24 16 20 14 23 27 15 18 22 25 2 
0 4 3 8 13 14 20 12 5 2 21 16 15 11 10 6 29 25 30 1 24 19 17 9 7 23 22 18 31 26 27 28 
0 4 3 8 13 14 20 12 5 2 21 16 15 11 10 6 29 25 30 1 24 19 17 9 7 23 22 18 31 26 27 28 
0 3 1 29 24 20 19 17 21 13 16 7 6 10 11 8 9 14 23 4 12 5 2 15 25 30 22 18 31 26 27 28 
0 3 1 29 24 20 19 17 21 13 16 7 6 10 11 8 9 14 23 4 12 5 2 15 25 30 22 18 31 26 27 28 
0 3 1 29 24 20 19 17 9 8 11 10 6 7 13 16 21 14 23 27 4 5 12 15 26 25 28 30 31 18 22 2 
0 3 1 29 24 20 19 16 13 7 6 10 11 8 9 17 21 14 23 30 27 31 28 2 15 25 26 18 12 22 4 5 
0 3 1 29 24 20 19 17 9 8 11 10 6 7 14 16 5 21 23 13 15 18 25 22 4 12 31 26 27 28 30 2 
0 3 1 29 24 20 19 17 9 8 11 10 6 7 13 16 14 21 23 31 4 5 12 25 18 22 15 30 28 26 27 2 
0 3 1 29 24 11 19 17 9 8 20 10 6 7 13 16 14 21 23 22 25 18 15 12 4 5 31 26 27 28 30 2 
0 3 1 29 24 20 19 17 9 8 11 10 6 7 27 28 14 21 23 22 13 30 16 25 26 18 15 12 5 4 2 31 
0 3 1 29 24 11 19 17 9 8 20 10 6 7 13 16 14 21 23 22 25 18 15 12 4 5 31 26 27 28 30 2 
0 3 1 29 24 20 19 17 9 8 11 10 6 7 13 16 14 21 12 22 25 23 15 28 5 4 31 30 18 26 27 2 
0 3 1 29 24 20 19 17 9 8 11 10 6 7 13 16 14 21 23 5 12 27 26 28 30 25 22 18 15 4 2 31 
0 3 2 4 5 12 18 22 25 30 28 27 26 17 20 19 24 29 23 1 9 8 11 10 6 7 13 14 16 21 15 31 
0 3 2 4 5 12 18 22 25 30 28 27 26 17 20 19 24 29 23 1 9 8 11 10 6 7 13 14 16 21 15 31 
0 3 1 29 24 20 19 17 9 8 11 10 6 7 5 12 25 30 28 13 16 14 21 23 26 27 22 18 15 4 2 31 
0 3 1 29 24 20 19 17 10 8 9 7 6 11 13 16 14 21 23 5 12 25 30 28 26 27 22 18 15 4 2 31 
0 3 1 29 24 20 19 17 9 8 7 10 6 11 13 14 16 21 23 26 27 28 4 25 15 18 22 12 5 30 2 31 
0 3 1 29 24 20 19 17 9 8 7 10 6 11 13 14 16 21 23 26 27 28 4 25 15 18 22 12 5 30 2 31 
0 3 1 29 24 20 19 17 14 10 9 7 6 11 13 16 8 21 22 30 15 28 26 25 23 18 27 12 5 4 2 31 
0 3 1 29 24 20 19 17 14 10 9 7 6 11 13 16 8 21 22 30 15 28 26 25 23 18 27 12 5 4 2 31 
0 3 1 29 24 20 19 17 14 10 9 7 6 11 13 16 8 21 22 30 15 28 26 25 23 18 27 12 5 4 2 31 
0 3 1 29 24 20 19 17 14 10 9 7 6 11 13 16 8 21 22 30 15 28 26 25 23 18 27 12 5 4 2 31 
0 3 1 29 24 20 19 17 9 8 7 6 10 11 13 14 16 21 23 5 12 25 30 28 27 26 22 18 15 4 2 31 
0 3 1 29 24 20 19 17 10 8 9 7 6 11 13 14 16 21 23 26 12 27 30 28 25 22 18 15 5 4 2 31 
0 3 1 29 24 20 19 17 10 8 9 7 6 11 13 14 16 21 23 26 12 27 30 28 25 22 18 15 5 4 2 31 
0 3 1 30 29 23 21 14 16 13 15 9 8 11 10 6 7 20 19 24 17 26 28 27 25 22 18 12 5 4 2 31 
0 3 1 29 24 20 19 17 10 8 9 7 6 11 13 14 16 21 23 4 5 12 26 27 30 28 25 22 18 15 2 31 
0 3 1 29 24 20 19 17 10 9 7 6 8 11 14 13 16 21 23 5 12 26 27 30 28 25 22 18 15 4 2 31 
0 7 1 3 6 10 11 8 9 5 12 13 16 14 21 23 29 24 20 19 17 26 27 30 28 25 22 18 15 4 2 31 
0 7 1 3 6 10 11 8 9 5 12 13 16 14 21 23 29 24 20 19 17 26 27 30 28 25 22 18 15 4 2 31 
0 7 1 3 6 10 11 8 9 5 12 13 16 14 21 23 29 24 20 19 17 26 27 30 28 25 22 18 15 4 2 31 
0 3 1 29 24 20 19 17 13 11 10 6 7 8 9 14 16 21 23 26 27 30 28 25 22 18 5 2 15 4 12 31 
0 3 1 29 24 20 19 17 13 11 10 6 7 8 9 14 16 21 23 26 27 30 28 25 22 18 5 2 15 4 12 31 
0 3 1 29 24 20 19 17 10 9 7 22 8 11 14 13 25 21 23 26 28 30 27 16 6 18 15 12 5 4 2 31 
0 3 1 29 24 17 19 20 13 11 28 6 26 8 9 14 16 7 23 21 10 30 27 25 22 18 15 12 5 4 2 31 
0 3 1 29 24 20 19 17 14 11 10 6 7 8 9 13 16 21 23 26 27 30 28 25 22 18 5 2 15 4 12 31 
0 3 1 29 17 20 19 11 13 10 24 6 7 8 9 14 16 21 23 26 28 30 27 25 22 18 15 12 5 4 2 31 
0 3 1 29 17 20 19 11 13 10 24 6 7 8 9 14 16 21 23 26 28 30 27 25 22 18 15 12 5 4 2 31 
0 3 1 29 17 20 19 11 13 10 24 6 7 8 9 14 16 21 23 26 28 30 27 25 22 18 15 12 5 4 2 31 
0 3 1 29 17 20 19 11 13 10 24 6 7 8 9 14 16 21 23 26 28 30 27 25 22 18 15 12 5 4 2 31 
0 3 1 29 24 20 19 17 13 11 9 27 7 6 10 14 16 21 23 26 8 30 28 25 22 18 15 12 5 4 2 31 
0 3 1 29 24 20 19 17 13 11 9 27 7 6 10 14 16 21 23 26 8 30 28 25 22 18 15 12 5 4 2 31 
0 3 1 29 24 20 19 17 13 15 18 23 26 27 30 28 25 22 21 11 10 6 7 8 9 14 16 2 5 4 12 31 
0 3 1 29 24 21 30 26 20 18 27 25 28 22 23 19 17 14 16 9 12 15 13 11 10 8 7 6 5 4 2 31 
0 3 1 29 24 21 23 26 27 30 28 25 22 18 17 19 20 14 2 4 5 12 15 10 8 7 6 9 11 13 16 31 
0 3 1 29 24 21 23 26 27 30 28 25 22 18 17 19 20 14 2 16 13 11 9 6 7 8 10 15 12 5 4 31 
0 3 1 29 24 21 23 26 27 30 28 25 22 18 17 19 20 14 2 16 11 10 6 7 8 9 13 15 12 5 4 31 
0 3 1 29 24 21 23 26 27 30 28 25 22 18 17 19 20 14 16 2 4 5 9 8 7 6 15 12 10 11 13 31 
0 3 1 29 24 21 23 26 27 30 28 25 22 18 17 19 20 14 16 2 4 5 9 8 7 6 10 11 13 12 15 31 
0 3 1 2 4 5 9 8 7 6 15 12 10 11 13 14 16 20 19 29 24 21 23 26 27 30 28 25 22 18 17 31 
0 3 1 29 24 21 23 26 27 30 28 25 22 18 20 19 17 14 16 2 4 5 9 8 7 6 15 12 10 11 13 31 
0 3 1 29 24 21 23 26 27 30 28 25 22 18 20 19 17 14 16 2 4 5 9 8 7 6 15 12 10 11 13 31 
0 3 1 29 24 21 23 26 27 30 28 25 22 18 20 19 17 14 16 2 4 5 9 8 7 6 15 12 10 11 13 31 
0 3 1 29 24 21 23 26 27 30 28 25 22 18 20 19 17 14 16 2 4 5 9 8 7 6 15 12 10 11 13 31 
0 3 1 29 24 21 23 26 28 30 27 25 22 20 18 19 17 14 16 2 4 5 6 8 9 7 10 11 15 13 12 31 
0 3 1 29 24 21 23 26 27 30 28 25 22 20 18 19 17 14 16 5 9 8 7 6 10 11 13 12 15 4 2 31 
0 3 1 29 24 21 23 26 27 30 28 25 22 20 18 19 17 15 16 4 5 6 8 9 7 10 11 13 12 14 2 31 
0 3 1 29 24 21 23 26 27 30 28 25 22 20 18 19 17 15 16 4 5 6 8 9 7 10 11 13 12 14 2 31 
0 3 1 2 4 5 6 8 9 7 10 11 13 12 15 16 14 17 19 29 24 21 23 26 27 30 28 25 22 20 18 31 
0 3 1 29 28 30 27 26 23 21 24 25 22 20 18 19 17 14 16 2 4 5 6 7 8 9 12 10 11 13 15 31 
0 3 1 29 28 30 12 11 10 9 8 7 6 5 4 2 16 14 17 19 18 20 22 25 24 21 23 26 27 13 15 31 
0 3 1 29 28 30 27 26 23 21 24 25 22 20 18 19 17 14 16 2 4 5 6 8 9 7 10 11 13 12 15 31 
0 3 1 29 24 22 25 28 30 27 26 23 16 14 17 19 18 20 21 2 4 5 6 8 9 7 10 11 13 12 15 31 
0 3 1 29 28 30 27 26 23 21 24 25 22 20 18 19 17 14 16 2 4 5 6 7 8 9 10 11 13 12 15 31 
0 3 1 29 28 30 27 26 23 21 24 25 22 20 18 5 6 7 8 9 10 11 13 12 15 16 14 17 19 4 2 31 
0 3 1 2 4 9 6 5 8 7 10 11 13 12 15 16 14 17 19 29 28 30 27 26 23 21 24 25 22 20 18 31 
0 3 1 2 4 9 6 5 8 7 10 11 13 12 15 16 14 17 19 29 28 30 27 26 23 21 24 25 22 20 18 31 
0 3 1 2 4 9 6 5 8 7 10 11 13 12 15 16 14 17 19 29 28 30 27 26 23 21 24 25 22 20 18 31 
0 3 1 29 28 30 27 26 24 21 23 25 22 20 18 19 17 15 16 2 4 5 6 8 9 7 10 11 13 12 14 31 
0 3 1 2 4 9 6 5 8 7 10 11 13 12 15 16 14 17 19 29 28 30 27 26 23 21 24 25 22 20 18 31 
0 3 1 2 4 9 6 5 8 7 10 11 13 12 15 16 14 17 19 29 28 30 27 26 23 21 24 25 22 20 18 31 
0 3 1 2 4 5 6 8 9 7 10 11 13 12 15 16 14 17 19 29 28 30 23 25 26 27 24 21 22 20 18 31 
0 3 1 2 4 5 6 8 9 7 10 11 13 12 15 16 14 17 19 29 28 30 23 25 26 27 24 21 22 20 18 31 
0 3 1 29 28 30 27 23 21 12 25 26 22 20 18 19 17 15 16 14 13 24 11 10 9 8 7 6 5 4 2 31 
0 3 1 2 4 5 6 7 8 9 10 15 12 13 11 16 14 17 19 29 28 30 27 26 25 24 21 23 22 20 18 31 
0 3 1 2 4 5 6 7 8 9 10 15 12 13 11 16 14 17 19 29 28 30 27 26 25 24 21 23 22 20 18 31 
0 3 1 29 28 30 27 26 25 23 24 21 22 20 18 19 17 15 16 2 4 9 6 5 8 7 10 11 13 12 14 31 
0 3 1 29 28 30 27 26 25 23 24 22 21 20 18 19 17 14 16 2 4 5 6 9 8 7 10 11 13 12 15 31 
0 3 1 2 4 5 6 7 8 9 10 11 19 14 13 12 17 15 16 29 28 30 27 26 25 24 21 23 22 20 18 31 
0 3 1 2 4 5 6 7 8 9 10 15 12 13 11 16 14 17 19 29 28 30 27 26 25 23 24 21 22 20 18 31 
0 3 1 2 4 5 6 7 8 9 10 15 12 13 11 16 14 17 19 29 28 30 27 26 25 24 21 23 22 20 18 31 
0 3 1 29 28 30 27 26 25 24 21 23 22 20 18 19 17 15 16 2 4 5 6 7 8 9 10 11 13 12 14 31 
0 3 1 2 4 5 6 11 10 9 8 7 12 15 16 14 13 17 19 30 28 29 27 26 25 23 24 21 22 20 18 31 
0 3 1 29 28 30 27 26 25 17 19 18 23 22 21 20 24 7 16 14 12 13 11 10 9 8 15 6 5 4 2 31 
0 3 1 2 4 5 6 11 10 9 8 7 12 15 16 14 13 17 19 30 28 29 27 26 25 23 24 21 22 20 18 31 
0 3 1 30 16 15 17 19 18 20 22 21 24 23 25 26 27 29 28 2 4 5 6 7 8 9 12 11 10 13 14 31 
0 3 1 30 16 15 17 19 18 20 22 21 24 23 25 26 27 29 28 2 4 5 6 7 8 9 12 11 10 13 14 31 
0 3 1 2 4 5 6 11 10 9 8 7 12 15 16 14 13 17 19 29 30 28 27 26 25 24 21 23 22 20 18 31 
0 3 1 29 30 28 27 26 25 24 21 23 22 20 19 18 17 9 16 5 13 12 11 7 4 8 10 6 14 15 2 31 
0 3 1 2 4 5 6 11 10 9 8 7 12 15 16 14 13 17 19 29 30 28 27 26 25 24 23 21 22 20 18 31 
0 3 1 2 4 5 6 11 10 9 8 7 12 15 16 14 13 17 19 29 30 28 27 26 25 24 21 23 22 20 18 31 
0 3 1 2 4 5 6 11 10 9 8 7 12 15 16 14 13 17 19 29 30 28 27 26 25 24 21 23 22 20 18 31 
0 3 1 29 30 28 27 26 25 24 23 21 22 20 19 18 17 16 15 2 4 5 6 11 10 9 8 7 12 14 13 31 
0 3 1 30 28 19 27 26 25 23 24 21 22 20 18 29 17 16 15 14 13 12 11 10 9 8 7 6 5 4 2 31 
0 3 1 29 28 30 27 26 25 24 23 21 22 20 19 18 17 16 15 2 4 5 6 7 8 9 10 11 13 12 14 31 
0 3 1 30 29 28 27 26 25 24 6 7 8 9 10 11 12 13 14 16 15 17 18 19 20 22 23 21 5 4 2 31 
0 3 1 30 29 28 27 26 25 24 21 23 22 20 19 18 17 15 16 2 4 5 6 7 8 9 10 11 12 13 14 31 
0 3 1 29 30 28 27 26 25 24 7 8 9 10 11 12 13 14 15 16 17 18 19 20 22 21 23 6 5 4 2 31 
0 3 1 29 16 17 18 19 20 22 21 23 24 25 26 27 28 30 15 14 13 12 11 10 9 8 7 6 5 4 2 31 
0 3 1 30 29 28 27 26 25 24 21 23 22 20 19 18 17 15 16 2 4 5 6 7 8 9 10 11 12 13 14 31 
0 3 1 30 29 28 27 26 25 24 21 23 22 20 19 18 17 15 16 2 4 5 6 7 8 9 10 11 12 13 14 31 
0 3 1 2 4 5 6 7 8 9 10 11 12 19 20 22 21 23 24 25 26 27 28 29 30 18 17 16 15 14 13 31 
0 3 19 20 22 21 23 24 25 26 27 28 29 30 1 18 17 15 16 14 13 12 11 10 9 8 7 6 5 4 2 31 
0 3 1 2 4 5 6 7 8 9 10 11 12 13 14 15 16 17 18 30 23 28 26 27 21 24 25 29 22 20 19 31 
0 3 1 2 4 5 6 7 8 9 10 11 12 13 14 15 16 17 18 30 23 28 26 27 21 24 25 29 22 20 19 31 
0 3 2 4 5 6 7 8 9 10 11 12 13 14 15 22 21 23 24 25 26 27 28 29 30 1 19 18 17 16 20 31 
0 28 1 3 29 30 27 26 25 24 23 21 13 20 19 18 17 15 16 14 22 12 11 10 9 8 7 6 5 4 2 31 
0 3 1 2 4 5 6 22 23 24 25 26 27 28 30 29 18 17 16 15 14 13 12 11 10 9 8 7 21 20 19 31 
0 3 1 29 4 5 6 7 8 9 10 11 12 13 14 15 16 17 18 30 28 27 26 25 24 23 22 21 20 19 2 31 
0 3 1 29 30 28 27 26 25 24 23 22 21 20 5 6 7 8 9 10 11 12 13 14 15 16 17 18 19 4 2 31 
0 3 1 30 29 28 27 26 16 24 25 22 14 20 19 18 17 15 23 21 13 12 11 10 9 8 7 6 5 4 2 31 
0 3 1 30 29 28 27 26 16 24 25 22 14 20 19 18 17 15 23 21 13 12 11 10 9 8 7 6 5 4 2 31 
0 3 1 2 4 5 6 7 8 9 10 11 12 13 14 15 16 17 18 29 30 28 22 23 24 25 26 27 21 20 19 31 
0 3 1 2 4 5 6 7 8 9 10 11 12 13 14 15 16 17 18 29 30 28 22 23 24 25 26 27 21 20 19 31 
0 3 1 30 29 28 27 26 25 24 23 22 21 20 19 18 17 15 16 2 4 5 6 7 8 9 10 11 12 13 14 31 
0 3 1 30 29 28 27 26 25 24 23 22 21 20 19 18 17 15 16 2 4 5 6 7 8 9 10 11 12 13 14 31 
0 3 1 30 29 28 27 26 25 24 23 22 21 20 19 18 17 15 16 2 4 5 6 7 8 9 10 11 12 13 14 31 
0 3 1 2 4 11 10 9 8 7 6 5 12 13 14 15 16 17 18 30 29 28 27 26 25 24 23 22 21 20 19 31 
0 3 2 4 5 6 22 23 24 25 26 27 28 29 30 1 19 18 17 15 16 14 13 12 11 10 9 8 7 21 20 31 
0 3 12 11 10 9 8 7 6 5 4 2 1 13 14 15 16 17 18 30 29 28 27 26 25 24 23 22 21 20 19 31 
0 3 1 30 29 28 27 26 25 24 23 22 21 20 19 18 17 16 15 2 4 11 10 9 8 7 6 5 12 13 14 31 
0 3 1 30 29 28 27 26 25 24 23 22 21 20 19 18 17 16 15 2 4 11 10 9 8 7 6 5 12 13 14 31 
0 3 1 30 29 28 27 26 25 24 6 7 8 9 10 11 12 13 14 15 16 17 18 19 20 21 22 23 5 4 2 31 
0 3 1 30 24 25 26 27 28 29 23 22 21 20 19 18 17 16 15 2 4 5 6 9 8 7 10 11 12 13 14 31 
0 3 1 30 24 25 26 27 28 29 23 22 21 20 19 18 17 16 15 2 4 5 6 9 8 7 10 11 12 13 14 31 
0 3 1 30 29 28 27 26 25 24 23 9 10 11 12 13 14 15 16 22 21 20 19 18 17 8 7 6 5 4 2 31 
0 3 1 30 29 28 27 26 25 24 23 22 20 21 18 19 17 16 15 2 4 5 6 7 8 9 10 11 12 13 14 31 
0 3 1 30 29 28 27 26 25 24 23 22 21 20 19 18 17 16 15 2 4 5 6 7 8 9 10 11 12 13 14 31 
0 3 1 2 4 5 6 7 8 29 30 18 17 16 15 14 13 12 11 10 9 28 27 26 25 24 23 22 21 20 19 31 
0 3 1 2 4 5 6 7 8 29 30 18 17 16 15 14 13 12 11 10 9 28 27 26 25 24 23 22 21 20 19 31 
0 3 1 30 29 28 27 26 25 24 23 22 21 20 19 18 17 15 2 16 4 5 6 7 8 9 10 11 12 13 14 31 
0 3 1 30 29 28 27 26 25 24 23 22 21 20 19 18 17 15 2 16 4 5 6 7 8 9 10 11 12 13 14 31 
0 3 2 4 5 6 7 8 9 10 11 12 13 14 15 16 17 18 26 29 30 19 28 27 1 25 24 23 22 21 20 31 
0 3 2 4 5 6 7 8 9 10 11 12 13 14 15 16 17 18 26 29 30 19 28 27 1 25 24 23 22 21 20 31 
0 3 1 30 29 28 27 26 25 22 23 24 21 20 19 6 17 16 15 14 13 12 11 10 9 8 7 18 5 4 2 31 
0 3 1 30 29 28 27 26 25 22 23 24 21 20 19 6 17 16 15 14 13 12 11 10 9 8 7 18 5 4 2 31 
0 3 1 30 29 28 27 26 25 24 23 22 21 20 19 18 17 15 16 2 4 5 6 7 8 9 10 11 12 13 14 31 
0 3 1 2 4 5 6 7 8 9 10 11 12 13 21 22 23 24 25 26 27 28 29 30 18 17 16 15 14 20 19 31 
0 3 1 2 4 5 6 7 8 9 10 15 18 13 14 11 16 17 12 30 29 28 27 26 25 24 23 22 21 20 19 31 
0 3 1 2 4 5 6 7 8 9 10 15 18 13 14 11 16 17 12 30 29 28 27 26 25 24 23 22 21 20 19 31 
0 3 1 2 4 5 6 7 8 9 10 15 18 13 14 11 16 17 12 30 29 28 27 26 25 24 23 22 21 20 19 31 
0 3 20 21 22 23 24 25 26 27 28 29 30 18 17 16 15 14 13 12 11 10 9 8 7 6 5 4 2 1 19 31 
0 3 20 21 22 23 24 25 26 27 28 29 30 18 17 16 15 14 13 12 11 10 9 8 7 6 5 4 2 1 19 31 
0 3 20 21 22 23 24 25 26 27 28 29 30 18 17 16 15 14 13 12 11 10 9 8 7 6 5 4 2 1 19 31 
0 3 20 21 22 23 24 25 26 27 28 29 30 18 17 16 15 14 13 12 11 10 9 8 7 6 5 4 2 1 19 31 
0 3 10 2 4 22 6 7 8 9 1 11 12 13 14 15 16 17 18 19 20 21 5 23 24 25 26 27 28 30 29 31 
0 3 20 21 22 23 24 25 26 27 28 29 30 18 17 16 15 14 13 12 11 10 9 8 7 6 5 4 2 1 19 31 
0 3 1 30 29 28 27 26 25 24 23 22 21 20 19 18 17 16 15 2 12 5 10 7 8 13 9 11 4 6 14 31 
0 1 3 2 4 5 6 7 26 9 10 11 12 13 14 21 16 27 18 28 29 20 24 22 23 15 25 8 17 19 30 31 
0 1 3 2 4 5 6 7 8 9 10 11 12 13 14 15 25 26 27 28 29 30 18 17 16 24 23 22 21 20 19 31 
0 3 1 2 4 5 6 7 8 9 10 11 12 13 14 15 16 17 18 30 29 21 28 25 26 24 23 22 27 20 19 31 
0 3 1 2 4 5 6 7 8 9 10 11 12 13 14 15 16 17 18 30 29 21 28 25 26 24 23 22 27 20 19 31 
0 1 2 3 4 5 17 16 15 14 13 12 11 10 9 8 7 6 18 30 29 28 27 26 25 24 23 22 21 20 19 31 
0 3 1 30 29 28 27 26 25 24 23 22 21 20 19 18 17 16 15 2 4 5 6 7 8 9 10 11 12 13 14 31 
0 1 2 3 4 5 6 7 8 9 10 11 12 13 14 15 16 17 18 19 28 21 22 26 24 25 23 27 20 29 30 31 
0 1 2 3 4 5 6 7 8 9 10 11 12 13 14 15 16 17 18 19 28 21 22 26 24 25 23 27 20 29 30 31 
0 3 1 2 4 5 6 7 8 9 10 11 12 13 14 29 30 28 27 26 25 24 23 22 21 20 19 18 17 16 15 31 
0 1 25 28 27 29 26 24 23 22 21 20 19 18 17 16 15 14 13 3 2 4 5 6 7 8 9 10 11 12 30 31 
0 1 25 28 27 29 26 24 23 22 21 20 19 18 17 16 15 14 13 3 2 4 5 6 7 8 9 10 11 12 30 31 
0 3 1 2 4 5 6 7 8 9 10 11 12 13 14 15 16 17 18 30 29 28 27 26 25 24 23 22 21 20 19 31 
0 1 2 3 4 5 6 7 8 9 10 11 12 13 14 15 16 17 18 19 20 28 22 25 24 23 26 27 21 29 30 31 
0 1 2 3 4 5 6 7 8 9 10 11 12 13 14 15 16 17 18 19 20 28 22 25 24 23 26 27 21 29 30 31 
0 1 2 3 4 5 6 7 8 9 10 11 12 13 14 15 16 17 18 27 26 25 24 23 22 21 20 19 28 29 30 31 
0 1 2 3 4 5 7 6 8 9 10 17 12 13 16 15 14 11 18 19 20 21 22 23 24 25 26 27 28 29 30 31 
0 1 2 3 4 5 6 7 8 9 10 11 12 13 14 15 16 17 18 19 20 29 28 27 26 25 24 23 22 21 30 31 
0 1 2 3 4 5 6 7 8 9 10 11 18 13 20 15 16 17 12 19 14 21 22 23 24 25 26 27 28 29 30 31 
0 1 2 3 4 5 6 7 8 9 10 11 18 13 20 15 16 17 12 19 14 21 22 23 24 25 26 27 28 29 30 31 
0 1 2 3 4 5 6 7 8 9 10 11 12 23 14 15 16 18 17 19 20 21 22 13 24 25 26 27 28 29 30 31 
0 1 2 3 4 5 6 17 8 15 10 11 9 13 14 12 16 7 18 19 20 21 22 23 24 25 26 27 28 29 30 31 
0 1 2 3 4 5 6 17 8 15 10 11 9 13 14 12 16 7 18 19 20 21 22 23 24 25 26 27 28 29 30 31 
0 1 2 3 4 5 6 17 8 15 10 11 9 13 14 12 16 7 18 19 20 21 22 23 24 25 26 27 28 29 30 31 
0 1 2 3 4 5 6 7 8 9 10 11 12 13 14 15 16 17 18 30 29 28 27 26 25 24 23 22 21 20 19 31 
0 1 2 3 4 5 6 7 26 25 24 23 22 21 20 19 18 17 16 15 14 13 12 11 10 9 8 27 28 29 30 31 
0 1 2 3 4 5 6 7 26 25 24 23 22 21 20 19 18 17 16 15 14 13 12 11 10 9 8 27 28 29 30 31 
0 1 2 3 4 5 6 7 8 9 10 11 12 13 14 15 16 17 18 19 25 28 22 23 24 20 26 27 21 29 30 31 
0 1 2 3 4 5 6 7 8 9 10 11 12 18 14 25 16 17 13 22 21 20 19 23 24 15 26 27 28 29 30 31 
0 1 2 3 4 20 19 18 17 16 15 14 13 12 11 10 9 8 7 6 5 21 22 23 24 25 26 27 28 29 30 31 
0 1 2 3 4 5 6 7 8 9 10 11 12 13 14 15 16 17 18 30 29 28 27 26 25 24 23 22 21 20 19 31 
0 1 2 3 4 5 6 7 8 9 10 11 12 13 23 22 21 20 19 18 17 16 15 14 24 25 26 27 28 29 30 31 
0 1 2 22 21 20 19 18 17 16 15 14 13 12 11 10 9 8 7 6 5 4 3 23 24 25 26 27 28 29 30 31 
0 1 2 3 4 5 6 7 8 9 19 11 12 15 14 10 16 17 18 21 20 22 13 23 24 25 26 27 28 29 30 31 
0 1 2 3 4 5 6 22 21 20 19 18 17 16 15 14 13 12 11 10 9 8 7 23 24 25 26 27 28 29 30 31 
0 1 2 3 4 30 29 28 27 26 25 24 23 22 21 20 19 18 17 5 6 7 8 9 10 11 12 13 14 15 16 31 
0 1 2 3 4 5 6 7 8 9 10 11 12 13 17 15 28 16 18 19 20 21 14 23 24 25 26 27 22 29 30 31 
0 1 2 3 4 5 6 7 8 9 10 11 12 13 14 15 16 17 18 19 20 21 22 30 29 28 27 26 25 24 23 31 
0 1 2 3 4 5 6 7 8 9 10 11 12 13 27 26 25 24 23 22 21 20 19 18 17 16 15 14 28 29 30 31 
0 1 2 3 4 5 6 7 8 9 10 11 12 13 14 15 16 17 18 27 26 25 24 23 22 21 20 19 28 29 30 31 
0 1 2 3 4 5 6 7 8 9 10 30 29 28 27 26 25 24 23 22 21 20 19 18 17 16 15 14 13 12 11 31 
0 1 2 3 4 5 6 7 8 9 10 30 29 28 27 26 25 24 23 11 12 13 14 15 16 17 18 19 20 21 22 31 
0 1 2 3 7 5 6 21 8 9 10 11 24 15 13 4 16 17 18 19 20 14 22 23 12 25 26 27 28 29 30 31 
0 1 2 3 4 5 6 8 7 14 16 11 12 13 9 15 10 17 18 19 27 21 22 23 24 25 26 20 28 29 30 31 
0 1 2 3 4 5 6 7 16 15 14 13 12 11 10 9 8 17 18 24 23 22 21 20 19 25 26 27 28 29 30 31 
0 1 2 3 4 5 6 27 26 25 24 23 22 21 20 19 18 17 16 15 14 13 12 11 10 9 8 7 28 29 30 31 
0 1 2 3 4 5 6 27 26 25 24 23 22 21 20 19 18 17 16 15 14 13 12 11 10 9 8 7 28 29 30 31 
0 1 2 3 4 5 6 7 8 9 10 11 12 17 14 16 19 13 18 15 20 21 22 23 24 25 26 27 28 29 30 31 
0 1 2 3 4 5 6 7 8 9 10 11 12 13 14 26 25 24 23 22 21 20 19 18 17 16 15 27 28 29 30 31 
0 1 2 3 4 5 6 7 8 9 10 11 12 13 14 15 16 17 18 27 26 25 24 23 22 21 20 19 28 29 30 31 
0 1 2 3 4 5 6 7 8 9 10 11 29 28 27 26 25 24 23 22 21 20 19 18 17 16 15 14 13 12 30 31 
0 1 2 3 4 5 6 7 8 9 10 11 12 13 25 24 23 22 21 20 19 18 17 16 15 14 26 27 28 29 30 31 
0 1 2 3 4 5 6 7 8 9 10 11 12 13 25 24 23 22 21 20 19 18 17 16 15 14 26 27 28 29 30 31 
0 1 2 3 4 5 6 7 8 9 10 11 12 13 14 15 16 17 18 29 28 27 26 25 24 23 22 21 20 19 30 31 
0 1 2 3 4 5 6 7 8 9 10 11 12 13 14 15 16 17 18 29 28 27 26 25 24 23 22 21 20 19 30 31 
0 1 2 3 7 10 6 4 13 9 5 11 12 8 14 15 16 17 18 19 20 21 22 23 24 25 26 27 28 29 30 31 
0 1 2 3 4 5 6 7 8 9 22 21 20 19 18 17 16 15 14 13 12 11 10 23 24 25 26 27 28 29 30 31 
0 1 2 3 4 5 6 7 8 28 27 26 25 24 23 22 20 21 19 13 17 16 18 14 15 12 11 10 9 29 30 31 
0 1 2 3 4 5 6 7 8 9 10 11 12 13 14 15 16 17 18 30 29 28 27 26 25 24 23 22 21 20 19 31 
0 1 2 3 4 5 6 7 8 18 17 16 15 14 13 12 11 10 9 19 20 21 22 23 24 25 26 27 28 29 30 31 
0 1 2 3 4 5 6 7 8 9 10 11 12 13 17 22 16 14 18 19 23 21 15 20 24 25 26 27 28 29 30 31 
0 1 2 3 4 5 6 7 8 9 10 11 12 13 14 15 16 17 18 19 25 24 23 22 21 20 26 27 28 29 30 31 
0 1 2 3 4 5 6 7 8 9 10 11 12 14 13 15 20 17 18 19 16 21 22 23 26 25 24 27 28 29 30 31 
0 1 2 3 4 5 6 7 14 9 12 11 10 13 8 15 16 17 18 19 20 21 22 23 24 25 26 27 28 29 30 31 
0 1 2 3 4 5 6 7 8 9 10 11 12 13 14 15 16 17 18 30 29 28 27 25 26 24 23 22 21 20 19 31 
0 1 2 3 4 5 6 7 8 9 10 11 12 13 14 23 16 17 18 19 20 21 22 15 24 25 26 27 28 29 30 31 
0 1 2 3 4 5 6 7 8 9 10 11 12 25 14 15 23 17 18 19 20 22 21 16 24 13 26 27 28 29 30 31 
0 1 2 3 4 5 6 7 8 9 10 11 12 13 14 23 16 17 18 19 20 21 22 15 24 25 26 27 28 29 30 31 
0 1 2 3 4 5 6 7 8 9 10 11 12 13 14 15 16 25 23 19 20 21 24 22 18 17 26 27 28 29 30 31 
0 1 2 3 4 5 6 7 8 9 10 11 12 13 14 15 16 17 18 19 20 21 22 30 29 28 27 26 25 24 23 31 
0 15 14 13 12 11 10 9 8 7 6 5 4 3 2 1 16 17 18 19 20 21 22 23 24 25 26 27 28 29 30 31 
0 15 14 13 12 11 10 9 8 7 6 5 4 3 2 1 16 17 18 19 20 21 22 23 24 25 26 27 28 29 30 31 
0 1 2 3 4 5 6 7 8 9 10 11 12 13 25 26 29 24 27 22 21 20 19 18 17 16 15 14 28 23 30 31 
0 1 2 3 4 5 6 7 8 9 10 11 12 13 25 26 29 24 27 22 21 20 19 18 17 16 15 14 28 23 30 31 
0 1 2 3 4 5 6 7 8 9 10 11 12 13 14 15 16 17 18 30 29 28 27 26 25 24 23 22 21 20 19 31 
0 1 2 3 4 5 6 7 8 25 24 23 22 21 20 19 18 17 16 15 14 13 12 11 10 9 26 27 28 29 30 31 
0 1 2 3 4 5 6 7 8 9 20 19 18 17 16 15 14 13 12 11 10 21 22 23 24 25 26 27 28 29 30 31 
0 1 2 3 4 5 6 7 8 9 10 11 12 13 14 15 16 17 18 19 20 29 28 27 26 25 24 23 22 21 30 31 
0 1 2 3 4 5 6 7 8 21 20 19 22 18 17 16 15 14 13 12 11 10 9 23 24 25 26 27 28 29 30 31 
0 1 2 3 4 5 6 7 8 21 20 19 22 18 17 16 15 14 13 12 11 10 9 23 24 25 26 27 28 29 30 31 
0 1 2 3 4 5 6 7 8 9 10 11 12 13 14 15 16 17 18 21 20 19 22 23 24 25 26 27 28 29 30 31 
0 1 2 3 4 5 6 7 8 9 19 11 12 13 26 10 16 17 18 15 28 21 22 23 24 25 14 27 20 29 30 31 
0 1 2 3 4 5 19 18 17 16 15 14 13 12 11 10 9 8 7 6 20 21 22 23 24 25 26 27 28 29 30 31 
0 1 2 3 4 5 19 18 17 16 15 14 13 12 11 10 9 8 7 6 20 21 22 23 24 25 26 27 28 29 30 31 
0 1 2 3 4 5 6 7 8 9 10 11 12 13 14 15 16 17 18 19 26 28 21 22 23 24 25 27 20 29 30 31 
0 1 2 3 4 5 6 7 8 9 10 11 22 21 20 19 18 17 16 15 14 13 12 23 24 25 26 27 28 29 30 31 
0 1 2 3 4 5 6 7 8 9 10 25 24 23 22 19 20 21 18 17 16 15 14 13 12 11 26 27 28 29 30 31 
0 1 2 3 4 5 6 7 8 9 10 25 24 23 22 19 20 21 18 17 16 15 14 13 12 11 26 27 28 29 30 31 
0 1 2 3 4 5 6 7 8 9 10 25 24 23 22 19 20 21 18 17 16 15 14 13 12 11 26 27 28 29 30 31 
0 1 2 3 4 5 6 7 8 9 10 11 12 13 14 15 16 17 18 19 20 21 22 29 23 25 26 27 28 24 30 31 
0 1 2 3 4 5 6 21 20 19 18 17 16 15 14 13 12 11 10 9 8 7 22 23 24 25 26 27 28 29 30 31 
0 1 2 3 4 5 6 21 20 19 18 17 16 15 14 13 12 11 10 9 8 7 22 23 24 25 26 27 28 29 30 31 
0 1 2 3 4 5 6 21 20 19 18 17 16 15 14 13 12 11 10 9 8 7 22 23 24 25 26 27 28 29 30 31 
0 1 2 3 4 5 6 7 8 9 10 11 12 13 14 15 16 17 30 29 28 27 26 25 24 23 22 21 20 19 18 31 
0 1 2 3 4 5 6 7 8 9 10 11 12 20 14 15 16 17 18 19 24 13 22 21 23 25 26 27 28 29 30 31 
0 1 2 3 20 19 18 17 16 15 14 13 12 11 10 9 8 7 6 5 4 21 22 23 24 25 26 27 28 29 30 31 
0 1 2 3 4 24 23 22 21 20 19 18 17 16 15 14 13 12 11 10 9 8 7 6 5 25 26 27 28 29 30 31 
0 1 2 3 4 5 6 16 15 14 13 12 11 10 9 8 7 17 18 19 20 21 22 23 24 25 26 27 28 29 30 31 
0 19 18 17 16 15 14 13 12 11 10 9 8 7 6 5 4 3 2 1 20 21 22 23 24 25 26 27 28 29 30 31 
0 1 2 3 4 10 6 7 8 9 13 11 12 5 14 15 16 17 18 19 20 21 22 23 24 25 26 27 28 29 30 31 
0 1 2 3 4 10 6 7 8 9 13 11 12 5 14 15 16 17 18 19 20 21 22 23 24 25 26 27 28 29 30 31 
0 1 2 3 4 5 6 7 8 9 10 11 12 13 14 15 16 17 18 19 24 23 22 27 20 26 25 21 28 29 30 31 
0 1 2 3 4 5 6 7 8 9 10 11 21 20 19 18 17 16 15 14 13 12 22 23 24 25 26 27 28 29 30 31 
0 1 2 3 4 5 6 7 8 9 10 11 12 13 14 15 16 17 18 30 29 28 27 26 25 24 23 22 21 20 19 31 
0 1 2 3 4 5 6 7 8 9 10 11 12 13 14 15 16 17 18 30 29 28 27 26 25 24 23 22 21 20 19 31 
0 1 18 17 16 15 14 13 12 11 10 9 8 7 6 5 4 3 2 19 20 21 22 23 24 25 26 27 28 29 30 31 
0 1 2 3 4 5 6 7 8 9 10 11 12 13 14 15 16 17 18 30 29 28 27 26 25 24 23 22 21 20 19 31 
0 30 29 28 27 26 25 24 23 22 21 20 19 18 17 16 15 14 13 1 2 3 4 5 6 7 8 9 10 11 12 31 
0 1 2 3 4 5 23 22 21 20 19 18 17 16 15 14 13 12 11 10 9 8 7 6 24 25 26 27 28 29 30 31 
0 1 2 3 4 5 6 7 8 9 10 11 12 13 23 18 16 25 21 14 20 15 22 19 27 17 26 24 28 29 30 31 
0 1 2 3 4 5 6 7 8 9 10 11 12 13 14 28 27 26 25 24 23 22 21 20 19 18 17 16 15 29 30 31 
0 1 2 3 4 5 6 7 8 9 10 11 12 13 14 15 28 27 26 25 24 23 22 21 20 19 18 17 16 29 30 31 
0 1 2 3 4 5 6 7 8 9 10 11 14 13 12 15 16 17 18 30 29 28 27 26 25 24 23 22 21 20 19 31 
0 1 2 3 4 5 6 7 8 12 10 11 9 18 14 17 16 15 13 19 20 21 22 23 24 25 26 27 28 29 30 31 
0 1 2 3 4 5 6 7 8 12 10 11 9 18 14 17 16 15 13 19 20 21 22 23 24 25 26 27 28 29 30 31 
0 1 2 3 4 5 6 7 8 12 10 11 9 18 14 17 16 15 13 19 20 21 22 23 24 25 26 27 28 29 30 31 
0 1 2 3 4 5 6 7 8 9 10 11 12 13 30 29 28 27 26 25 24 23 22 21 20 19 18 17 16 15 14 31 
0 1 2 3 4 5 6 7 8 9 10 11 12 13 30 29 28 27 26 25 24 23 22 21 20 19 18 17 16 15 14 31 
0 1 2 3 4 5 6 7 8 9 10 11 12 13 30 29 28 27 26 25 24 23 22 21 20 19 18 17 16 15 14 31 
0 1 2 3 4 5 6 7 8 9 10 11 12 13 14 15 16 17 18 30 29 28 27 26 25 24 23 22 21 20 19 31 
0 1 2 3 4 5 6 7 8 9 10 11 12 13 14 15 16 21 25 19 23 17 22 20 24 18 26 27 28 29 30 31 
0 1 13 12 11 10 9 8 7 6 5 4 3 2 14 15 16 17 18 19 20 21 22 23 24 25 26 27 28 29 30 31 
0 1 13 12 11 10 9 8 7 6 5 4 3 2 14 15 16 17 18 19 20 21 22 23 24 25 26 27 28 29 30 31 
0 1 2 3 4 5 6 7 8 9 10 11 12 13 14 15 16 17 18 19 28 21 30 23 24 22 29 20 27 26 25 31 
0 1 2 3 4 5 6 7 8 9 10 11 12 13 14 25 19 23 22 20 24 21 18 17 16 15 26 27 28 29 30 31 
0 1 2 3 4 5 6 7 8 9 10 11 12 13 14 15 16 17 18 19 20 21 29 22 24 25 28 26 27 23 30 31 
0 1 2 3 4 5 6 7 8 9 10 11 12 13 14 15 16 17 18 19 20 23 22 21 24 25 26 27 28 29 30 31 
0 1 2 3 4 5 6 7 8 9 10 11 12 13 14 15 16 17 18 30 29 28 27 26 25 24 23 22 21 20 19 31 
0 1 2 3 4 5 6 7 8 9 10 14 12 13 24 15 16 17 11 19 20 21 22 23 25 18 26 27 28 29 30 31 
0 1 2 3 4 5 6 7 8 23 22 21 20 19 18 17 16 15 14 13 12 11 10 9 24 25 26 27 28 29 30 31 
0 1 2 3 4 5 6 7 8 23 22 21 20 19 18 17 16 15 14 13 12 11 10 9 24 25 26 27 28 29 30 31 
0 1 2 3 4 5 6 7 8 9 10 11 20 13 17 15 16 14 18 19 12 21 22 23 24 25 26 27 28 29 30 31 
0 1 2 3 4 5 6 7 8 9 10 11 20 13 17 15 16 14 18 19 12 21 22 23 24 25 26 27 28 29 30 31 
0 1 2 3 4 5 6 7 8 9 10 11 20 13 17 15 16 14 18 19 12 21 22 23 24 25 26 27 28 29 30 31 
0 1 2 3 4 5 6 7 8 9 10 11 20 13 17 15 16 14 18 19 12 21 22 23 24 25 26 27 28 29 30 31 
0 1 2 3 4 5 6 7 8 9 10 11 12 13 14 15 16 30 29 28 27 26 25 24 23 22 21 20 19 18 17 31 
0 1 2 3 4 5 6 7 8 9 10 11 12 13 14 15 16 17 18 29 28 27 26 25 24 23 22 21 20 19 30 31 
0 1 2 3 4 5 6 7 8 9 25 24 23 22 21 20 19 18 17 16 15 14 13 12 11 10 26 27 28 29 30 31 
0 1 2 3 4 5 6 7 8 9 25 24 23 22 21 20 19 18 17 16 15 14 13 12 11 10 26 27 28 29 30 31 
0 1 2 3 8 5 10 7 6 11 4 9 12 13 14 15 16 17 18 19 20 21 22 23 24 25 26 27 28 29 30 31 
0 1 2 3 8 5 10 7 6 11 4 9 12 13 14 15 16 17 18 19 20 21 22 23 24 25 26 27 28 29 30 31 
0 1 2 3 4 18 17 16 15 14 13 12 11 10 9 8 7 6 5 19 20 21 22 23 24 25 26 27 28 29 30 31 
0 1 2 3 4 18 17 16 15 14 13 12 11 10 9 8 7 6 5 19 20 21 22 23 24 25 26 27 28 29 30 31 
0 1 2 3 4 5 6 7 8 14 10 11 12 15 9 20 16 21 18 19 17 13 22 23 24 25 26 27 28 29 30 31 
0 1 2 3 19 18 17 16 15 14 13 12 11 10 9 8 7 6 5 4 20 21 22 23 24 25 26 27 28 29 30 31 
0 1 2 3 19 18 17 16 15 14 13 12 11 10 9 8 7 6 5 4 20 21 22 23 24 25 26 27 28 29 30 31 
0 1 2 3 4 5 6 7 8 9 10 22 21 20 19 18 17 16 15 14 13 12 11 23 24 25 26 27 28 29 30 31 
0 1 2 3 4 5 6 7 8 9 10 11 12 13 26 25 24 23 22 21 20 19 18 17 16 15 14 28 27 29 30 31 
0 1 2 3 4 5 6 7 8 9 10 26 25 24 23 22 21 20 19 18 17 16 15 14 13 12 11 27 28 29 30 31 
0 1 12 11 4 5 6 2 8 9 10 3 7 13 14 15 16 17 18 19 20 21 22 23 24 25 26 27 28 29 30 31 
0 1 12 11 4 5 6 2 8 9 10 3 7 13 14 15 16 17 18 19 20 21 22 23 24 25 26 27 28 29 30 31 
0 1 12 11 4 5 6 2 8 9 10 3 7 13 14 15 16 17 18 19 20 21 22 23 24 25 26 27 28 29 30 31 
0 1 11 3 2 16 6 7 8 9 10 4 12 13 5 15 14 17 18 19 20 21 22 23 24 25 26 27 28 29 30 31 
0 1 2 3 4 5 6 7 8 9 10 11 12 13 14 15 25 24 23 22 21 20 19 18 17 16 26 27 28 29 30 31 
0 1 2 3 4 5 16 15 14 13 12 11 10 9 8 7 6 17 20 18 19 21 22 23 24 25 26 27 28 29 30 31 
0 1 2 3 4 5 16 15 14 13 12 11 10 9 8 7 6 17 20 18 19 21 22 23 24 25 26 27 28 29 30 31 
0 1 2 3 4 5 6 7 8 9 10 11 12 13 14 15 16 17 18 30 29 28 27 26 25 24 23 22 21 20 19 31 
0 1 16 15 14 13 12 11 10 9 8 7 6 5 4 3 2 17 18 19 20 21 22 23 24 25 26 27 28 29 30 31 
0 1 16 15 14 13 12 11 10 9 8 7 6 5 4 3 2 17 18 19 20 21 22 23 24 25 26 27 28 29 30 31 
0 1 2 3 4 5 6 7 8 9 13 11 15 10 14 12 16 17 18 19 20 21 22 23 24 25 26 27 28 29 30 31 
0 1 2 3 4 5 6 7 8 9 10 11 28 27 26 25 24 23 22 21 20 19 18 17 16 15 14 13 12 29 30 31 
0 1 2 3 4 5 6 7 8 9 10 11 12 13 14 15 16 17 18 29 28 27 26 25 24 23 22 21 20 19 30 31 
0 1 2 3 4 5 6 7 8 9 10 11 12 13 14 15 16 17 18 29 28 27 26 25 24 23 22 21 20 19 30 31 
0 1 2 3 4 5 6 7 8 9 10 11 12 13 14 15 16 17 18 29 28 27 26 25 24 23 22 21 20 19 30 31 
0 1 2 3 4 5 6 7 8 9 10 11 12 13 14 15 16 17 18 29 28 27 26 25 24 23 22 21 20 19 30 31 
0 1 2 3 4 5 6 7 8 9 10 11 12 13 14 26 25 24 23 22 21 20 19 18 17 16 15 27 28 29 30 31 
0 1 2 3 4 5 6 7 8 9 10 11 18 14 13 15 16 17 12 20 19 21 22 23 24 25 26 27 28 29 30 31 
0 1 2 3 4 5 6 7 8 9 10 11 12 13 14 15 16 17 18 19 20 23 25 27 24 22 26 21 28 29 30 31 
0 1 2 3 4 5 6 7 8 9 10 11 12 13 14 15 16 17 18 26 25 24 23 22 21 20 19 27 28 29 30 31 
0 1 2 3 4 5 6 7 8 9 28 27 26 25 24 23 22 21 20 19 18 17 16 15 14 13 12 11 10 29 30 31 
0 1 2 3 4 5 6 7 8 9 10 11 12 13 14 15 16 17 18 28 27 26 25 24 23 22 21 20 19 29 30 31 
0 1 2 3 4 5 6 7 8 9 10 11 12 13 14 15 16 17 18 22 20 21 25 27 24 23 26 19 28 29 30 31 
0 1 2 3 4 5 6 7 8 9 10 11 12 13 14 24 23 22 21 20 19 18 17 16 15 25 26 27 28 29 30 31 
0 1 2 3 4 17 16 15 14 13 12 11 10 9 8 7 6 5 18 19 20 21 22 23 25 24 26 27 28 29 30 31 
0 1 2 3 4 5 6 7 8 9 10 14 12 13 11 15 16 21 18 19 20 17 22 23 24 25 26 27 28 29 30 31 
0 1 2 3 14 13 12 11 10 9 8 7 6 5 4 15 16 17 18 19 20 21 22 23 24 25 26 27 28 29 30 31 
0 1 2 3 4 5 6 7 8 9 10 11 12 13 14 15 16 17 18 30 29 28 27 26 25 24 23 22 21 20 19 31 
0 1 2 3 4 5 6 7 8 9 10 11 12 13 14 15 16 17 18 28 27 26 25 24 23 22 21 20 19 29 30 31 
0 1 2 3 4 5 6 25 24 23 22 21 20 19 18 17 16 15 14 13 12 11 10 9 8 7 26 27 28 29 30 31 
0 1 2 3 4 5 6 15 8 14 7 11 12 13 9 10 16 17 18 19 20 21 22 23 24 25 26 27 28 29 30 31 
0 1 2 3 4 5 6 15 8 14 7 11 12 13 9 10 16 17 18 19 20 21 22 23 24 25 26 27 28 29 30 31 
0 1 2 3 4 5 6 15 8 14 7 11 12 13 9 10 16 17 18 19 20 21 22 23 24 25 26 27 28 29 30 31 
0 1 2 3 4 5 6 15 8 14 7 11 12 13 9 10 16 17 18 19 20 21 22 23 24 25 26 27 28 29 30 31 
0 1 2 3 4 5 6 15 8 14 7 11 12 13 9 10 16 17 18 19 20 21 22 23 24 25 26 27 28 29 30 31 
0 1 2 3 4 5 6 7 8 9 10 11 12 13 14 15 16 17 18 27 26 25 24 23 22 21 20 19 28 29 30 31 
0 1 14 13 12 11 10 9 8 7 6 5 4 3 2 15 16 17 18 19 20 21 22 23 24 25 26 27 28 29 30 31 
0 1 2 3 4 5 6 7 8 9 10 11 12 13 14 15 16 17 18 29 30 28 27 26 25 24 23 22 21 20 19 31 
0 1 2 3 4 5 6 7 8 9 10 11 12 13 14 15 16 17 18 28 27 26 25 24 23 22 21 20 19 29 30 31 
0 1 2 3 30 29 28 27 26 25 24 23 22 21 20 19 18 17 16 4 5 6 7 8 9 10 11 12 13 14 15 31 
0 1 2 3 4 5 6 7 8 9 10 11 12 13 14 15 16 17 18 30 29 28 27 26 25 24 23 22 21 20 19 31 
0 11 10 9 8 7 6 5 4 3 2 1 12 13 14 15 16 17 18 19 20 21 22 23 24 25 26 27 28 29 30 31 
0 1 2 3 4 5 6 7 15 9 10 16 8 13 12 14 11 17 18 19 20 21 22 23 24 25 26 27 28 29 30 31 
0 1 2 3 4 5 6 7 8 9 10 11 12 13 14 15 16 17 18 25 20 19 26 21 22 23 24 27 28 29 30 31 
0 1 2 3 4 5 6 7 24 23 22 21 20 19 18 17 16 15 14 13 12 11 10 9 8 25 26 27 28 29 30 31 
0 1 2 3 4 5 6 7 8 9 10 11 12 22 23 24 18 17 16 15 14 13 21 20 19 25 26 27 28 29 30 31 
0 1 2 3 4 5 6 7 8 9 10 11 12 13 14 15 16 17 18 30 29 28 27 26 25 24 23 22 21 20 19 31 
0 1 2 3 4 5 6 7 8 9 10 24 23 22 21 20 19 18 17 16 15 14 13 12 11 25 26 27 28 29 30 31 
0 1 2 3 4 5 6 7 8 9 10 11 12 13 14 15 16 17 28 27 26 25 24 23 22 21 20 19 18 29 30 31 
0 1 2 3 4 5 6 7 8 9 10 11 12 13 14 15 16 17 28 27 26 25 24 23 22 21 20 19 18 29 30 31 
0 1 2 3 4 5 6 7 8 9 10 11 12 13 14 15 16 29 28 27 26 25 24 23 22 21 20 19 18 17 30 31 
0 1 2 3 4 5 6 7 8 9 10 11 12 13 14 15 16 29 28 27 26 25 24 23 22 21 20 19 18 17 30 31 
0 1 2 3 4 5 6 7 8 9 10 11 12 13 14 16 24 19 22 17 15 21 29 23 20 25 26 27 28 18 30 31 
0 1 2 3 4 5 6 7 8 9 10 11 12 13 19 15 16 17 18 20 21 14 22 23 24 25 26 27 28 29 30 31 
0 1 2 3 4 5 6 7 8 9 10 11 26 25 24 23 22 21 20 19 18 17 16 15 14 13 12 27 28 29 30 31 
0 1 23 22 21 20 19 18 17 16 15 14 13 12 11 10 9 8 7 6 5 4 3 2 24 25 26 27 28 29 30 31 
0 1 2 3 4 5 6 7 8 9 10 11 12 13 20 15 16 17 18 14 19 21 22 23 24 25 26 27 28 29 30 31 
0 1 2 3 4 5 6 18 8 9 10 11 12 13 14 15 16 7 17 19 20 21 22 23 24 25 26 27 28 29 30 31 
0 1 2 3 4 5 17 16 15 14 13 12 11 10 9 8 7 6 18 19 20 21 22 23 24 25 26 27 28 29 30 31 
0 1 2 3 4 5 6 7 8 9 10 11 12 15 14 13 19 17 18 16 20 21 22 23 24 25 26 27 28 29 30 31 
0 1 2 3 4 5 6 7 8 9 10 11 12 13 14 15 16 17 18 26 25 24 23 22 21 20 19 27 28 29 30 31 
0 1 2 3 4 5 6 24 23 22 21 20 19 18 17 16 15 14 13 12 11 10 9 8 7 25 26 27 28 29 30 31 
0 1 2 3 4 5 6 7 8 9 10 11 12 13 14 15 16 30 29 28 27 26 25 24 23 22 21 20 19 18 17 31 
0 1 2 3 4 5 6 7 8 9 10 11 12 13 14 15 16 30 29 28 27 26 25 24 23 22 21 20 19 18 17 31 
0 1 2 3 4 5 6 7 8 9 10 11 12 13 14 15 16 17 26 18 19 20 21 22 23 24 25 27 28 29 30 31 
0 1 2 3 4 5 12 7 8 9 11 13 6 10 14 15 16 17 18 19 20 21 22 23 24 25 26 27 28 29 30 31 
0 1 2 3 4 5 6 7 8 9 10 11 12 13 14 15 25 24 23 22 21 20 19 18 17 16 26 27 28 29 30 31 
0 1 2 3 4 5 6 7 8 9 10 11 12 13 14 26 25 24 23 22 21 20 19 18 17 16 15 27 28 29 30 31 
0 1 2 3 4 5 14 13 12 11 10 9 8 7 6 15 16 17 18 19 20 21 22 23 24 25 26 27 28 29 30 31 
0 1 2 3 4 5 6 7 8 9 10 11 12 25 24 23 22 21 20 19 18 17 16 15 14 13 26 27 28 29 30 31 
0 1 2 3 4 5 6 7 8 9 10 11 12 13 14 15 16 17 18 19 20 21 22 30 29 28 27 26 25 23 24 31 
0 1 2 3 4 5 6 7 8 9 10 15 14 13 12 11 16 17 18 19 20 21 22 23 24 25 26 27 28 29 30 31 
0 1 2 3 4 5 6 7 8 9 10 11 12 13 14 15 16 17 18 19 28 27 26 25 24 23 22 21 20 29 30 31 
0 1 2 3 4 5 6 7 8 9 10 11 12 13 14 15 16 17 18 30 29 28 27 26 25 24 23 22 21 20 19 31 
0 1 2 3 4 5 6 7 8 9 10 11 12 13 14 15 16 17 18 30 29 28 27 26 25 24 23 22 21 20 19 31 
0 1 2 3 4 5 6 7 8 9 10 11 12 13 14 15 16 17 18 30 29 28 27 26 25 24 23 22 21 20 19 31 
0 1 2 3 4 5 6 7 8 9 10 11 12 13 14 15 16 28 27 26 25 24 23 22 21 20 19 18 17 29 30 31 
0 1 2 3 4 12 7 6 8 9 10 11 5 13 14 15 16 17 18 19 20 21 22 23 24 25 26 27 28 29 30 31 
0 1 2 3 4 12 7 6 8 9 10 11 5 13 14 15 16 17 18 19 20 21 22 23 24 25 26 27 28 29 30 31 
0 1 2 3 4 5 6 7 8 9 10 11 19 18 17 16 15 14 13 12 20 21 22 23 24 25 26 27 28 29 30 31 
0 1 2 3 4 5 6 7 8 9 10 11 12 13 14 15 16 17 18 26 20 21 22 23 24 25 19 27 28 29 30 31 
0 1 2 3 4 5 6 7 8 9 10 11 12 13 14 15 16 17 25 19 20 21 18 23 24 22 26 27 28 29 30 31 
0 1 2 3 4 18 17 16 15 14 13 12 11 10 9 8 7 6 5 19 20 21 22 23 24 25 26 27 28 29 30 31 
0 1 2 3 4 5 6 7 8 9 10 11 12 13 14 15 16 17 18 19 27 21 22 23 24 25 26 20 28 29 30 31 
0 1 2 3 4 5 6 7 10 13 8 11 12 9 14 15 16 17 18 19 20 21 22 23 24 25 26 27 28 29 30 31 
0 1 2 3 4 5 6 7 10 13 8 11 12 9 14 15 16 17 18 19 20 21 22 23 24 25 26 27 28 29 30 31 
0 1 2 3 4 5 6 7 8 9 10 11 12 13 14 15 16 17 18 19 20 26 22 23 24 21 25 27 28 29 30 31 
0 1 2 3 4 5 6 7 8 9 10 11 12 13 14 15 16 17 23 19 18 21 22 20 24 25 26 27 28 29 30 31 
0 1 2 3 4 5 6 16 8 9 12 11 10 7 14 15 13 17 18 19 20 21 22 23 24 25 26 27 28 29 30 31 
0 1 2 3 4 5 6 7 8 9 10 11 12 13 24 23 22 21 20 19 18 17 16 15 14 25 26 27 28 29 30 31 
0 1 2 3 21 20 19 18 17 16 15 14 13 12 11 10 9 8 7 6 5 4 22 23 24 25 28 27 26 29 30 31 
0 1 2 3 4 5 6 7 8 9 10 11 12 13 14 22 21 20 19 18 17 16 15 23 24 25 26 27 28 29 30 31 
0 1 2 3 4 5 6 7 8 9 10 11 18 13 12 15 16 17 14 25 20 21 22 23 24 19 26 27 28 29 30 31 
0 1 2 3 4 5 6 7 8 19 18 17 16 15 14 13 12 11 10 9 20 21 22 23 24 25 26 27 28 29 30 31 
0 1 2 3 4 5 6 7 8 9 10 11 12 13 14 15 16 17 18 29 28 27 26 25 24 23 22 21 20 19 30 31 
0 1 2 3 4 5 6 7 8 9 10 11 12 13 14 15 16 17 18 29 28 27 26 25 24 23 22 21 20 19 30 31 
0 1 2 3 4 5 6 7 8 9 10 11 12 13 14 15 16 17 18 29 28 27 26 25 24 23 22 21 20 19 30 31 
0 1 2 3 4 5 6 7 8 9 10 11 12 13 14 15 16 17 23 24 25 26 27 18 22 21 20 19 28 29 30 31 
0 1 2 3 4 5 6 7 8 9 25 24 23 22 21 20 19 18 17 16 15 14 13 12 11 10 26 27 28 29 30 31 
0 1 2 3 4 5 6 7 8 18 17 16 15 14 13 12 11 10 9 19 20 21 22 23 24 25 26 27 28 29 30 31 
0 1 2 3 4 5 6 7 8 9 10 11 12 17 14 15 16 13 18 27 26 25 24 23 22 21 20 19 28 29 30 31 
0 1 2 3 11 10 9 8 7 6 5 4 12 13 14 15 16 17 18 19 20 21 22 23 24 25 26 27 28 29 30 31 
0 1 2 3 4 5 6 7 8 9 10 11 12 13 19 15 16 18 22 14 20 21 17 23 24 25 26 27 28 29 30 31 
0 1 2 3 4 5 6 7 8 9 10 11 12 13 14 15 16 17 18 29 28 27 26 25 24 23 22 21 20 19 30 31 
0 1 2 3 4 5 6 7 8 9 10 16 15 14 13 12 11 17 18 28 27 26 25 24 23 22 21 20 19 29 30 31 
0 1 2 3 4 5 6 7 8 9 10 16 15 14 13 12 11 17 18 28 27 26 25 24 23 22 21 20 19 29 30 31 
0 1 2 3 4 5 6 7 8 9 10 11 12 13 14 15 16 17 18 30 29 28 27 26 25 24 23 22 21 20 19 31 
0 1 2 3 4 5 6 7 8 9 10 11 12 22 14 15 16 17 18 19 20 21 13 23 24 25 26 27 28 29 30 31 
0 1 2 3 4 5 6 7 8 9 10 11 12 13 14 15 16 17 18 29 28 27 26 25 24 23 22 20 19 21 30 31 
0 1 2 3 4 16 15 14 13 12 11 10 9 8 7 6 5 17 18 19 20 21 22 23 24 25 26 27 28 29 30 31 
0 1 2 3 4 7 6 5 8 17 13 11 15 22 14 18 16 20 23 19 9 21 10 12 24 25 26 27 28 29 30 31 
0 1 2 3 4 7 6 5 8 17 13 11 15 22 14 18 16 20 23 19 9 21 10 12 24 25 26 27 28 29 30 31 
0 1 2 3 4 5 6 7 8 9 10 11 12 25 18 16 15 17 24 22 20 23 19 21 14 13 26 27 28 29 30 31 
0 1 2 3 4 5 6 21 20 19 18 17 16 15 14 13 12 11 10 9 8 7 22 23 24 25 26 27 28 29 30 31 
0 1 2 3 6 13 4 7 8 9 10 12 11 5 14 15 16 17 18 19 20 21 22 23 24 25 26 27 28 29 30 31 
0 1 2 3 4 5 6 7 8 9 10 20 12 13 14 15 21 17 18 19 11 16 22 23 24 25 26 27 28 29 30 31 
0 1 2 3 4 5 6 7 8 9 10 11 12 28 27 26 25 24 23 22 21 20 19 18 17 16 15 14 13 29 30 31 
0 1 2 3 4 5 6 7 8 9 10 11 12 28 27 26 25 24 23 22 21 20 19 18 17 16 15 14 13 29 30 31 
0 1 2 3 4 5 6 7 8 9 10 11 12 13 14 15 16 17 18 30 29 28 27 26 25 24 23 22 21 20 19 31 
0 1 2 3 4 5 6 7 8 9 10 11 12 13 14 15 16 17 18 28 27 26 25 24 23 22 21 20 19 29 30 31 
0 1 2 3 4 5 6 7 8 9 10 11 12 13 14 23 22 21 20 19 18 17 16 15 24 25 26 27 28 29 30 31 
0 1 2 19 18 17 16 15 14 13 12 11 10 9 8 7 6 5 4 3 20 21 22 23 24 25 26 27 28 29 30 31 
0 1 2 3 18 17 16 15 14 13 12 11 10 9 8 7 6 5 4 19 20 21 22 23 24 25 26 27 28 29 30 31 
0 1 2 3 4 5 6 7 8 9 10 11 12 13 14 15 16 17 18 30 29 28 27 26 25 24 23 22 21 20 19 31 
0 1 2 3 4 5 15 14 13 12 11 10 9 8 7 6 16 17 18 19 20 21 22 23 24 25 26 27 28 29 30 31 
0 1 2 3 4 5 6 7 8 9 10 11 12 13 14 15 16 17 23 19 20 21 25 18 24 22 26 27 28 29 30 31 
0 1 2 3 4 5 22 21 20 19 18 17 16 15 14 13 12 11 10 9 8 7 6 23 24 25 26 27 28 29 30 31 
0 1 2 3 4 5 6 7 8 9 10 11 12 13 29 28 27 26 25 24 23 22 21 20 19 18 17 16 15 14 30 31 
0 1 2 3 4 5 6 7 8 9 10 11 12 13 29 28 27 26 25 24 23 22 21 20 19 18 17 16 15 14 30 31 
0 1 2 3 4 5 6 7 8 9 28 27 26 25 24 23 22 21 20 19 18 17 16 15 14 13 12 11 10 29 30 31 
0 1 2 3 4 5 6 7 8 9 28 27 26 25 24 23 22 21 20 19 18 17 16 15 14 13 12 11 10 29 30 31 
0 1 2 3 4 5 6 7 8 9 10 27 26 25 24 23 22 21 20 11 12 13 14 15 16 17 18 19 28 29 30 31 
0 1 2 3 4 5 6 7 8 9 10 11 12 13 14 15 16 17 18 27 26 25 24 23 22 21 20 19 28 29 30 31 
0 1 2 3 4 5 6 7 8 9 10 11 12 13 14 15 16 17 18 27 26 25 24 23 22 21 20 19 28 29 30 31 
0 1 2 3 7 5 6 11 8 9 10 4 12 13 14 15 16 17 18 19 20 21 22 23 24 25 26 27 28 29 30 31 
0 1 2 3 4 5 12 7 8 16 15 14 13 11 6 10 9 17 18 19 20 21 22 23 24 25 26 27 28 29 30 31 
0 1 2 3 4 5 6 7 8 9 10 11 12 13 14 15 16 17 18 27 26 25 24 23 22 21 20 19 28 29 30 31 
0 1 2 3 4 5 6 7 8 9 14 13 12 11 10 15 16 17 18 19 20 21 22 23 24 25 26 27 28 29 30 31 
0 22 21 20 19 18 17 16 15 14 13 12 11 10 9 8 7 6 5 1 2 3 4 23 24 25 26 27 28 29 30 31 
0 1 2 3 4 5 6 7 8 28 27 26 25 24 23 22 21 20 19 18 17 16 15 14 13 12 11 10 9 29 30 31 
0 1 2 3 4 5 6 7 8 9 10 11 12 13 14 15 16 17 18 19 20 21 22 23 24 25 30 29 28 27 26 31 
0 1 2 3 4 5 6 7 8 9 10 11 12 13 14 15 16 17 21 27 20 18 22 28 24 25 26 19 23 29 30 31 
0 1 2 3 4 5 6 7 8 9 10 11 12 13 14 15 16 17 21 27 20 18 22 28 24 25 26 19 23 29 30 31 
0 1 2 3 4 5 6 7 8 9 10 11 12 13 14 15 16 17 21 27 20 18 22 28 24 25 26 19 23 29 30 31 
0 1 2 3 4 5 6 7 13 9 16 11 12 8 14 15 10 17 18 19 20 21 22 23 24 25 26 27 28 29 30 31 
0 1 2 3 4 5 6 7 13 9 16 11 12 8 14 15 10 17 18 19 20 21 22 23 24 25 26 27 28 29 30 31 
0 1 2 3 4 17 16 15 14 13 12 11 10 9 8 7 6 5 18 19 20 21 22 23 24 25 26 27 28 29 30 31 
0 1 2 3 4 5 6 7 8 9 10 11 12 13 14 15 16 17 18 19 20 21 22 23 24 27 26 29 25 28 30 31 
0 1 2 3 4 5 6 7 8 9 10 11 12 13 14 15 16 17 18 19 27 26 25 24 23 22 21 20 28 29 30 31 
0 1 2 3 4 5 6 7 8 9 10 11 12 13 14 15 16 17 18 28 27 26 25 24 23 22 21 20 19 29 30 31 
0 1 2 3 4 28 27 26 25 24 23 22 21 20 19 18 17 16 15 14 13 12 11 10 9 8 7 6 5 29 30 31 
0 1 2 3 4 5 6 7 8 9 10 11 12 13 14 15 16 17 18 26 20 21 22 29 24 25 19 27 28 23 30 31 
0 1 2 3 4 5 6 7 8 9 10 11 12 13 14 15 16 17 18 30 29 21 22 23 20 27 26 25 28 24 19 31 
0 1 2 3 4 5 6 20 19 18 17 16 15 14 13 12 11 10 9 8 7 21 22 23 24 25 26 27 28 29 30 31 
0 1 2 3 4 5 6 21 20 19 18 17 16 15 14 13 12 11 10 9 8 7 22 23 24 25 26 27 28 29 30 31 
0 1 2 3 4 5 6 7 8 9 10 11 12 13 14 15 16 17 18 19 20 30 22 23 29 25 27 26 28 24 21 31 
0 1 2 3 4 5 6 7 8 9 10 11 12 13 14 15 23 17 18 19 22 21 20 16 24 25 26 27 28 29 30 31 
0 1 2 3 4 5 6 7 8 9 10 11 12 13 14 15 23 17 18 19 22 21 20 16 24 25 26 27 28 29 30 31 
0 1 2 3 4 5 6 7 8 25 24 23 22 21 20 19 18 17 16 15 14 13 12 11 10 9 26 27 28 29 30 31 
0 1 2 3 15 5 6 7 12 9 10 13 8 11 14 22 16 17 18 19 24 4 21 25 20 23 26 27 28 29 30 31 
0 1 2 3 15 5 6 7 12 9 10 13 8 11 14 22 16 17 18 19 24 4 21 25 20 23 26 27 28 29 30 31 
0 1 2 3 27 26 25 19 20 21 22 23 24 18 17 16 15 14 13 12 11 10 9 8 7 6 5 4 28 29 30 31 
0 1 2 3 4 5 6 7 8 9 10 11 12 13 14 15 16 17 18 30 29 28 27 26 25 24 23 22 21 20 19 31 
0 1 2 3 4 5 6 7 8 9 10 11 12 13 14 15 16 17 18 30 29 28 27 26 25 24 23 22 21 20 19 31 
0 1 2 3 4 5 6 7 8 9 10 11 12 13 14 15 16 17 18 30 29 28 27 26 25 24 23 22 21 20 19 31 
0 1 2 3 4 5 6 7 8 9 10 11 12 13 14 15 16 17 18 30 29 28 27 26 25 24 23 22 21 20 19 31 
0 1 2 3 4 5 6 7 8 9 10 11 12 13 14 15 16 28 27 26 25 24 23 22 21 20 19 18 17 29 30 31 
0 1 2 3 4 5 6 7 8 9 10 11 12 13 14 15 16 28 27 17 18 19 20 21 22 23 24 25 26 29 30 31 
0 1 2 3 4 5 6 7 8 9 10 11 12 13 14 23 16 17 18 19 20 21 15 22 24 25 26 27 28 29 30 31 
0 1 2 3 4 5 6 7 8 9 10 11 12 13 14 23 16 17 18 15 19 20 21 22 24 25 26 27 28 29 30 31 
0 1 2 3 4 5 6 7 8 9 10 11 12 13 14 15 16 17 18 27 26 25 24 23 22 21 20 19 28 29 30 31 
0 1 2 3 4 5 6 7 8 9 10 11 12 13 14 15 16 17 23 19 20 21 22 29 24 25 26 27 28 18 30 31 
0 1 2 3 4 5 23 22 21 20 19 18 17 16 15 14 13 12 11 10 9 8 7 6 24 25 26 27 28 29 30 31 
0 1 2 3 4 5 6 7 8 27 26 25 24 23 22 21 20 19 18 17 16 15 14 13 12 11 10 9 28 29 30 31 
0 1 2 3 4 5 6 7 8 27 26 25 24 23 22 21 20 19 18 17 16 15 14 13 12 11 10 9 28 29 30 31 
0 1 2 3 4 5 6 7 8 9 10 11 12 13 14 15 16 17 26 25 24 23 22 21 20 19 18 27 28 29 30 31 
0 1 2 3 4 5 6 7 8 9 10 26 25 24 23 22 21 20 19 18 17 16 15 14 13 12 11 27 28 29 30 31 
0 1 2 3 4 5 6 7 8 9 10 11 12 13 14 15 16 21 18 19 20 27 17 23 24 25 26 28 22 29 30 31 
0 9 8 7 6 5 4 3 2 1 10 11 12 13 14 15 16 20 18 19 17 21 22 23 24 25 26 27 28 29 30 31 
0 1 2 3 4 5 6 7 20 19 18 17 16 15 14 13 12 11 10 9 8 21 22 23 24 25 26 27 28 29 30 31 
0 9 8 7 6 5 4 3 2 1 10 11 12 13 14 15 16 20 18 19 17 21 22 23 24 25 26 27 28 29 30 31 
0 1 2 3 4 5 6 7 8 9 10 11 12 13 14 15 16 17 18 28 27 26 30 29 19 20 21 22 23 24 25 31 
0 1 2 3 4 5 6 7 8 9 17 16 12 13 14 15 11 10 18 19 20 21 22 23 24 25 26 27 28 29 30 31 
0 1 2 6 12 5 3 7 10 9 8 11 4 13 14 15 16 17 18 19 20 21 22 23 24 25 26 27 28 29 30 31 
0 1 2 6 12 5 3 7 10 9 8 11 4 13 14 15 16 17 18 19 20 21 22 23 24 25 26 27 28 29 30 31 
0 1 2 3 4 5 18 17 16 15 14 13 12 11 10 9 8 7 6 19 20 21 22 23 24 25 26 27 28 29 30 31 
0 1 2 3 4 5 6 7 8 9 10 11 12 13 14 15 16 25 24 23 22 21 20 19 18 17 26 27 28 29 30 31 
0 1 2 3 4 5 6 7 8 9 10 11 12 13 25 24 23 22 21 20 19 18 17 16 15 14 26 27 28 29 30 31 
0 1 2 3 4 5 6 7 8 9 26 25 24 23 22 21 20 19 18 17 16 15 14 13 12 11 10 27 28 29 30 31 
0 1 2 3 4 5 6 7 8 9 10 21 20 19 18 17 16 15 14 13 12 11 22 23 24 25 26 27 28 29 30 31 
0 1 2 3 4 5 6 7 8 9 10 11 12 13 14 15 16 17 23 19 24 27 22 18 20 25 26 21 28 29 30 31 
0 1 2 3 4 5 6 7 8 9 10 21 20 19 18 17 16 15 14 13 12 11 22 23 24 25 26 27 28 29 30 31 
0 1 2 3 4 5 6 7 8 9 10 11 12 13 14 15 16 17 18 29 28 27 26 25 24 23 22 21 20 19 30 31 
0 1 2 3 4 5 6 7 8 9 10 11 12 13 14 15 16 17 18 30 29 28 27 26 25 24 23 22 21 20 19 31 
0 1 2 3 4 5 6 7 8 9 10 11 12 13 14 22 21 20 19 18 17 16 15 23 24 25 26 27 28 29 30 31 
0 1 2 3 4 5 6 7 8 9 10 11 12 13 14 15 16 26 18 19 25 21 22 23 24 20 17 27 28 29 30 31 
0 1 2 3 4 5 6 7 8 9 10 11 12 13 14 15 16 26 18 19 25 21 22 23 24 20 17 27 28 29 30 31 
0 1 15 14 13 12 11 10 9 8 7 6 5 4 3 2 16 17 18 19 20 21 22 23 24 25 26 27 28 29 30 31 
0 1 15 14 13 12 11 10 9 8 7 6 5 4 3 2 16 17 18 19 20 21 22 23 24 25 26 27 28 29 30 31 
0 1 15 14 13 12 11 10 9 8 7 6 5 4 3 2 16 17 18 19 20 21 22 23 24 25 26 27 28 29 30 31 
0 1 2 3 4 5 6 7 8 9 10 11 12 13 14 26 25 24 23 22 21 20 19 18 17 16 15 27 28 29 30 31 
0 1 2 3 4 5 6 7 8 9 10 11 12 13 14 26 25 24 23 22 21 20 19 18 17 16 15 27 28 29 30 31 
0 1 2 3 4 5 6 7 8 22 21 20 19 18 17 16 15 14 13 12 11 10 9 23 24 25 26 27 28 29 30 31 
0 1 2 3 4 5 6 7 8 9 10 11 12 13 14 15 16 17 18 24 20 29 28 27 26 25 23 19 22 21 30 31 
0 1 2 3 4 5 6 7 8 9 10 22 21 20 19 18 17 16 15 14 13 12 11 23 24 25 26 27 28 29 30 31 
0 1 2 3 4 5 6 7 8 9 10 11 12 13 17 15 16 14 18 26 25 24 23 22 21 20 19 27 28 29 30 31 
0 1 2 3 4 5 6 7 8 9 11 10 12 13 14 15 16 17 21 30 20 19 22 23 28 25 26 27 24 29 18 31 
0 1 2 3 4 5 6 7 8 9 11 10 12 13 14 15 16 17 21 30 20 19 22 23 28 25 26 27 24 29 18 31 
0 1 2 3 4 5 6 7 8 9 10 11 12 26 25 24 23 22 21 20 19 18 17 16 15 14 13 27 28 29 30 31 
0 1 2 3 4 5 6 7 8 9 10 11 12 13 14 15 16 17 18 29 28 27 26 25 24 23 22 21 20 19 30 31 
0 1 2 3 4 5 6 7 16 15 14 13 12 11 10 9 8 17 18 19 20 21 22 23 24 25 26 27 28 29 30 31 
0 1 2 3 4 5 6 7 8 9 10 11 21 13 14 15 16 17 18 19 20 12 22 23 24 25 26 27 28 29 30 31 
0 1 2 3 4 5 6 7 8 9 10 11 21 13 14 15 16 17 18 19 20 12 22 23 24 25 26 27 28 29 30 31 
0 1 2 3 4 5 6 7 8 23 10 11 12 13 14 15 20 17 18 19 16 21 9 22 24 25 26 27 28 29 30 31 
0 1 2 3 4 5 6 7 8 23 10 11 12 13 14 15 20 17 18 19 16 21 9 22 24 25 26 27 28 29 30 31 
0 1 2 3 4 5 6 7 23 22 21 20 19 18 17 16 15 14 13 12 11 10 9 8 24 25 26 27 28 29 30 31 
0 1 2 3 4 5 6 7 23 22 21 20 19 18 17 16 15 14 13 12 11 10 9 8 24 25 26 27 28 29 30 31 
0 1 2 3 4 5 6 7 8 9 10 11 12 13 14 15 16 17 18 30 29 28 27 26 25 24 23 22 21 20 19 31 
0 1 2 3 4 5 6 7 8 9 10 27 26 25 24 23 22 21 20 19 18 17 16 15 14 13 12 11 28 29 30 31 
0 1 2 3 4 5 6 7 8 9 10 11 12 13 14 15 16 17 18 27 26 25 24 23 22 21 20 19 28 29 30 31 
0 1 2 3 4 5 6 7 8 9 10 11 12 13 14 15 16 17 18 28 27 26 25 24 23 22 21 20 19 29 30 31 
0 1 2 3 4 5 6 7 8 9 10 11 12 13 28 27 26 25 24 23 22 21 20 19 18 17 16 15 14 29 30 31 
0 1 2 3 4 5 6 7 8 9 10 22 21 20 19 18 17 16 15 14 13 12 11 23 24 25 26 27 28 29 30 31 
0 1 2 3 27 26 25 24 23 22 21 20 19 18 17 16 15 14 13 12 11 10 9 8 7 6 5 4 28 29 30 31 
0 1 2 3 4 5 6 7 8 9 10 19 18 17 16 15 14 13 12 11 20 21 22 23 24 25 26 27 28 29 30 31 
0 1 2 3 4 5 6 7 8 9 22 21 20 19 18 17 16 15 14 13 12 11 10 23 24 25 26 27 28 29 30 31 
0 1 2 3 4 5 6 7 8 9 10 11 12 13 14 15 16 17 18 19 27 21 22 25 23 24 26 20 28 29 30 31 
0 1 2 3 4 5 6 7 8 9 10 11 20 13 14 15 17 16 18 19 12 21 22 23 24 25 26 27 28 29 30 31 
0 1 2 3 4 5 6 7 8 9 10 11 12 13 14 15 16 17 18 19 27 21 22 25 23 24 26 20 28 29 30 31 
0 1 2 3 4 5 6 7 8 13 12 11 10 9 14 15 16 17 18 19 20 21 22 23 25 24 26 27 28 29 30 31 
0 26 25 24 23 22 21 20 19 18 17 16 15 14 13 12 11 10 9 8 7 6 5 4 3 2 1 27 28 29 30 31 
0 1 2 3 4 5 6 7 8 9 10 11 12 13 14 15 16 17 18 19 20 21 22 23 30 29 28 27 26 25 24 31 
0 1 2 3 4 5 6 7 8 9 10 11 12 13 24 23 22 21 20 19 18 17 16 15 14 25 26 27 28 29 30 31 
0 1 2 3 4 5 6 7 8 9 10 27 18 17 16 15 14 13 12 11 26 25 24 21 22 23 20 19 28 29 30 31 
0 1 2 3 4 5 6 7 8 9 10 27 18 17 16 15 14 13 12 11 26 25 24 21 22 23 20 19 28 29 30 31 
0 1 2 3 4 5 6 7 8 9 10 27 18 17 16 15 14 13 12 11 26 25 24 21 22 23 20 19 28 29 30 31 
0 1 2 3 4 5 6 7 8 9 10 27 18 17 16 15 14 13 12 11 26 25 24 21 22 23 20 19 28 29 30 31 
0 1 2 3 4 5 6 7 8 9 10 11 12 13 14 15 16 28 29 27 26 25 24 23 22 21 20 19 18 17 30 31 
0 1 2 3 6 5 14 7 8 9 10 11 12 13 4 15 16 17 18 19 20 21 22 23 24 25 26 27 28 29 30 31 
0 1 2 3 4 5 6 7 8 9 10 11 23 22 21 20 19 18 17 16 15 14 13 12 24 25 26 27 28 29 30 31 
0 1 2 3 4 5 6 7 8 9 10 11 23 22 21 20 19 18 17 16 15 14 13 12 24 25 26 27 28 29 30 31 
0 1 2 3 4 5 6 7 8 9 10 11 23 22 21 20 19 18 17 16 15 14 13 12 24 25 26 27 28 29 30 31 
0 1 2 3 4 5 6 7 8 27 26 25 24 23 22 21 20 19 18 17 16 15 14 13 12 11 10 9 28 29 30 31 
0 1 2 3 4 5 30 29 19 20 21 22 23 24 25 26 27 28 18 17 16 15 14 13 12 11 10 9 8 7 6 31 
0 1 2 3 4 5 30 29 19 20 21 22 23 24 25 26 27 28 18 17 16 15 14 13 12 11 10 9 8 7 6 31 
0 1 10 3 4 5 6 7 8 9 2 11 12 13 14 15 16 17 18 19 20 21 22 23 24 25 26 27 28 29 30 31 
0 1 2 3 4 5 6 27 26 25 24 23 22 21 20 19 18 17 16 15 14 13 12 11 10 9 8 7 28 29 30 31 
0 1 2 3 4 5 6 27 26 25 24 23 22 21 20 19 18 17 16 15 14 13 12 11 10 9 8 7 28 29 30 31 
0 1 2 3 4 5 6 7 8 23 22 21 20 19 18 17 16 15 14 13 12 11 10 9 24 25 26 27 28 29 30 31 
0 1 2 3 4 5 6 7 8 23 22 21 20 19 18 17 16 15 14 13 12 11 10 9 24 25 26 27 28 29 30 31 
0 1 2 3 4 5 6 7 8 9 10 11 12 13 14 15 16 17 18 19 20 21 22 23 24 25 30 29 28 27 26 31 
0 1 2 3 4 5 6 7 14 9 10 11 12 13 8 17 16 15 18 19 20 21 22 23 24 25 26 27 28 29 30 31 
0 1 2 3 4 5 6 7 8 9 10 19 12 13 14 15 16 17 18 11 20 21 22 23 24 25 26 27 28 29 30 31 
0 1 2 3 4 5 6 7 8 9 10 11 12 13 14 26 18 17 16 19 20 21 22 23 24 25 15 27 28 29 30 31 
0 1 2 3 4 5 6 7 8 9 10 11 12 13 14 20 16 17 18 23 15 21 22 19 24 25 26 27 28 29 30 31 
0 1 2 3 4 5 6 7 8 9 10 11 12 13 14 15 16 20 18 19 25 21 22 23 24 26 17 27 28 29 30 31 
0 1 2 3 4 5 6 7 8 9 10 11 12 13 14 15 16 30 29 28 27 26 25 24 23 22 21 20 19 18 17 31 
0 1 2 3 4 5 6 7 8 9 10 11 12 13 14 15 16 17 28 27 26 25 24 23 22 21 20 19 18 29 30 31 
0 1 2 3 4 5 6 7 8 9 10 11 12 19 21 13 18 17 14 15 20 16 22 23 24 25 26 27 28 29 30 31 
0 1 2 3 4 5 6 7 8 9 10 11 12 19 21 13 18 17 14 15 20 16 22 23 24 25 26 27 28 29 30 31 
0 1 2 3 4 5 6 7 8 9 10 11 12 13 14 15 16 17 18 24 29 19 20 21 22 23 25 26 27 28 30 31 
0 1 2 3 4 5 6 7 8 9 10 11 12 13 14 15 16 17 18 24 29 19 20 21 22 23 25 26 27 28 30 31 
0 1 2 3 4 5 6 7 8 9 10 11 12 13 14 15 16 17 18 25 24 23 22 21 20 19 26 27 28 29 30 31 
0 1 13 12 11 10 9 8 7 5 6 4 3 2 14 15 16 17 18 19 20 21 22 23 24 25 26 27 28 29 30 31 
0 1 2 3 4 5 6 7 8 9 10 11 12 13 14 15 27 26 25 24 23 22 21 20 19 18 17 16 28 29 30 31 
0 1 2 3 4 5 6 7 8 30 29 28 27 26 25 24 23 22 21 20 19 18 17 16 15 14 13 12 11 10 9 31 
0 1 2 3 4 5 6 7 8 30 29 28 27 26 25 24 23 22 21 20 19 18 17 16 15 14 13 12 11 10 9 31 
0 1 2 3 4 5 6 7 8 9 10 11 17 13 14 21 16 12 18 19 20 15 22 23 24 25 26 27 28 29 30 31 
0 1 2 3 4 14 13 12 11 10 9 8 7 6 5 15 16 17 18 19 20 21 22 23 24 25 26 27 28 29 30 31 
0 1 2 3 4 5 6 7 8 9 10 11 12 29 28 27 26 25 24 23 22 21 20 19 18 17 16 15 14 13 30 31 
0 1 2 3 4 5 6 7 8 9 10 11 12 13 14 15 16 17 18 29 28 27 26 25 24 23 22 21 20 19 30 31 
0 1 2 3 4 5 6 7 8 9 10 11 12 13 22 18 16 17 15 19 20 21 14 23 24 25 26 27 28 29 30 31 
0 1 2 3 4 5 6 7 8 9 10 11 12 13 14 15 16 27 26 25 24 23 22 21 20 19 18 17 28 29 30 31 
0 1 2 3 4 5 6 7 8 9 10 11 12 13 14 15 16 17 18 28 27 26 25 24 23 22 21 20 19 29 30 31 
0 1 20 19 18 17 16 15 14 13 12 11 10 9 8 7 6 5 4 3 2 21 22 23 24 25 26 27 28 29 30 31 
0 1 2 3 4 5 6 7 8 9 10 11 12 13 14 15 16 17 18 30 29 28 27 26 25 24 23 22 21 20 19 31 
0 1 2 3 4 5 6 7 8 9 10 11 12 13 14 15 16 17 18 28 27 26 25 24 23 22 21 20 19 29 30 31 
0 1 2 3 4 5 6 7 8 9 10 11 12 13 14 15 16 17 18 30 29 28 27 26 25 24 23 22 21 20 19 31 
0 1 2 3 4 5 6 7 8 9 10 11 12 13 14 24 23 22 21 20 19 18 17 16 15 25 26 27 28 29 30 31 
0 1 2 3 4 5 6 7 8 9 10 11 12 13 14 24 23 22 21 20 19 18 17 16 15 25 26 27 28 29 30 31 
0 1 2 3 4 14 13 12 11 10 9 8 7 6 5 15 16 17 18 19 20 21 22 23 24 25 26 27 28 29 30 31 
0 1 2 3 4 5 6 7 8 9 10 11 12 13 14 15 16 17 18 19 20 28 26 22 24 25 23 27 21 29 30 31 
0 1 2 3 4 5 6 7 8 9 10 11 12 13 14 15 16 17 18 24 20 21 22 23 27 25 26 19 28 29 30 31 
0 1 2 3 4 5 6 7 8 9 10 11 12 13 14 15 16 17 18 29 28 27 26 25 24 23 22 20 21 19 30 31 
0 1 2 3 4 5 6 7 8 9 10 11 12 13 14 15 22 18 24 19 20 17 16 23 21 25 26 27 28 29 30 31 
0 1 2 3 4 5 18 17 16 15 14 13 12 11 10 9 8 7 6 19 20 21 22 23 24 25 26 27 28 29 30 31 
0 1 2 3 4 5 18 17 16 15 14 13 12 11 10 9 8 7 6 19 20 21 22 23 24 25 26 27 28 29 30 31 
0 1 2 3 4 5 6 7 28 9 10 11 12 13 14 15 16 17 18 19 20 29 22 23 30 25 26 27 24 21 8 31 
0 1 2 3 4 5 6 7 28 9 10 11 12 13 14 15 16 17 18 19 20 29 22 23 30 25 26 27 24 21 8 31 
0 1 2 3 4 5 6 7 28 9 10 11 12 13 14 15 16 17 18 19 20 29 22 23 30 25 26 27 24 21 8 31 
0 1 2 3 4 5 6 7 28 9 10 11 12 13 14 15 16 17 18 8 19 20 21 22 23 24 25 26 27 29 30 31 
0 21 20 19 18 17 16 15 14 13 12 11 10 9 8 7 6 5 4 3 2 1 22 23 24 25 26 27 28 29 30 31 
0 1 2 3 4 5 6 7 8 9 10 11 12 13 14 15 16 30 29 28 27 26 25 24 23 22 21 20 19 18 17 31 
0 21 20 19 18 17 16 15 14 13 12 11 10 9 8 7 6 5 4 3 2 1 22 23 24 25 26 27 28 29 30 31 
0 1 2 3 4 5 15 14 13 12 11 10 9 8 7 6 16 17 18 19 20 21 22 23 24 25 26 27 28 29 30 31 
0 10 9 8 7 6 5 4 3 2 1 11 12 13 14 15 16 17 18 19 20 21 22 23 24 25 26 27 28 29 30 31 
0 1 2 3 4 5 6 7 8 9 10 11 12 13 14 15 16 17 18 29 28 27 26 25 24 23 22 21 20 19 30 31 
0 1 18 17 16 15 14 13 12 11 10 9 8 7 6 5 4 3 2 19 20 21 22 23 24 25 26 27 28 29 30 31 
0 1 2 3 4 5 6 7 8 9 10 11 12 13 14 15 16 17 30 29 28 27 26 25 24 23 22 21 20 19 18 31 
0 1 2 3 4 5 6 7 8 9 10 17 12 13 14 15 16 11 18 19 20 21 22 23 24 25 26 27 28 29 30 31 
0 1 2 3 4 5 6 7 8 9 10 11 12 13 18 15 14 16 17 25 24 23 22 19 20 21 26 27 28 29 30 31 
0 1 2 3 4 5 6 7 10 9 17 11 12 13 14 15 16 8 18 19 20 21 22 23 24 25 26 27 28 29 30 31 
0 1 2 3 4 5 6 7 8 9 10 11 12 13 14 15 16 17 18 19 20 21 22 23 24 30 25 27 28 29 26 31 
0 1 2 3 4 5 6 7 8 9 10 11 12 25 24 23 22 21 20 19 18 17 16 15 14 13 26 27 28 29 30 31 
0 1 2 12 11 10 9 8 7 6 5 4 3 13 14 15 16 17 18 19 20 21 22 23 24 25 26 27 28 29 30 31 
0 1 2 3 4 5 6 7 8 9 10 11 12 21 20 19 18 17 16 15 14 13 22 23 24 25 26 27 28 29 30 31 
0 1 2 3 4 5 30 29 28 27 26 25 24 23 22 21 20 19 18 17 16 15 14 13 12 11 10 9 8 7 6 31 
0 1 2 3 4 5 30 29 28 27 26 25 24 23 22 21 20 19 18 17 16 15 14 13 12 11 10 9 8 7 6 31 
0 1 2 7 9 12 6 3 8 4 10 5 11 13 14 15 16 17 18 19 20 21 22 23 24 25 26 27 28 29 30 31 
0 1 2 3 4 5 6 7 8 9 10 11 12 13 14 15 29 28 27 26 25 24 23 22 21 20 19 18 17 16 30 31 
0 1 2 3 4 5 6 7 8 9 10 11 12 13 14 15 29 28 27 26 25 24 23 22 21 20 19 18 17 16 30 31 
0 1 2 3 4 5 6 11 10 9 8 7 12 13 21 15 14 17 19 18 20 16 22 23 24 25 26 27 28 29 30 31 
0 1 2 3 4 5 6 7 20 19 18 17 16 15 14 13 12 11 10 9 8 21 22 23 24 25 26 27 28 29 30 31 
0 1 2 3 4 5 6 11 10 9 8 7 12 13 21 15 14 17 19 18 20 16 22 23 24 25 26 27 28 29 30 31 
0 1 2 3 4 5 6 7 8 9 10 11 12 13 14 26 25 24 23 22 21 20 19 18 17 16 15 27 28 29 30 31 
0 1 2 3 4 5 6 7 8 9 10 22 12 13 14 11 16 17 18 19 20 21 15 23 24 25 26 27 28 29 30 31 
0 1 2 3 4 5 6 7 8 9 10 22 12 13 14 11 16 17 18 19 20 21 15 23 24 25 26 27 28 29 30 31 
0 1 2 3 4 12 6 7 8 9 10 11 5 13 14 15 16 17 18 19 20 21 22 23 24 25 26 27 28 29 30 31 
0 1 2 3 4 5 6 7 8 9 10 11 12 13 14 15 16 27 26 17 18 19 20 21 22 23 24 25 28 29 30 31 
0 1 2 3 4 5 6 7 8 9 10 11 12 13 27 26 25 24 23 22 21 20 19 18 17 16 15 14 28 29 30 31 
0 1 2 3 4 5 6 7 8 9 10 11 12 13 14 15 16 17 18 29 28 27 26 25 24 23 22 21 20 19 30 31 
0 1 2 3 4 5 6 7 8 9 10 11 12 13 14 15 26 25 24 23 22 21 20 19 18 17 16 27 28 29 30 31 
0 1 2 3 4 5 6 7 8 9 10 11 12 13 14 15 16 17 18 19 20 25 22 23 24 21 27 26 28 29 30 31 
0 1 2 3 4 5 6 7 8 9 10 11 12 13 14 15 16 17 18 19 20 21 29 27 28 26 25 24 23 22 30 31 
0 1 2 3 4 5 6 7 8 9 10 11 12 13 14 15 16 23 22 18 20 21 17 19 24 25 26 27 28 29 30 31 
0 1 2 3 4 5 6 7 8 9 10 11 12 13 14 15 16 17 18 28 27 26 25 24 23 22 21 20 19 29 30 31 
0 1 2 14 13 12 11 10 9 8 7 6 5 4 3 15 16 17 18 19 20 21 22 23 24 25 26 27 28 29 30 31 
0 1 2 3 4 5 6 7 8 9 10 11 12 13 14 15 16 17 18 29 28 27 26 25 24 23 22 21 20 19 30 31 
0 1 2 3 4 5 17 16 15 14 13 12 11 10 9 8 7 6 18 19 20 21 22 23 24 25 26 27 28 29 30 31 
0 1 2 3 4 5 6 7 8 9 10 11 12 17 14 15 16 13 21 19 20 18 27 25 24 23 28 22 26 29 30 31 
0 1 2 3 4 5 6 7 8 9 10 11 12 13 27 26 25 24 23 14 15 16 17 18 19 20 21 22 28 29 30 31 
0 1 2 3 4 5 6 7 8 9 10 11 12 13 27 26 25 24 23 14 15 16 17 18 19 20 21 22 28 29 30 31 
0 1 2 3 8 5 6 12 4 9 10 11 7 14 13 15 16 17 18 19 20 21 22 23 24 25 26 27 28 29 30 31 
0 1 2 3 8 5 6 12 4 9 10 11 7 14 13 15 16 17 18 19 20 21 22 23 24 25 26 27 28 29 30 31 
0 1 2 3 4 5 6 7 8 9 10 11 12 13 14 22 21 20 19 18 17 16 15 23 24 25 26 27 28 29 30 31 
0 1 2 3 4 5 6 7 8 9 10 11 12 13 14 15 16 17 18 30 29 28 27 26 25 24 23 22 21 19 20 31 
0 1 2 3 4 5 6 7 8 9 10 11 12 13 25 24 23 22 21 20 19 18 17 16 15 14 26 27 28 29 30 31 
0 1 2 3 4 5 6 7 8 9 10 11 12 13 14 15 16 17 18 19 20 21 22 23 28 27 26 25 24 29 30 31 
0 1 2 3 4 5 6 7 8 9 10 11 12 13 14 15 16 17 18 19 20 21 22 28 24 23 25 27 26 29 30 31 
0 1 2 3 4 5 6 16 15 14 13 12 11 10 9 8 7 17 18 19 20 21 22 23 24 25 26 27 28 29 30 31 
0 1 2 3 4 5 6 7 8 9 10 11 12 13 14 15 16 17 18 22 20 21 25 23 24 19 26 27 28 29 30 31 
0 1 2 3 21 20 19 18 17 16 15 14 13 12 11 10 9 8 7 6 5 4 22 23 24 25 26 27 28 29 30 31 
0 17 16 15 14 13 12 11 10 9 8 7 6 5 4 3 2 1 18 19 20 21 22 23 24 25 26 27 28 29 30 31 
0 1 2 3 4 5 6 7 8 9 10 11 12 21 20 19 18 17 16 15 14 13 22 23 24 25 26 27 28 29 30 31 
0 1 2 3 4 5 6 7 8 9 19 18 17 16 15 14 13 12 11 10 20 21 22 23 24 25 26 27 28 29 30 31 
0 1 2 3 4 5 6 7 8 9 12 11 10 13 14 15 16 17 23 22 21 20 19 18 24 25 26 27 28 29 30 31 
0 1 2 3 4 23 24 13 25 19 18 17 21 22 14 16 12 11 10 9 8 7 6 5 15 20 26 27 28 29 30 31 
0 1 2 3 4 5 6 7 8 9 10 11 20 13 12 22 21 17 15 19 14 16 18 23 24 25 26 27 28 29 30 31 
0 1 2 3 4 5 6 7 8 9 10 11 20 13 12 22 21 17 15 19 14 16 18 23 24 25 26 27 28 29 30 31 
0 1 2 3 4 5 6 7 8 9 10 11 20 13 12 22 21 17 15 19 14 16 18 23 24 25 26 27 28 29 30 31 
0 1 2 3 4 5 6 7 8 16 10 15 12 13 11 17 9 14 18 19 20 21 22 23 24 25 26 27 28 29 30 31 
0 1 2 3 4 5 6 7 8 9 10 11 19 13 14 15 17 16 18 12 20 21 22 23 24 25 26 27 28 29 30 31 
0 1 2 3 4 5 6 7 8 9 10 11 12 13 14 15 16 17 18 27 26 25 24 23 22 21 20 19 28 29 30 31 
0 1 2 3 4 5 6 7 8 9 10 11 12 13 14 22 16 17 18 19 20 21 15 23 24 25 26 27 28 29 30 31 
0 1 2 3 4 5 6 7 8 9 10 26 25 24 23 22 21 20 19 18 17 16 15 14 13 12 11 27 28 29 30 31 
0 1 2 3 4 5 6 7 8 9 10 26 25 24 23 22 21 20 19 18 17 16 15 14 13 12 11 27 28 29 30 31 
0 1 2 3 4 5 6 7 8 9 10 11 12 13 19 20 21 22 23 24 25 26 18 17 16 15 14 27 28 29 30 31 
0 1 2 3 4 5 6 7 8 9 10 11 12 13 19 20 21 22 23 24 25 26 18 17 16 15 14 27 28 29 30 31 
0 1 2 3 4 5 6 7 8 28 27 26 25 24 23 22 21 20 19 9 10 11 12 13 14 15 16 17 18 29 30 31 
0 1 2 3 4 5 6 7 8 28 27 26 25 24 23 22 21 20 19 9 10 11 12 13 14 15 16 17 18 29 30 31 
0 1 2 3 4 5 6 7 8 28 27 26 25 24 23 22 21 20 19 9 10 11 12 13 14 15 16 17 18 29 30 31 
0 1 2 3 11 5 6 7 8 9 15 4 12 13 17 10 16 14 18 26 25 24 23 22 21 20 19 27 28 29 30 31 
0 1 2 3 11 5 6 7 8 9 15 4 12 13 17 10 16 14 18 26 25 24 23 22 21 20 19 27 28 29 30 31 
0 1 2 3 11 5 6 7 8 9 15 4 12 13 17 10 16 14 18 26 25 24 23 22 21 20 19 27 28 29 30 31 
0 1 2 3 4 5 6 7 8 9 10 11 12 13 29 28 27 26 25 24 23 22 21 20 19 18 17 16 15 14 30 31 
0 1 2 3 4 5 6 7 8 9 10 11 12 13 29 28 27 26 25 24 23 22 21 20 19 18 17 16 15 14 30 31 
0 1 2 3 4 5 6 7 8 9 10 11 12 13 29 28 27 26 25 14 15 16 17 18 19 20 21 22 23 24 30 31 
0 1 2 3 4 5 6 7 8 9 10 11 12 13 14 15 16 17 18 24 23 22 21 20 19 25 26 27 28 29 30 31 
0 1 2 3 4 5 6 7 8 9 10 11 12 13 14 15 16 17 18 19 20 21 22 23 30 29 28 27 26 25 24 31 
0 1 2 13 12 11 10 9 8 7 6 5 4 3 14 15 16 17 18 19 20 21 22 23 24 25 26 27 28 29 30 31 
0 1 2 3 4 5 6 7 8 9 10 11 12 13 14 15 16 17 18 28 27 26 25 24 23 22 21 20 19 29 30 31 
0 1 2 3 4 5 6 7 8 9 10 11 12 13 14 15 16 17 18 25 24 23 22 21 20 19 26 27 28 29 30 31 
0 1 25 24 23 22 21 20 19 18 17 16 15 14 13 12 11 10 9 8 7 6 5 4 3 2 26 27 28 29 30 31 
0 1 2 3 4 5 6 7 8 9 10 11 12 13 14 15 16 17 26 25 24 23 22 21 20 19 18 27 28 29 30 31 
0 1 2 3 16 15 14 13 12 11 10 9 8 7 6 5 4 17 18 19 20 21 22 23 24 25 26 27 28 29 30 31 
0 1 2 3 7 12 13 8 6 9 10 11 5 4 14 15 16 17 18 19 20 21 22 23 24 25 26 27 28 29 30 31 
0 1 2 3 4 5 6 7 21 20 19 18 17 16 15 14 13 12 11 10 9 8 22 23 24 25 26 27 28 29 30 31 
0 1 2 3 4 5 6 7 8 9 10 11 12 13 14 15 16 17 18 19 20 29 28 27 26 25 24 23 22 21 30 31 
0 1 2 3 4 5 6 7 8 24 23 22 21 20 19 18 17 16 15 14 13 12 11 10 9 25 26 27 28 29 30 31 
0 1 2 3 4 23 22 21 20 19 18 17 16 15 14 13 12 11 10 9 8 7 6 5 24 25 26 27 28 29 30 31 
0 1 2 3 4 5 6 7 8 9 10 11 12 13 18 17 16 15 14 19 20 21 22 23 24 25 26 27 28 29 30 31 
0 1 2 3 4 5 6 7 8 9 10 11 12 13 14 15 16 17 18 19 20 21 25 23 24 30 26 27 28 29 22 31 
0 1 15 14 13 12 11 10 9 8 7 6 5 4 3 2 16 17 18 19 20 21 22 23 24 25 26 27 28 29 30 31 
0 1 2 3 4 5 6 7 8 9 10 11 12 13 30 15 16 17 18 19 20 21 22 23 14 25 26 27 28 29 24 31 
0 1 2 3 4 5 6 7 8 9 10 11 12 13 30 15 16 17 18 19 20 21 22 23 14 25 26 27 28 29 24 31 
0 1 2 3 4 5 6 7 8 9 10 11 12 13 14 15 16 17 18 30 19 20 21 22 23 25 26 27 28 29 24 31 
0 1 2 3 4 5 6 7 8 9 10 11 12 13 14 15 16 17 18 30 19 20 21 22 23 25 26 27 28 29 24 31 
0 1 2 3 4 5 6 7 8 9 10 11 12 13 29 28 27 26 25 24 23 22 21 20 19 18 17 16 15 14 30 31 
0 1 2 3 4 5 6 7 8 9 13 11 14 10 12 17 25 15 18 19 20 21 22 26 24 16 23 27 28 29 30 31 
0 1 2 3 4 5 6 7 8 9 27 26 25 24 23 22 21 20 19 18 17 16 15 14 13 12 11 10 28 29 30 31 
0 1 2 3 4 5 6 7 8 9 10 11 12 13 14 15 16 17 18 29 28 27 26 25 24 23 22 21 20 19 30 31 
0 1 2 3 4 5 6 7 8 9 10 11 12 13 14 15 16 17 18 29 28 27 26 25 24 23 22 21 20 19 30 31 
0 15 14 13 12 11 10 9 8 7 6 5 4 3 2 1 16 17 18 19 20 21 22 23 24 25 26 27 28 29 30 31 
0 15 14 13 12 11 10 9 8 7 6 5 4 3 2 1 16 17 18 19 20 21 22 23 24 25 26 27 28 29 30 31 
0 15 14 13 12 11 10 9 8 7 6 5 4 3 2 1 16 17 18 19 20 21 22 23 24 25 26 27 28 29 30 31 
0 1 2 15 14 13 12 11 10 9 8 7 6 5 4 3 16 17 18 19 20 21 22 23 24 25 26 27 28 29 30 31 
0 1 2 15 14 13 12 11 10 9 8 7 6 5 4 3 16 17 18 19 20 21 22 23 24 25 26 27 28 29 30 31 
0 1 2 3 4 5 6 7 8 9 10 11 12 30 29 28 27 26 25 24 23 22 21 20 19 18 17 16 15 14 13 31 
0 1 2 3 4 5 6 7 8 9 10 11 12 13 14 15 16 17 18 30 29 28 27 26 25 24 23 22 21 20 19 31 
0 1 2 3 4 5 6 7 8 9 10 11 12 13 14 15 16 17 18 28 27 26 25 24 23 22 21 20 19 29 30 31 
0 1 2 3 4 5 6 7 8 9 10 11 12 30 29 28 27 26 25 24 23 22 21 20 19 18 17 16 15 14 13 31 
0 1 2 3 4 5 6 7 8 9 10 11 12 13 14 15 16 17 18 19 20 30 29 21 28 26 25 24 23 22 27 31 
0 1 2 3 4 5 6 7 8 9 10 11 12 25 14 15 16 17 18 13 19 20 21 22 23 24 26 27 28 29 30 31 
0 1 2 3 4 5 6 7 8 9 10 11 12 13 14 15 16 28 27 26 25 24 23 22 21 20 19 18 17 29 30 31 
0 1 2 4 3 5 9 7 8 6 10 11 12 21 14 15 16 17 18 19 20 13 22 23 24 25 26 27 28 29 30 31 
0 1 2 4 3 5 9 7 8 6 10 11 12 21 14 15 16 17 18 19 20 13 22 23 24 25 26 27 28 29 30 31 
0 1 2 4 3 5 9 7 8 6 10 11 12 21 14 15 16 17 18 19 20 13 22 23 24 25 26 27 28 29 30 31 
0 1 2 4 3 5 9 7 8 6 10 11 12 21 14 15 16 17 18 19 20 13 22 23 24 25 26 27 28 29 30 31 
0 1 2 4 3 5 9 7 8 6 10 11 12 21 14 15 16 17 18 19 20 13 22 23 24 25 26 27 28 29 30 31 
0 1 2 4 3 5 9 7 8 6 10 11 12 21 14 15 16 17 18 19 20 13 22 23 24 25 26 27 28 29 30 31 
0 1 2 3 4 5 6 7 8 9 10 11 12 13 14 15 16 17 18 27 26 25 24 23 22 21 20 19 28 29 30 31 
0 1 2 10 9 8 7 6 5 4 3 11 12 13 14 15 16 17 18 19 20 21 22 23 24 25 26 27 28 29 30 31 
0 1 2 3 4 5 6 7 8 9 10 11 12 13 14 15 16 17 18 19 20 21 27 23 24 25 26 22 28 29 30 31 
0 1 2 3 4 5 6 7 8 9 10 11 12 13 14 15 19 21 18 16 20 26 22 23 24 25 17 27 28 29 30 31 
0 1 2 3 4 5 6 7 8 9 10 11 12 13 14 15 29 28 27 26 25 24 23 22 21 20 19 18 17 16 30 31 
0 1 2 3 4 5 6 7 8 23 22 21 20 19 18 17 16 15 14 13 12 11 10 9 24 25 26 27 28 29 30 31 
0 1 11 3 2 5 6 4 8 9 10 7 12 13 14 15 16 17 18 19 20 21 22 23 24 25 26 27 28 29 30 31 
0 1 2 3 4 5 6 7 8 9 10 19 18 17 16 15 14 13 12 11 20 21 22 23 24 25 26 27 28 29 30 31 
0 1 18 17 16 15 14 13 12 11 10 9 8 7 6 5 4 3 2 19 20 21 22 23 24 25 26 27 28 29 30 31 
0 1 18 17 16 15 14 13 12 11 10 9 8 7 6 5 4 3 2 19 20 21 22 23 24 25 26 27 28 29 30 31 
0 1 2 3 4 5 6 7 11 10 9 8 12 13 14 15 16 17 18 27 26 25 24 23 22 21 20 19 28 29 30 31 
0 1 2 3 4 5 6 7 8 9 10 11 12 13 14 15 16 17 18 29 28 27 26 25 24 23 22 21 20 19 30 31 
0 1 2 3 4 5 6 7 8 9 10 11 12 13 14 15 16 17 18 29 28 27 26 25 24 23 22 21 20 19 30 31 
0 1 2 3 5 14 6 7 8 4 10 11 12 15 9 13 16 17 18 19 20 21 22 23 24 25 26 27 28 29 30 31 
0 1 2 3 5 14 6 7 8 4 10 11 12 15 9 13 16 17 18 19 20 21 22 23 24 25 26 27 28 29 30 31 
0 1 2 3 5 14 6 7 8 4 10 11 12 15 9 13 16 17 18 19 20 21 22 23 24 25 26 27 28 29 30 31 
0 1 2 3 4 5 6 7 8 9 10 11 12 13 27 26 25 24 23 22 21 20 19 18 17 16 15 14 28 29 30 31 
0 1 2 3 4 5 6 7 8 9 10 11 12 13 27 26 25 24 23 22 21 20 19 18 17 16 15 14 28 29 30 31 
0 13 12 11 10 9 8 7 6 5 4 3 2 1 14 15 16 17 18 19 20 21 22 23 24 25 26 27 28 29 30 31 
0 13 12 11 10 9 8 7 6 5 4 3 2 1 14 15 16 17 18 19 20 21 22 23 24 25 26 27 28 29 30 31 
0 1 2 3 10 5 6 7 12 9 4 11 8 14 13 15 16 17 18 19 20 21 22 23 24 25 26 27 28 29 30 31 
0 1 2 3 4 5 6 7 8 9 10 11 26 25 24 23 22 21 20 12 13 14 15 16 17 18 19 27 28 29 30 31 
0 1 2 3 4 5 6 7 8 9 10 11 26 25 24 23 22 21 20 12 13 14 15 16 17 18 19 27 28 29 30 31 
0 1 2 3 4 25 24 23 22 21 20 19 18 17 16 15 14 13 12 5 6 7 8 9 10 11 26 27 28 29 30 31 
0 1 2 3 4 5 6 7 8 9 10 11 12 13 14 15 16 17 18 29 28 27 26 25 24 23 22 21 20 19 30 31 
0 1 2 3 4 5 6 7 8 9 10 11 12 13 14 15 16 27 26 25 24 23 22 21 20 19 18 17 28 29 30 31 
0 1 2 3 4 5 6 7 8 9 10 11 12 13 14 15 16 17 18 27 26 25 24 23 22 21 20 19 28 29 30 31 
0 1 2 3 4 5 6 7 8 9 10 14 12 13 17 11 16 15 18 19 20 21 22 23 24 25 26 27 28 29 30 31 
0 1 2 3 4 5 6 7 8 9 10 11 12 13 14 15 16 17 18 29 28 27 26 25 24 23 22 21 20 19 30 31 
0 1 2 3 4 5 6 7 8 9 10 11 12 13 14 15 16 17 18 29 28 27 26 25 24 23 22 21 20 19 30 31 
0 1 2 3 4 5 6 7 8 9 10 11 12 13 14 15 16 17 18 30 29 28 27 26 25 24 23 22 21 20 19 31 
0 1 2 3 4 5 6 7 8 9 10 11 12 13 14 15 16 17 18 19 20 21 30 29 28 27 26 25 24 23 22 31 
0 1 2 3 4 5 6 7 8 9 10 11 12 13 14 15 30 29 28 27 26 25 24 23 22 21 20 19 18 17 16 31 
0 1 2 3 12 5 6 7 8 9 10 11 4 13 14 15 16 17 18 19 20 21 22 23 24 25 26 27 28 29 30 31 
0 1 2 3 4 5 6 7 8 9 10 11 12 13 14 15 16 17 18 30 29 28 27 26 25 24 23 22 21 20 19 31 
0 1 2 3 4 5 6 7 8 9 10 24 12 13 14 15 16 17 18 19 20 21 22 23 11 25 26 27 28 29 30 31 
0 22 21 20 19 18 17 16 15 14 13 12 11 10 9 8 7 6 5 4 3 2 1 23 24 25 26 27 28 29 30 31 
0 22 21 20 19 18 17 16 15 14 13 12 11 10 9 8 7 6 5 1 2 3 4 23 24 25 26 27 28 29 30 31 
0 1 2 3 4 5 6 7 8 9 10 11 12 13 24 23 22 21 20 19 18 17 16 15 14 25 26 27 28 29 30 31 
0 1 2 3 4 5 6 7 8 9 10 11 12 22 14 15 18 17 13 19 20 21 16 23 24 25 26 27 28 29 30 31 
0 1 2 3 4 5 6 7 8 9 10 11 12 13 14 15 16 17 18 26 21 22 19 23 24 25 20 27 28 29 30 31 
0 1 2 3 4 5 6 7 8 9 10 11 29 28 27 26 25 24 23 22 21 20 19 18 17 16 15 14 13 12 30 31 
0 1 2 3 4 5 6 7 8 9 10 11 12 13 14 15 16 17 18 29 28 27 26 25 24 23 22 21 20 19 30 31 
0 1 2 3 4 5 6 7 8 9 10 11 12 13 17 16 15 14 18 19 20 21 22 23 24 25 26 27 28 29 30 31 
0 1 2 3 4 15 7 5 8 9 10 11 12 13 14 6 16 17 18 19 20 21 22 23 24 25 26 27 28 29 30 31 
0 1 2 19 18 17 16 15 14 13 12 11 10 9 8 7 6 5 4 3 20 21 22 23 24 25 26 27 28 29 30 31 
0 1 2 3 4 5 6 7 8 9 10 11 12 13 14 15 28 27 26 25 24 23 22 21 20 19 18 17 16 29 30 31 
0 1 2 3 4 5 6 7 8 9 10 11 12 13 14 15 28 27 26 25 24 23 22 21 20 19 18 17 16 29 30 31 
0 1 2 3 4 5 6 7 8 9 10 11 19 13 12 15 16 17 23 14 20 29 22 18 24 30 26 27 28 21 25 31 
0 1 2 3 4 5 6 7 8 9 10 11 19 13 12 15 16 17 23 14 18 20 21 22 24 25 26 27 28 29 30 31 
0 2 18 3 4 5 16 7 8 6 10 11 12 13 14 15 9 17 1 19 20 21 22 23 24 25 26 27 28 29 30 31 
0 2 18 3 4 5 16 7 8 6 10 11 12 13 14 15 9 17 1 19 20 21 22 23 24 25 26 27 28 29 30 31 
0 2 18 3 4 5 16 7 8 6 10 11 12 13 14 15 9 17 1 19 20 21 22 23 24 25 26 27 28 29 30 31 
0 2 18 3 4 5 16 7 8 6 10 11 12 13 14 15 9 17 1 19 20 21 22 23 24 25 26 27 28 29 30 31 
0 1 2 3 4 5 6 7 8 9 10 22 21 20 19 18 17 16 15 14 13 12 11 23 24 25 26 27 28 29 30 31 
0 1 2 3 4 5 25 24 23 22 21 20 19 18 17 16 15 14 13 12 11 10 9 8 7 6 26 27 28 29 30 31 
0 1 2 3 4 5 6 7 8 9 10 11 12 13 14 15 16 17 18 28 27 26 25 24 23 22 21 20 19 29 30 31 
0 1 2 3 4 5 6 7 8 9 10 11 17 16 14 15 12 13 18 19 20 21 22 23 24 25 26 27 28 29 30 31 
0 1 2 3 4 15 14 13 12 11 10 9 8 7 6 5 16 17 18 19 20 21 22 23 24 25 26 27 28 29 30 31 
0 1 2 3 4 5 6 7 8 9 10 11 12 13 14 23 16 18 15 21 20 19 22 17 24 25 26 27 28 29 30 31 
0 1 2 3 4 5 6 7 8 9 10 11 12 13 14 15 16 29 28 27 26 25 24 23 22 21 20 19 18 17 30 31 
0 1 2 3 4 5 6 25 24 23 22 21 20 19 18 17 16 15 14 13 12 11 10 9 8 7 26 27 28 29 30 31 
0 1 2 3 4 5 6 25 24 23 22 21 20 19 18 17 16 15 14 13 12 11 10 9 8 7 26 27 28 29 30 31 
0 1 2 3 4 5 6 25 24 23 22 21 20 19 18 17 16 15 14 13 12 11 10 9 8 7 26 27 28 29 30 31 
0 1 2 3 4 5 6 7 8 20 19 18 17 16 15 14 13 12 11 10 9 21 22 23 24 25 26 27 28 29 30 31 
0 1 2 3 4 5 6 7 8 20 19 18 17 16 15 14 13 12 11 10 9 21 22 23 24 25 26 27 28 29 30 31 
0 1 2 3 4 5 6 7 8 9 10 11 12 13 14 15 16 17 18 19 20 21 22 23 30 29 28 27 26 25 24 31 
0 1 2 3 4 5 6 7 8 30 10 13 12 9 14 15 16 17 24 20 11 21 22 23 18 25 26 27 28 29 19 31 
0 1 2 3 4 5 6 7 8 9 10 11 12 13 14 15 16 17 26 19 22 21 20 23 24 25 18 27 28 29 30 31 
0 1 2 3 4 5 6 7 8 9 10 11 12 13 14 15 16 17 26 19 22 21 20 23 24 25 18 27 28 29 30 31 
0 1 2 3 4 5 6 7 8 9 10 11 12 13 14 15 16 17 26 19 22 21 20 23 24 25 18 27 28 29 30 31 
0 1 2 3 17 16 15 14 13 12 11 10 9 8 7 6 5 4 18 19 20 21 22 23 24 25 26 27 28 29 30 31 
0 1 2 3 4 5 6 7 8 9 10 11 12 13 14 15 16 17 18 25 24 23 22 21 20 19 26 27 28 29 30 31 
0 1 2 3 4 5 6 7 8 9 10 11 12 13 14 15 16 17 18 29 28 27 26 25 24 23 22 21 20 19 30 31 
0 1 2 3 4 5 6 7 8 9 10 11 12 13 14 15 16 17 23 19 20 21 22 18 25 24 26 27 28 29 30 31 
0 1 2 3 4 5 19 18 17 16 15 14 13 12 11 10 9 8 7 6 20 21 22 23 24 25 26 27 28 29 30 31 
0 1 2 3 4 5 6 7 13 9 10 11 12 8 19 15 16 17 18 14 20 21 22 23 24 25 26 27 28 29 30 31 
0 1 2 3 4 5 6 7 8 30 29 28 27 26 25 24 23 22 21 20 19 18 17 16 15 14 13 12 11 10 9 31 
0 1 2 3 4 5 6 7 8 9 10 11 12 13 14 15 16 17 18 30 29 28 27 26 25 24 23 22 21 20 19 31 
0 1 2 3 4 5 6 7 8 9 10 11 12 13 14 15 16 17 18 30 29 28 27 26 25 24 23 22 21 20 19 31 
0 1 2 3 4 5 6 7 8 9 10 11 12 13 14 15 16 17 18 27 26 24 25 28 23 22 21 20 19 29 30 31 
0 1 2 3 4 5 6 7 8 9 10 11 12 13 14 15 16 17 18 27 26 24 25 28 23 22 21 20 19 29 30 31 
0 1 2 3 4 5 6 7 8 9 10 27 26 25 24 23 22 21 20 19 18 17 16 15 14 13 12 11 28 29 30 31 
0 1 2 3 4 5 6 7 8 9 10 27 26 25 24 23 22 21 20 19 18 17 16 15 14 13 12 11 28 29 30 31 
0 1 2 3 4 5 6 7 8 9 10 27 26 25 24 23 22 21 20 19 18 17 16 15 14 13 12 11 28 29 30 31 
0 1 2 3 4 13 6 7 11 5 10 8 9 12 15 14 16 17 18 19 20 21 22 23 24 25 26 27 28 29 30 31 
0 1 2 3 4 13 6 7 11 5 10 8 9 12 15 14 16 17 18 19 20 21 22 23 24 25 26 27 28 29 30 31 
0 1 2 3 4 13 6 7 11 5 10 8 9 12 15 14 16 17 18 19 20 21 22 23 24 25 26 27 28 29 30 31 
0 1 2 3 4 13 6 7 11 5 10 8 9 12 15 14 16 17 18 19 20 21 22 23 24 25 26 27 28 29 30 31 
0 1 2 3 4 13 6 7 11 5 10 8 9 12 15 14 16 17 18 19 20 21 22 23 24 25 26 27 28 29 30 31 
0 1 2 3 4 5 6 7 8 21 20 19 18 17 16 15 14 13 12 11 10 9 22 23 24 25 26 27 28 29 30 31 
0 17 16 15 14 13 12 11 10 9 8 7 6 5 4 3 2 1 18 19 20 21 22 23 24 25 26 27 28 29 30 31 
0 17 16 15 14 13 12 11 10 9 8 7 6 5 4 3 2 1 18 19 20 21 22 23 24 25 26 27 28 29 30 31 
0 17 16 15 14 13 12 11 10 9 8 7 6 5 4 3 2 1 18 19 20 21 22 23 24 25 26 27 28 29 30 31 
0 1 2 3 4 5 6 7 8 15 10 11 14 13 12 18 16 17 9 19 20 21 22 23 24 25 26 27 28 29 30 31 
0 1 2 3 4 5 6 7 8 15 10 11 14 13 12 18 16 17 9 19 20 21 22 23 24 25 26 27 28 29 30 31 
0 1 2 3 4 5 6 7 8 15 10 11 14 13 12 18 16 17 9 19 20 21 22 23 24 25 26 27 28 29 30 31 
0 1 2 3 4 5 6 7 8 9 10 11 12 13 30 29 28 27 26 14 15 16 17 18 19 20 21 22 23 24 25 31 
0 1 2 3 4 5 6 24 23 22 21 20 19 18 17 16 15 14 13 12 11 10 9 8 7 25 26 27 28 29 30 31 
0 1 2 3 4 5 6 21 20 18 19 17 16 15 14 13 12 11 10 9 8 7 22 23 24 25 26 27 28 29 30 31 
0 1 2 3 4 5 6 24 23 22 21 20 19 18 17 16 15 14 13 12 11 10 9 8 7 25 26 27 28 29 30 31 
0 1 2 3 4 19 18 17 16 15 14 13 12 11 10 9 8 7 6 5 20 21 22 23 24 25 26 27 28 29 30 31 
0 1 2 3 4 5 6 7 8 9 10 24 23 22 21 20 19 18 17 16 15 14 13 12 11 25 26 27 28 29 30 31 
0 1 2 3 4 5 6 7 8 9 10 29 28 27 26 25 24 19 20 21 22 23 18 17 16 15 14 13 12 11 30 31 
0 1 2 3 4 5 6 19 18 17 16 15 14 13 12 11 10 9 8 7 20 21 22 23 24 25 26 27 28 29 30 31 
0 1 2 3 4 5 6 19 18 17 16 15 14 13 12 11 10 9 8 7 20 21 22 23 24 25 26 27 28 29 30 31 
0 1 2 3 4 5 6 7 8 9 10 11 12 24 23 22 21 20 19 18 17 16 15 14 13 25 26 27 28 29 30 31 
0 1 2 3 4 5 6 7 8 9 10 11 12 24 23 22 21 20 19 18 17 16 15 14 13 25 26 27 28 29 30 31 
0 1 2 3 4 5 6 7 8 9 10 11 12 24 23 22 21 20 19 18 17 16 15 14 13 25 26 27 28 29 30 31 
0 1 2 3 4 5 6 7 8 9 22 21 20 19 18 17 16 15 14 13 12 11 10 23 24 25 26 27 28 29 30 31 
0 1 2 3 4 5 6 7 8 21 20 19 18 17 16 15 14 13 12 11 10 9 22 23 24 25 26 27 28 29 30 31 
0 1 2 3 4 5 6 7 8 21 20 19 18 17 16 15 14 13 12 11 10 9 22 23 24 25 26 27 28 29 30 31 
0 1 2 3 4 5 28 27 26 25 24 23 22 21 20 19 18 17 16 15 14 13 12 11 10 9 8 7 6 29 30 31 
0 1 2 3 4 5 6 7 8 9 10 11 12 27 26 25 24 23 22 21 20 19 18 17 16 15 14 13 28 29 30 31 
0 1 2 3 4 5 6 7 8 9 10 11 12 13 14 15 16 17 18 28 20 21 22 23 24 25 26 19 27 29 30 31 
0 1 2 3 4 5 6 7 8 9 10 11 12 13 30 29 28 27 26 25 24 23 22 21 19 17 16 20 18 15 14 31 
0 1 2 3 4 5 6 7 8 9 10 11 12 13 30 29 28 27 26 25 24 23 22 21 19 17 16 20 18 15 14 31 
0 1 2 3 4 5 6 7 8 9 10 11 12 13 30 29 28 27 26 25 24 23 22 21 19 17 16 20 18 15 14 31 
0 1 2 3 4 5 6 7 8 9 25 24 23 22 21 20 17 18 19 16 15 14 13 12 11 10 26 27 28 29 30 31 
0 1 2 3 4 9 11 13 8 5 10 6 12 7 14 15 16 17 18 21 19 20 22 23 24 25 26 27 28 29 30 31 
0 1 2 3 4 5 6 7 24 23 22 21 20 19 18 17 16 15 14 13 12 11 10 9 8 25 26 27 28 29 30 31 
0 1 2 3 4 5 6 7 24 23 22 21 20 19 18 17 16 15 14 13 12 11 10 9 8 25 26 27 28 29 30 31 
0 1 2 3 4 5 6 7 24 23 22 21 20 19 18 17 16 15 14 13 12 11 10 9 8 25 26 27 28 29 30 31 
0 1 2 3 4 5 6 7 8 9 10 11 12 13 14 15 16 17 26 25 21 24 22 23 20 19 18 27 28 29 30 31 
0 1 2 3 4 5 6 7 8 9 10 20 19 18 17 16 15 14 13 12 11 21 22 23 24 25 26 27 28 29 30 31 
0 1 2 3 4 5 6 7 8 9 10 20 19 18 17 16 15 14 13 12 11 21 22 23 24 25 26 27 28 29 30 31 
0 1 2 3 4 5 6 7 8 29 28 27 26 25 24 23 22 21 20 19 18 17 16 15 14 13 12 11 10 9 30 31 
0 1 2 3 4 5 6 7 8 9 10 11 12 13 14 15 16 17 19 20 21 22 23 24 25 26 27 28 29 18 30 31 
0 1 2 3 4 5 6 7 8 9 10 11 12 13 14 15 16 17 18 19 20 28 27 26 25 24 23 22 21 29 30 31 
0 1 2 24 23 22 21 20 19 18 17 16 15 14 13 12 11 10 9 8 7 6 5 4 3 25 26 27 28 29 30 31 
0 1 2 3 4 5 6 7 8 9 10 11 12 13 19 15 16 17 18 23 20 21 22 26 24 25 14 27 28 29 30 31 
0 1 2 3 4 5 6 7 8 9 10 11 12 13 19 15 16 17 18 23 20 21 22 26 24 25 14 27 28 29 30 31 
0 1 2 3 4 5 6 7 8 9 24 23 22 21 20 19 18 17 16 15 14 13 12 11 10 25 26 27 28 29 30 31 
0 1 2 3 4 5 6 7 8 9 24 23 22 21 20 19 18 17 16 15 14 13 12 11 10 25 26 27 28 29 30 31 
0 1 2 3 4 5 6 7 8 9 24 23 22 21 20 19 18 17 16 15 14 13 12 11 10 25 26 27 28 29 30 31 
0 1 2 3 4 5 6 7 8 9 10 30 29 28 27 26 25 24 23 22 21 20 19 18 17 16 15 14 13 12 11 31 
0 1 2 3 4 5 6 7 8 9 10 11 19 16 18 17 23 15 14 13 12 20 21 22 24 25 26 27 28 29 30 31 
0 1 2 3 4 5 6 7 8 25 24 23 22 21 20 19 18 17 16 15 14 13 12 11 10 9 26 27 28 29 30 31 
0 1 2 3 4 5 6 7 8 25 24 23 22 21 20 19 18 17 16 15 14 13 12 11 10 9 26 27 28 29 30 31 
0 1 2 3 4 5 6 7 8 25 24 23 22 21 20 19 18 17 16 15 14 13 12 11 10 9 26 27 28 29 30 31 
0 1 7 3 4 5 6 2 11 16 15 14 12 13 8 10 9 17 18 19 20 21 22 23 24 25 26 27 28 29 30 31 
0 1 2 3 4 5 6 7 8 9 10 11 12 13 14 15 16 17 18 19 27 26 25 24 23 22 21 20 28 29 30 31 
0 1 2 3 4 5 6 7 8 9 10 29 28 27 26 25 24 23 22 21 20 19 18 17 16 15 14 13 12 11 30 31 
0 1 2 3 4 5 6 7 8 9 10 11 12 13 14 28 16 17 18 19 20 21 27 23 24 25 26 22 15 29 30 31 
0 1 2 3 4 5 6 7 8 9 10 11 12 13 14 15 16 24 18 19 25 21 22 23 17 20 26 27 28 29 30 31 
0 1 2 3 4 5 6 7 8 9 10 11 12 13 14 15 16 24 18 19 25 21 22 23 17 20 26 27 28 29 30 31 
0 1 2 3 4 5 6 7 8 9 10 11 12 13 14 15 16 17 18 19 20 30 29 28 27 26 25 24 23 22 21 31 
0 1 2 3 4 5 15 14 13 12 11 10 9 8 7 6 16 17 18 19 20 21 22 23 24 25 26 27 28 29 30 31 
0 1 2 3 4 5 6 7 8 9 10 11 12 13 14 15 28 27 26 25 24 23 22 21 20 19 18 17 16 29 30 31 
0 1 2 3 4 5 6 7 8 9 10 11 12 13 14 15 16 20 18 21 17 19 22 23 24 25 29 30 28 26 27 31 
0 1 2 3 4 5 6 7 8 9 10 18 17 16 15 14 13 12 11 19 20 21 22 23 24 25 26 27 28 29 30 31 
0 1 2 3 4 16 15 14 13 12 11 10 9 8 7 6 5 17 18 20 19 21 22 23 24 25 26 27 28 29 30 31 
0 1 2 3 4 5 6 7 8 9 10 11 20 13 14 15 16 17 18 19 12 21 22 23 24 25 26 27 28 29 30 31 
0 16 15 14 13 12 11 10 9 8 7 6 5 4 3 2 1 17 18 19 20 21 22 23 24 25 26 27 28 29 30 31 
0 9 8 7 6 5 4 3 2 1 21 11 12 13 14 15 16 17 18 19 20 10 22 26 24 25 23 27 28 29 30 31 
0 9 8 7 6 5 4 3 2 1 21 11 12 13 14 15 16 17 18 19 20 10 22 26 24 25 23 27 28 29 30 31 
0 1 2 3 4 5 6 7 8 9 10 11 12 13 14 15 16 29 28 27 26 25 24 23 22 21 20 19 18 17 30 31 
0 1 2 3 4 5 6 7 8 9 10 11 12 29 28 27 26 25 24 23 22 21 20 19 18 17 16 15 14 13 30 31 
0 1 2 3 4 5 6 7 8 9 10 11 12 29 28 27 26 25 24 23 22 21 20 19 18 17 16 15 14 13 30 31 
0 1 2 3 4 5 6 7 8 9 10 11 12 13 14 15 16 29 28 27 26 25 24 23 22 21 20 19 18 17 30 31 
0 1 2 3 4 5 6 16 15 12 13 14 11 10 9 8 7 17 18 22 20 21 19 23 24 25 26 27 28 29 30 31 
0 1 2 3 4 5 6 7 8 9 10 11 12 27 26 25 24 23 22 21 20 19 18 17 16 15 14 13 28 29 30 31 
0 1 2 3 4 5 6 7 8 9 10 11 12 13 14 15 16 17 18 30 29 28 27 26 25 24 23 22 21 20 19 31 
0 1 2 3 4 5 6 7 8 9 22 11 12 13 14 15 16 17 18 19 20 21 10 23 24 25 26 27 28 29 30 31 
0 1 2 3 4 5 6 7 8 9 22 11 12 13 14 15 16 17 18 19 20 21 10 23 24 25 26 27 28 29 30 31 
0 1 2 3 4 5 6 7 8 9 10 11 12 13 14 15 16 30 29 28 27 26 25 24 23 22 21 20 19 18 17 31 
0 1 2 3 4 5 6 7 8 9 10 11 12 13 14 15 16 30 29 28 27 26 25 24 23 22 21 20 19 18 17 31 
0 1 2 3 4 5 6 7 8 9 10 11 12 13 14 15 16 30 29 28 27 26 25 24 23 22 21 20 19 18 17 31 
0 1 2 3 4 5 6 7 8 9 10 11 12 13 14 16 18 28 27 26 25 24 23 17 21 20 19 22 15 29 30 31 
0 1 2 3 4 5 6 7 8 9 10 11 12 13 14 16 18 28 27 26 25 24 23 17 21 20 19 22 15 29 30 31 
0 1 2 3 4 5 6 7 8 9 10 11 12 13 14 16 18 28 27 26 25 24 23 17 21 20 19 22 15 29 30 31 
0 1 2 3 4 5 6 7 8 9 10 11 12 13 14 16 18 28 27 26 25 24 23 17 21 20 19 22 15 29 30 31 
0 1 2 3 4 5 6 7 8 9 10 11 12 13 14 15 16 26 19 18 20 21 17 23 24 25 22 27 28 29 30 31 
0 1 2 3 4 5 6 7 8 9 10 11 12 13 14 15 16 26 19 18 20 21 17 23 24 25 22 27 28 29 30 31 
0 1 22 21 20 19 18 17 16 15 14 13 12 11 10 9 8 7 6 5 4 3 2 23 24 25 26 27 28 29 30 31 
0 1 22 21 20 19 18 17 16 15 14 13 12 11 10 9 8 7 6 5 4 3 2 23 24 25 26 27 28 29 30 31 
0 1 2 3 4 5 6 7 8 9 10 11 12 13 14 15 16 17 18 30 29 28 27 26 25 24 23 22 21 20 19 31 
0 1 2 3 4 5 6 19 15 16 17 14 13 12 11 10 9 8 7 18 20 21 22 23 24 25 26 27 28 29 30 31 
0 1 2 3 4 5 6 19 15 16 17 14 13 12 11 10 9 8 7 18 20 21 22 23 24 25 26 27 28 29 30 31 
0 1 2 3 4 5 6 7 8 9 10 11 12 13 14 15 16 17 18 30 29 28 27 24 19 26 23 20 21 22 25 31 
0 1 2 3 4 5 6 7 8 9 10 11 12 13 14 15 16 17 18 30 29 28 27 24 19 26 23 20 21 22 25 31 
0 1 2 3 4 5 6 7 8 9 10 11 12 13 14 15 16 17 18 29 28 27 26 25 24 23 22 21 20 19 30 31 
0 1 2 3 4 5 6 7 16 15 14 13 12 11 10 9 8 17 18 19 20 21 22 23 24 25 26 27 28 29 30 31 
0 1 2 3 4 5 6 7 8 9 10 11 12 13 14 15 16 21 18 19 20 17 22 23 24 25 26 27 28 29 30 31 
0 1 2 3 4 5 6 7 8 9 10 30 29 28 27 26 25 24 23 22 21 20 19 18 17 16 15 14 13 12 11 31 
0 1 2 3 4 5 6 7 8 20 10 11 12 9 14 15 16 17 18 19 13 21 22 23 24 25 26 27 28 29 30 31 
0 1 2 3 4 5 6 7 8 9 10 11 16 13 14 21 12 17 18 19 20 15 26 23 24 25 22 27 28 29 30 31 
0 1 2 3 4 5 6 7 8 9 10 26 25 24 23 22 21 20 19 18 17 16 15 14 13 12 11 27 28 29 30 31 
0 1 2 3 4 5 6 7 8 9 10 29 28 27 26 25 24 23 22 11 12 13 14 15 16 17 18 19 20 21 30 31 
0 1 2 3 4 5 6 7 8 9 10 29 28 27 26 25 24 23 22 11 12 13 14 15 16 17 18 19 20 21 30 31 
0 1 2 3 4 5 6 7 8 9 10 29 28 27 26 25 24 23 22 11 12 13 14 15 16 17 18 19 20 21 30 31 
0 1 2 3 4 5 6 7 8 9 10 17 16 15 14 13 12 11 18 26 25 24 23 22 21 20 19 27 28 29 30 31 
0 1 2 3 4 5 6 7 8 9 10 11 12 13 14 15 16 17 27 19 20 21 22 23 24 25 26 18 28 29 30 31 
0 1 2 3 4 5 6 7 8 9 10 11 12 21 14 15 16 17 18 19 20 13 22 23 24 25 26 27 28 29 30 31 
0 1 2 3 4 5 6 7 8 9 10 11 12 13 14 15 16 17 18 19 30 29 28 27 26 25 24 23 22 21 20 31 
0 1 2 3 4 5 6 11 9 8 10 13 16 7 14 21 20 19 18 17 12 15 22 23 24 25 26 27 28 29 30 31 
0 1 2 3 4 5 6 7 8 9 19 11 12 10 14 15 22 17 21 16 23 18 13 20 24 25 26 27 28 29 30 31 
0 1 2 3 4 5 6 7 8 9 10 11 12 13 14 15 16 17 18 30 29 28 27 26 25 24 23 22 21 20 19 31 
0 1 2 3 4 5 6 7 10 9 15 11 12 18 14 8 16 17 13 19 21 20 22 23 24 25 26 27 28 29 30 31 
0 1 2 3 4 5 6 7 10 9 15 11 12 18 14 8 16 17 13 19 21 20 22 23 24 25 26 27 28 29 30 31 
0 1 2 3 4 5 6 7 10 9 15 11 12 18 14 8 16 17 13 19 21 20 22 23 24 25 26 27 28 29 30 31 
0 1 2 3 4 5 6 7 8 9 10 11 12 13 14 15 16 17 18 30 29 28 27 26 25 24 23 22 21 20 19 31 
0 1 2 3 4 5 6 7 20 19 18 17 16 15 14 13 12 11 10 9 8 21 22 23 24 25 26 27 28 29 30 31 
0 1 2 3 11 10 9 8 7 6 5 4 12 13 14 15 16 17 18 19 20 21 22 23 24 25 26 27 28 29 30 31 
0 1 2 3 4 5 6 7 29 28 27 26 25 24 23 22 21 20 19 18 17 16 15 14 13 12 11 10 9 8 30 31 
0 1 2 3 4 5 6 7 8 9 10 11 12 13 14 15 16 17 18 29 28 27 26 25 24 23 22 21 20 19 30 31 
0 1 2 3 4 5 6 7 8 9 10 11 12 13 14 15 16 17 18 29 28 27 26 25 24 23 22 21 20 19 30 31 
0 1 2 3 4 5 6 7 8 9 10 11 12 13 14 15 16 17 18 29 28 27 26 25 24 23 22 21 20 19 30 31 
0 1 2 15 14 13 12 11 10 9 8 7 6 5 4 3 16 17 18 19 20 21 22 23 24 25 26 27 28 29 30 31 
0 1 2 3 4 5 6 7 8 9 15 14 13 18 11 10 16 17 12 19 20 21 22 23 24 25 26 27 28 29 30 31 
0 1 2 3 4 14 13 12 11 10 9 8 7 6 5 15 16 17 18 19 20 21 22 23 24 25 26 27 28 29 30 31 
0 1 2 3 4 21 20 19 18 17 16 15 14 13 12 11 10 9 8 7 6 5 22 23 24 25 26 27 28 29 30 31 
0 1 2 3 4 5 6 7 8 9 10 11 30 29 28 27 26 25 24 23 22 21 20 19 18 17 16 15 14 13 12 31 
0 1 2 3 4 5 6 7 8 9 10 27 26 25 24 23 22 21 20 19 18 17 16 15 14 13 12 11 28 29 30 31 
0 1 2 3 4 5 6 7 8 9 10 27 26 25 24 23 22 21 20 19 18 17 16 15 14 13 12 11 28 29 30 31 
0 1 2 3 4 5 6 7 8 9 10 27 26 25 24 23 22 21 20 19 18 17 16 15 14 13 12 11 28 29 30 31 
0 1 2 3 4 5 6 7 8 9 10 11 12 13 14 15 16 17 28 19 20 27 22 23 21 25 26 24 18 29 30 31 
0 1 2 3 4 5 6 7 8 9 10 11 12 13 14 15 16 17 28 19 20 27 22 23 21 25 26 24 18 29 30 31 
0 1 2 3 4 5 6 7 8 9 10 11 12 13 14 15 16 17 28 19 20 27 22 23 21 25 26 24 18 29 30 31 
0 1 2 3 4 5 6 7 8 9 10 11 12 13 14 15 16 17 28 19 20 27 22 23 21 25 26 24 18 29 30 31 
0 1 2 3 4 5 6 7 8 9 10 11 12 20 14 15 16 17 25 19 27 21 22 23 24 18 26 13 28 29 30 31 
0 1 2 3 4 5 6 7 8 9 10 11 12 13 14 15 16 17 28 19 20 27 22 23 21 25 26 24 18 29 30 31 
0 1 2 3 4 5 6 7 8 9 10 11 12 13 14 15 16 17 18 29 28 27 26 25 24 23 22 21 20 19 30 31 
0 1 2 3 4 5 6 7 8 9 10 11 12 13 26 25 24 23 22 21 20 19 18 17 16 15 14 27 28 29 30 31 
0 1 2 3 4 5 6 7 20 19 18 17 16 15 14 13 12 11 10 9 8 21 22 23 24 25 26 27 28 29 30 31 
0 1 2 3 4 5 6 7 8 9 10 22 21 20 19 18 17 16 15 14 13 12 11 23 24 25 26 27 28 29 30 31 
0 1 2 3 4 5 6 7 8 9 10 11 12 13 14 25 24 23 22 21 20 19 18 17 16 15 26 27 28 29 30 31 
0 1 2 3 4 5 6 7 8 9 10 11 12 13 14 15 16 17 18 26 25 24 23 22 21 20 19 27 28 29 30 31 
0 1 2 3 4 5 6 7 8 9 10 11 12 13 14 24 23 22 21 20 19 18 17 16 15 25 26 27 28 29 30 31 
0 28 27 26 25 24 23 22 21 20 19 18 17 16 15 14 13 12 11 1 2 3 4 5 6 7 8 9 10 29 30 31 
0 1 2 3 4 5 6 7 8 9 18 11 12 13 14 15 16 17 10 19 20 21 22 23 24 25 26 27 28 29 30 31 
0 1 2 3 4 5 6 7 8 9 24 23 22 21 20 19 18 17 16 15 14 13 12 11 10 25 26 27 28 29 30 31 
0 1 2 3 4 5 6 7 8 9 15 17 12 20 14 10 16 24 18 19 13 21 22 23 11 25 26 27 28 29 30 31 
0 1 2 3 4 5 6 7 23 22 21 20 19 18 17 16 15 14 13 12 11 10 9 8 24 25 26 27 28 29 30 31 
0 1 2 3 4 5 6 7 8 9 10 11 12 13 14 15 16 17 18 19 20 27 22 23 24 25 26 21 28 29 30 31 
0 1 2 3 4 5 6 7 8 9 10 11 12 19 14 15 16 17 18 13 20 21 22 23 24 25 26 27 28 29 30 31 
0 1 2 3 4 5 6 7 8 9 10 11 12 13 14 15 16 17 18 27 26 25 24 23 22 21 20 19 28 29 30 31 
0 1 2 3 4 5 6 7 8 15 9 11 12 13 16 10 14 17 18 19 20 21 22 23 24 25 26 27 28 29 30 31 
0 1 2 3 4 5 6 12 8 18 10 11 9 13 14 15 16 17 7 19 20 21 22 23 24 25 26 27 28 29 30 31 
0 1 2 3 4 5 6 7 8 9 10 11 12 13 14 15 16 17 18 19 20 29 28 27 26 25 24 23 22 21 30 31 
0 1 2 3 4 5 6 7 8 9 10 11 12 13 14 15 16 17 18 29 28 27 26 25 24 23 22 21 20 19 30 31 
0 1 2 3 4 5 6 7 8 9 10 11 28 22 21 20 19 18 17 16 15 14 13 12 24 25 26 27 23 29 30 31 
0 1 2 3 4 5 6 7 8 9 10 11 28 22 21 20 19 18 17 16 15 14 13 12 24 25 26 27 23 29 30 31 
0 1 2 3 4 5 6 7 8 9 10 11 12 13 14 15 16 17 18 28 22 21 20 19 24 25 26 27 23 29 30 31 
0 1 2 3 29 28 27 26 25 24 23 22 21 20 19 18 17 16 15 4 5 6 7 8 14 10 11 12 13 9 30 31 
0 1 2 3 29 28 27 26 25 24 23 22 21 20 19 18 17 16 15 4 5 6 7 8 14 10 11 12 13 9 30 31 
0 1 2 3 29 28 27 26 25 24 23 22 21 20 19 18 17 16 15 4 5 6 7 8 14 10 11 12 13 9 30 31 
0 1 2 3 4 5 6 7 8 9 10 11 12 27 26 25 24 23 22 21 20 19 18 17 16 15 14 13 28 29 30 31 
0 1 2 3 4 5 6 7 8 9 10 11 12 27 26 25 24 23 22 13 14 15 16 17 18 19 20 21 28 29 30 31 
0 1 2 3 4 5 6 7 8 9 10 11 12 13 14 15 16 17 18 29 28 27 26 25 24 23 22 21 20 19 30 31 
0 1 2 3 4 5 17 16 15 14 13 12 11 10 9 8 7 6 18 19 20 21 22 23 24 25 26 27 28 29 30 31 
0 1 2 3 4 5 17 16 15 14 13 12 11 10 9 8 7 6 18 19 20 21 22 23 24 25 26 27 28 29 30 31 
0 1 2 3 12 11 6 7 8 9 10 5 4 13 14 15 16 17 18 19 20 21 22 23 24 25 26 27 28 29 30 31 
0 1 2 3 12 11 6 7 8 9 10 5 4 13 14 15 16 17 18 19 20 21 22 23 24 25 26 27 28 29 30 31 
0 1 2 26 25 24 23 22 21 20 19 18 17 16 15 14 13 12 11 3 4 6 7 8 9 10 5 27 28 29 30 31 
0 1 2 3 4 5 6 7 8 9 26 25 24 23 22 21 20 19 18 17 16 15 14 13 12 11 10 27 28 29 30 31 
0 1 2 3 4 5 6 7 8 9 26 25 24 23 22 21 20 19 18 17 16 15 14 13 12 11 10 27 28 29 30 31 
0 1 2 3 4 5 6 7 8 9 26 25 24 23 22 21 20 19 18 17 16 15 14 13 12 11 10 27 28 29 30 31 
0 1 2 3 5 4 6 7 8 9 10 11 12 13 14 15 16 17 18 30 29 28 27 26 25 24 23 22 21 20 19 31 
0 1 2 3 5 4 6 7 8 9 10 11 12 13 14 15 16 17 18 30 29 28 27 26 25 24 23 22 21 20 19 31 
0 1 2 3 4 5 6 7 8 9 10 11 12 13 14 15 16 17 18 19 28 27 26 25 24 23 22 21 20 29 30 31 
0 1 2 3 4 5 6 7 8 9 10 11 12 13 14 15 16 17 18 30 29 28 27 26 25 24 23 22 21 20 19 31 
0 1 2 3 4 5 6 7 8 9 10 11 12 13 14 28 27 26 25 24 23 22 21 20 19 18 17 16 15 29 30 31 
0 1 2 3 4 5 6 7 8 17 10 11 12 15 13 9 16 14 18 19 20 21 22 23 24 25 26 27 28 29 30 31 
0 1 2 3 4 5 6 7 8 21 20 19 18 17 16 15 14 13 12 11 10 9 22 23 24 25 26 27 28 29 30 31 
0 1 2 3 4 5 6 7 8 9 10 11 12 13 14 15 16 17 18 26 25 24 23 22 21 20 19 27 28 29 30 31 
0 1 2 3 4 5 6 22 21 20 19 18 17 16 15 14 13 12 8 7 11 9 10 23 24 25 26 27 28 29 30 31 
