1000 0.375272
2000 0.416452
3000 0.352802
4000 0.404744
5000 0.393946
6000 0.398027
7000 0.412519
8000 0.382772
9000 0.398625
10000 0.402643
11000 0.411085
12000 0.425805
13000 0.38067
14000 0.413779
15000 0.403061
16000 0.405422
17000 0.387665
18000 0.452624
19000 0.414045
20000 0.400707
21000 0.398781
22000 0.43727
23000 0.451524
24000 0.39689
25000 0.405006
26000 0.370546
27000 0.425296
28000 0.398861
29000 0.420773
30000 0.433695
31000 0.412895
32000 0.444288
33000 0.381612
34000 0.379487
35000 0.391514
36000 0.42077
37000 0.411095
38000 0.414799
39000 0.409673
40000 0.389455
41000 0.408656
42000 0.43499
43000 0.391092
44000 0.430325
45000 0.402866
46000 0.415087
47000 0.392876
48000 0.406329
49000 0.401489
50000 0.381799
51000 0.439556
52000 0.454464
53000 0.431984
54000 0.43674
55000 0.425852
56000 0.394898
57000 0.405279
58000 0.429505
59000 0.416503
60000 0.399609
61000 0.41574
62000 0.414358
63000 0.403501
64000 0.387591
65000 0.408416
66000 0.41726
67000 0.437009
68000 0.408286
69000 0.389549
70000 0.441165
71000 0.409575
72000 0.413353
73000 0.418665
74000 0.427204
75000 0.459372
76000 0.441861
77000 0.408254
78000 0.479642
79000 0.461387
80000 0.471826
81000 0.461479
82000 0.505132
83000 0.504491
84000 0.481115
85000 0.504694
86000 0.501137
87000 0.526712
88000 0.593614
89000 0.609739
90000 0.638832
91000 0.665746
92000 0.716869
93000 0.740474
94000 0.71013
95000 0.816084
96000 0.847947
97000 0.865947
98000 1.01119
99000 1.10191
100000 1.17706
101000 1.23533
102000 1.39484
103000 1.48811
104000 1.65198
105000 1.79183
106000 1.97226
107000 2.17746
108000 2.37678
109000 2.68973
110000 2.99864
111000 3.28168
112000 3.67386
113000 4.07839
114000 4.58014
115000 5.15695
116000 5.72292
117000 6.39119
118000 7.1566
119000 8.11619
120000 9.05567
121000 10.2361
122000 11.5708
123000 13.0008
124000 14.6937
125000 16.6432
126000 18.7922
127000 21.3065
128000 24.0538
129000 27.2287
130000 30.8399
131000 34.8888
132000 39.6136
133000 44.9253
134000 51.0289
135000 58.1887
136000 66.4287
137000 75.8174
138000 86.8598
139000 99.7111
140000 115.009
141000 133.065
142000 154.965
143000 181.758
144000 216.23
145000 263.325
146000 330.706
147000 418.284
148000 548.307
149000 765.852
150000 1246.29
151000 4025.95
152000 1.83933e+06
153000 1.70635e+06
154000 1.92476e+06
155000 1.79239e+06
156000 1.64611e+06
157000 1.72115e+06
158000 1.73484e+06
159000 1.72369e+06
160000 1.80884e+06
161000 1.73843e+06
162000 1.68402e+06
163000 1.53426e+06
164000 1.78042e+06
165000 1.62275e+06
166000 1.83325e+06
167000 1.66165e+06
168000 1.80039e+06
169000 1.73517e+06
170000 1.76736e+06
171000 1.66935e+06
172000 1.93157e+06
173000 1.75498e+06
174000 1.64104e+06
175000 1.92635e+06
176000 1.80548e+06
177000 1.87112e+06
178000 1.8416e+06
179000 1.92463e+06
180000 1.63202e+06
181000 1.87486e+06
182000 1.80869e+06
183000 1.68552e+06
184000 1.66733e+06
185000 1.66764e+06
186000 1.85653e+06
187000 1.74864e+06
188000 1.85616e+06
189000 1.85792e+06
190000 1.8085e+06
191000 1.84721e+06
192000 1.87407e+06
193000 1.82795e+06
194000 1.80162e+06
195000 1.84266e+06
196000 1.82067e+06
197000 1.72939e+06
198000 1.74007e+06
199000 1.71238e+06
200000 1.69971e+06
201000 1.88228e+06
202000 1.8047e+06
203000 1.69401e+06
204000 1.65658e+06
205000 1.77466e+06
206000 1.7848e+06
207000 1.64532e+06
208000 1.75456e+06
209000 1.90691e+06
210000 1.84077e+06
211000 1.76315e+06
212000 nan
213000 nan
214000 nan
215000 nan
216000 nan
217000 nan
218000 nan
219000 nan
220000 nan
221000 nan
222000 nan
223000 nan
224000 nan
225000 nan
226000 nan
227000 nan
228000 nan
229000 nan
230000 nan
231000 nan
232000 nan
233000 nan
234000 nan
235000 nan
236000 nan
237000 nan
238000 nan
239000 nan
240000 nan
241000 nan
242000 nan
243000 nan
244000 nan
245000 nan
246000 nan
247000 nan
248000 nan
249000 nan
250000 nan
251000 nan
252000 nan
253000 nan
254000 nan
255000 nan
256000 nan
257000 nan
258000 nan
259000 nan
260000 nan
261000 nan
262000 nan
263000 nan
264000 nan
265000 nan
266000 nan
267000 nan
268000 nan
269000 nan
270000 nan
271000 nan
272000 nan
273000 nan
274000 nan
275000 nan
276000 nan
277000 nan
278000 nan
279000 nan
280000 nan
281000 nan
282000 nan
283000 nan
284000 nan
285000 nan
286000 nan
287000 nan
288000 nan
289000 nan
290000 nan
291000 nan
292000 nan
293000 nan
294000 nan
295000 nan
296000 nan
297000 nan
298000 nan
299000 nan
300000 nan
301000 nan
302000 nan
303000 nan
304000 nan
305000 nan
306000 nan
307000 nan
308000 nan
309000 nan
310000 nan
311000 nan
312000 nan
313000 nan
314000 nan
315000 nan
316000 nan
317000 nan
318000 nan
319000 nan
320000 nan
321000 nan
322000 nan
323000 nan
324000 nan
325000 nan
326000 nan
327000 nan
328000 nan
329000 nan
330000 nan
331000 nan
332000 nan
333000 nan
334000 nan
335000 nan
336000 nan
337000 nan
338000 nan
339000 nan
340000 nan
341000 nan
342000 nan
343000 nan
344000 nan
345000 nan
346000 nan
347000 nan
348000 nan
349000 nan
350000 nan
351000 nan
352000 nan
353000 nan
354000 nan
355000 nan
356000 nan
357000 nan
358000 nan
359000 nan
360000 nan
361000 nan
362000 nan
363000 nan
364000 nan
365000 nan
366000 nan
367000 nan
368000 nan
369000 nan
370000 nan
371000 nan
372000 nan
373000 nan
374000 nan
375000 nan
376000 nan
377000 nan
378000 nan
379000 nan
380000 nan
381000 nan
382000 nan
383000 nan
384000 nan
385000 nan
386000 nan
387000 nan
388000 nan
389000 nan
390000 nan
391000 nan
392000 nan
393000 nan
394000 nan
395000 nan
396000 nan
397000 nan
398000 nan
399000 nan
400000 nan
401000 nan
402000 nan
403000 nan
404000 nan
405000 nan
406000 nan
407000 nan
408000 nan
409000 nan
410000 nan
411000 nan
412000 nan
413000 nan
414000 nan
415000 nan
416000 nan
417000 nan
418000 nan
419000 nan
420000 nan
421000 nan
422000 nan
423000 nan
424000 nan
425000 nan
426000 nan
427000 nan
428000 nan
429000 nan
430000 nan
431000 nan
432000 nan
433000 nan
434000 nan
435000 nan
436000 nan
437000 nan
438000 nan
439000 nan
440000 nan
441000 nan
442000 nan
443000 nan
444000 nan
445000 nan
446000 nan
447000 nan
448000 nan
449000 nan
450000 nan
451000 nan
452000 nan
453000 nan
454000 nan
455000 nan
456000 nan
457000 nan
458000 nan
459000 nan
460000 nan
461000 nan
462000 nan
463000 nan
464000 nan
465000 nan
466000 nan
467000 nan
468000 nan
469000 nan
470000 nan
471000 nan
472000 nan
473000 nan
474000 nan
475000 nan
476000 nan
477000 nan
478000 nan
479000 nan
480000 nan
481000 nan
482000 nan
483000 nan
484000 nan
485000 nan
486000 nan
487000 nan
488000 nan
489000 nan
490000 nan
491000 nan
492000 nan
493000 nan
494000 nan
495000 nan
496000 nan
497000 nan
498000 nan
499000 nan
500000 nan
501000 nan
502000 nan
503000 nan
504000 nan
505000 nan
506000 nan
507000 nan
508000 nan
509000 nan
510000 nan
511000 nan
512000 nan
513000 nan
514000 nan
515000 nan
516000 nan
517000 nan
518000 nan
519000 nan
520000 nan
521000 nan
522000 nan
523000 nan
524000 nan
525000 nan
526000 nan
527000 nan
528000 nan
529000 nan
530000 nan
531000 nan
532000 nan
533000 nan
534000 nan
535000 nan
536000 nan
537000 nan
538000 nan
539000 nan
540000 nan
541000 nan
542000 nan
543000 nan
544000 nan
545000 nan
546000 nan
547000 nan
548000 nan
549000 nan
550000 nan
551000 nan
552000 nan
553000 nan
554000 nan
555000 nan
556000 nan
557000 nan
558000 nan
559000 nan
560000 nan
561000 nan
562000 nan
563000 nan
564000 nan
565000 nan
566000 nan
567000 nan
568000 nan
569000 nan
570000 nan
571000 nan
572000 nan
573000 nan
574000 nan
575000 nan
576000 nan
577000 nan
578000 nan
579000 nan
580000 nan
581000 nan
582000 nan
583000 nan
584000 nan
585000 nan
586000 nan
587000 nan
588000 nan
589000 nan
590000 nan
591000 nan
592000 nan
593000 nan
594000 nan
595000 nan
596000 nan
597000 nan
598000 nan
599000 nan
600000 nan
601000 nan
602000 nan
603000 nan
604000 nan
605000 nan
606000 nan
607000 nan
608000 nan
609000 nan
610000 nan
611000 nan
612000 nan
613000 nan
614000 nan
615000 nan
616000 nan
617000 nan
618000 nan
619000 nan
620000 nan
621000 nan
622000 nan
623000 nan
624000 nan
625000 nan
626000 nan
627000 nan
628000 nan
629000 nan
630000 nan
631000 nan
632000 nan
633000 nan
634000 nan
635000 nan
636000 nan
637000 nan
638000 nan
639000 nan
640000 nan
641000 nan
642000 nan
643000 nan
644000 nan
645000 nan
646000 nan
647000 nan
648000 nan
649000 nan
650000 nan
651000 nan
652000 nan
653000 nan
654000 nan
655000 nan
656000 nan
657000 nan
658000 nan
659000 nan
660000 nan
661000 nan
662000 nan
663000 nan
664000 nan
665000 nan
666000 nan
667000 nan
668000 nan
669000 nan
670000 nan
671000 nan
672000 nan
673000 nan
674000 nan
675000 nan
676000 nan
677000 nan
678000 nan
679000 nan
680000 nan
681000 nan
682000 nan
683000 nan
684000 nan
685000 nan
686000 nan
687000 nan
688000 nan
689000 nan
690000 nan
691000 nan
692000 nan
693000 nan
694000 nan
695000 nan
696000 nan
697000 nan
698000 nan
699000 nan
700000 nan
701000 nan
702000 nan
703000 nan
704000 nan
705000 nan
706000 nan
707000 nan
708000 nan
709000 nan
710000 nan
711000 nan
712000 nan
713000 nan
714000 nan
715000 nan
716000 nan
717000 nan
718000 nan
719000 nan
720000 nan
721000 nan
722000 nan
723000 nan
724000 nan
725000 nan
726000 nan
727000 nan
728000 nan
729000 nan
730000 nan
731000 nan
732000 nan
733000 nan
734000 nan
735000 nan
736000 nan
737000 nan
738000 nan
739000 nan
740000 nan
741000 nan
742000 nan
743000 nan
744000 nan
745000 nan
746000 nan
747000 nan
748000 nan
749000 nan
750000 nan
751000 nan
752000 nan
753000 nan
754000 nan
755000 nan
756000 nan
757000 nan
758000 nan
759000 nan
760000 nan
761000 nan
762000 nan
763000 nan
764000 nan
765000 nan
766000 nan
767000 nan
768000 nan
769000 nan
770000 nan
771000 nan
772000 nan
773000 nan
774000 nan
775000 nan
776000 nan
777000 nan
778000 nan
779000 nan
780000 nan
781000 nan
782000 nan
783000 nan
784000 nan
785000 nan
786000 nan
787000 nan
788000 nan
789000 nan
790000 nan
791000 nan
792000 nan
793000 nan
794000 nan
795000 nan
796000 nan
797000 nan
798000 nan
799000 nan
800000 nan
801000 nan
802000 nan
803000 nan
804000 nan
805000 nan
806000 nan
807000 nan
808000 nan
809000 nan
810000 nan
811000 nan
812000 nan
813000 nan
814000 nan
815000 nan
816000 nan
817000 nan
818000 nan
819000 nan
820000 nan
821000 nan
822000 nan
823000 nan
824000 nan
825000 nan
826000 nan
827000 nan
828000 nan
829000 nan
830000 nan
831000 nan
832000 nan
833000 nan
834000 nan
835000 nan
836000 nan
837000 nan
838000 nan
839000 nan
840000 nan
841000 nan
842000 nan
843000 nan
844000 nan
845000 nan
846000 nan
847000 nan
848000 nan
849000 nan
850000 nan
851000 nan
852000 nan
853000 nan
854000 nan
855000 nan
856000 nan
857000 nan
858000 nan
859000 nan
860000 nan
861000 nan
862000 nan
863000 nan
864000 nan
865000 nan
866000 nan
867000 nan
868000 nan
869000 nan
870000 nan
871000 nan
872000 nan
873000 nan
874000 nan
875000 nan
876000 nan
877000 nan
878000 nan
879000 nan
880000 nan
881000 nan
882000 nan
883000 nan
884000 nan
885000 nan
886000 nan
887000 nan
888000 nan
889000 nan
890000 nan
891000 nan
892000 nan
893000 nan
894000 nan
895000 nan
896000 nan
897000 nan
898000 nan
899000 nan
900000 nan
901000 nan
902000 nan
903000 nan
904000 nan
905000 nan
906000 nan
907000 nan
908000 nan
909000 nan
910000 nan
911000 nan
912000 nan
913000 nan
914000 nan
915000 nan
916000 nan
917000 nan
918000 nan
919000 nan
920000 nan
921000 nan
922000 nan
923000 nan
924000 nan
925000 nan
926000 nan
927000 nan
928000 nan
929000 nan
930000 nan
931000 nan
932000 nan
933000 nan
934000 nan
935000 nan
936000 nan
937000 nan
938000 nan
939000 nan
940000 nan
941000 nan
942000 nan
943000 nan
944000 nan
945000 nan
946000 nan
947000 nan
948000 nan
949000 nan
950000 nan
951000 nan
952000 nan
953000 nan
954000 nan
955000 nan
956000 nan
957000 nan
958000 nan
959000 nan
960000 nan
961000 nan
962000 nan
963000 nan
964000 nan
965000 nan
966000 nan
967000 nan
968000 nan
969000 nan
970000 nan
971000 nan
972000 nan
973000 nan
974000 nan
975000 nan
976000 nan
977000 nan
978000 nan
979000 nan
980000 nan
981000 nan
982000 nan
983000 nan
984000 nan
985000 nan
986000 nan
987000 nan
988000 nan
989000 nan
990000 nan
991000 nan
992000 nan
993000 nan
994000 nan
995000 nan
996000 nan
997000 nan
998000 nan
999000 nan
1000000 nan
