           1     0.00636     0.00636           0
           2    0.007608    0.006984    0.000624
           3    0.005752  0.00657333 0.000546296
           4    0.003672    0.005848 0.000821783
           5    0.005808     0.00584 0.000636601
           6    0.005072    0.005712 0.000535311
           7    0.006392  0.00580914 0.000462732
           8    0.006536      0.0059 0.000410908
           9    0.007824  0.00611378 0.000420744
          10    0.003456    0.005848 0.000460715
          11     0.00712  0.00596364 0.000432478
          12    0.005096  0.00589133 0.000401363
          13    0.007296  0.00599938 0.000384687
          14      0.0068  0.00605657 0.000360713
          15    0.004832  0.00597493 0.000345586
          16    0.005256     0.00593 0.000326374
          17    0.005048  0.00587812 0.000310934
          18    0.008184  0.00600622  0.00031992
          19    0.006256  0.00601937 0.000302899
          20     0.00884   0.0061604 0.000320099
